11 0.788909 0.638053 0.107335 0.058407
2 0.379249 0.207965 0.078712 0.090265
0 0.173524 0.371681 0.078712 0.092035
0 0.625224 0.373451 0.076923 0.088496
0 0.173524 0.206195 0.078712 0.093805
36 0.411449 0.684071 0.032200 0.023009
12 0.142218 0.605310 0.105546 0.113274
4 0.525045 0.838938 0.080501 0.092035
2 0.379249 0.373451 0.078712 0.092035
4 0.172630 0.838053 0.080501 0.093805
37 0.277281 0.607080 0.035778 0.038938
37 0.849732 0.450442 0.035778 0.037168
4 0.625224 0.687611 0.080501 0.093805
4 0.443649 0.524779 0.078712 0.090265
0 0.626118 0.206195 0.078712 0.090265
6 0.690519 0.523894 0.078712 0.092035
4 0.378354 0.604425 0.080501 0.090265
37 0.276386 0.689381 0.037567 0.037168
30 0.411544 0.093691 0.041142 0.026555