37 0.926991 0.579229 0.013274 0.023555
32 0.505162 0.282655 0.033923 0.115632
8 0.086283 0.639186 0.063422 0.096360
37 0.505900 0.922912 0.020649 0.029979
32 0.877581 0.709850 0.032448 0.117773
32 0.188791 0.510707 0.085546 0.049251
28 0.295723 0.511777 0.022124 0.059957
32 0.369469 0.679872 0.036873 0.117773
29 0.084808 0.777302 0.045723 0.034261
14 0.712389 0.416488 0.058997 0.134904
37 0.505900 0.086724 0.017699 0.027837
32 0.732301 0.254818 0.028024 0.111349
28 0.628319 0.700214 0.041298 0.029979
32 0.505162 0.739829 0.033923 0.117773
29 0.628319 0.783726 0.044248 0.034261
28 0.803835 0.579229 0.020649 0.062099
29 0.842183 0.470021 0.044248 0.032120
14 0.483776 0.514989 0.058997 0.139186
28 0.842183 0.407923 0.041298 0.027837
29 0.876844 0.850107 0.045723 0.034261
32 0.731563 0.715203 0.032448 0.115632
32 0.370206 0.332976 0.035398 0.117773