8 0.179032 0.752857 0.058065 0.105714
32 0.177419 0.602857 0.032258 0.097143
14 0.426613 0.492857 0.053226 0.134286
32 0.291129 0.294286 0.030645 0.097143
32 0.636290 0.734286 0.030645 0.097143
28 0.557258 0.755714 0.046774 0.037143
37 0.836290 0.195714 0.014516 0.025714
29 0.178226 0.874286 0.043548 0.040000
32 0.291129 0.735714 0.030645 0.100000
29 0.556452 0.872857 0.045161 0.042857
29 0.923387 0.872857 0.043548 0.042857
28 0.861290 0.592857 0.022581 0.082857
32 0.922581 0.732857 0.032258 0.094286
32 0.445968 0.735714 0.030645 0.100000
32 0.445968 0.294286 0.030645 0.097143
28 0.512903 0.397143 0.022581 0.085714
28 0.229839 0.491429 0.020968 0.080000
32 0.637097 0.294286 0.032258 0.097143
29 0.291129 0.872857 0.043548 0.042857
29 0.791129 0.872857 0.043548 0.042857
14 0.774194 0.492857 0.054839 0.140000
29 0.636290 0.872857 0.043548 0.042857
32 0.791935 0.732857 0.032258 0.100000
29 0.445968 0.872857 0.043548 0.042857