32 0.397949 0.157357 0.041992 0.042234
32 0.299805 0.763624 0.029297 0.058583
32 0.592773 0.156676 0.042969 0.040872
37 0.732422 0.510218 0.019531 0.028610
32 0.593262 0.852861 0.041992 0.040872
32 0.708496 0.854223 0.041992 0.043597
23 0.560547 0.509537 0.091797 0.138965
37 0.070312 0.127384 0.017578 0.025886
29 0.806152 0.920981 0.026367 0.027248
32 0.397949 0.854223 0.043945 0.040872
32 0.300293 0.452316 0.030273 0.057221
32 0.300781 0.565395 0.029297 0.059946
23 0.176758 0.158038 0.093750 0.141689
32 0.300293 0.255450 0.030273 0.061308
37 0.070312 0.882153 0.017578 0.025886
23 0.177734 0.854223 0.091797 0.138965