29 0.422830 0.907828 0.038585 0.037879
28 0.317524 0.455808 0.020900 0.063131
29 0.602090 0.907828 0.040193 0.037879
32 0.602894 0.325758 0.028939 0.090909
0 0.586817 0.545455 0.038585 0.101010
37 0.519293 0.108586 0.019293 0.025253
32 0.602090 0.763889 0.030547 0.088384
28 0.318328 0.654040 0.022508 0.060606
28 0.720257 0.457071 0.022508 0.065657
29 0.145498 0.909091 0.036977 0.040404
32 0.422830 0.325758 0.028939 0.090909
8 0.145498 0.761364 0.059486 0.098485
32 0.422026 0.762626 0.030547 0.090909
28 0.719453 0.652778 0.020900 0.063131
32 0.837621 0.544192 0.028939 0.093434
29 0.837621 0.906566 0.038585 0.040404