32 0.338889 0.617284 0.037037 0.103704
37 0.916667 0.274074 0.062963 0.074074
8 0.079630 0.233333 0.070370 0.091358
28 0.827778 0.311111 0.022222 0.088889
29 0.082407 0.392593 0.057407 0.044444
29 0.080556 0.738272 0.057407 0.044444
32 0.339815 0.308642 0.035185 0.098765
32 0.656481 0.234568 0.035185 0.093827
8 0.080556 0.579012 0.068519 0.091358
28 0.252778 0.501235 0.024074 0.093827
29 0.484259 0.776543 0.053704 0.046914
29 0.339815 0.776543 0.057407 0.041975
7 0.634259 0.387654 0.050000 0.093827
32 0.482407 0.270370 0.035185 0.096296
7 0.462037 0.501235 0.050000 0.093827