28 0.623675 0.638075 0.021201 0.046025
28 0.218198 0.722803 0.037102 0.027197
28 0.520318 0.497908 0.037102 0.025105
32 0.345406 0.742678 0.026502 0.062762
32 0.807420 0.800209 0.024735 0.069038
32 0.696113 0.480126 0.024735 0.064854
14 0.795936 0.637029 0.033569 0.064854
31 0.348057 0.248954 0.017668 0.054393
32 0.807420 0.422594 0.024735 0.062762
28 0.074205 0.725941 0.038869 0.033473
32 0.289753 0.392259 0.056537 0.027197
14 0.333922 0.543933 0.031802 0.062762
29 0.344523 0.965481 0.038869 0.027197
30 0.343640 0.078452 0.068905 0.018828
28 0.520318 0.762552 0.037102 0.027197