32 0.675362 0.317006 0.028986 0.072089
37 0.815654 0.129390 0.026664 0.025878
37 0.839855 0.856747 0.024638 0.024030
32 0.674638 0.759704 0.030435 0.073937
18 0.654348 0.462107 0.056522 0.099815
32 0.372464 0.766174 0.031884 0.075786
29 0.824638 0.805915 0.063768 0.048059
32 0.461594 0.278189 0.030435 0.072089
37 0.819565 0.570240 0.015942 0.020333
29 0.116667 0.804991 0.062319 0.046211
14 0.265942 0.572089 0.056522 0.101664
32 0.676087 0.190388 0.030435 0.070240
29 0.770290 0.413124 0.062319 0.046211
32 0.287681 0.280037 0.030435 0.075786
28 0.771739 0.314233 0.059420 0.033272
29 0.547101 0.719039 0.062319 0.051756
14 0.483333 0.573013 0.056522 0.099815
37 0.826881 0.700119 0.013776 0.014573
37 0.115171 0.569370 0.013804 0.021654
37 0.115452 0.680654 0.013077 0.013034