37 0.878713 0.544057 0.018152 0.022541
14 0.444912 0.800437 0.036310 0.061463
37 0.485974 0.103484 0.018152 0.022541
29 0.457096 0.442623 0.029703 0.020492
14 0.402640 0.411885 0.036304 0.061475
32 0.755776 0.725410 0.033003 0.090164
14 0.307756 0.649590 0.037954 0.061475
37 0.125413 0.411885 0.016502 0.020492
14 0.307756 0.800205 0.037954 0.063525
32 0.756601 0.216189 0.031353 0.084016
32 0.388614 0.252049 0.031353 0.081967
29 0.619637 0.690574 0.031353 0.020492
32 0.534653 0.650615 0.066007 0.038934
18 0.664191 0.365779 0.034653 0.059426
14 0.742574 0.434426 0.036304 0.061475
37 0.517327 0.941598 0.018152 0.022541
14 0.178356 0.411322 0.036296 0.061465