36 0.475207 0.633858 0.045455 0.023622
6 0.349174 0.638583 0.107438 0.105512
29 0.729339 0.975591 0.095041 0.039370
37 0.958678 0.530709 0.041322 0.031496
37 0.543388 0.855118 0.041322 0.031496
4 0.681818 0.638583 0.111570 0.105512
37 0.071281 0.747244 0.039256 0.029921
37 0.728306 0.059843 0.039256 0.031496
37 0.534091 0.422835 0.047521 0.029921
4 0.347107 0.855118 0.107438 0.103937
29 0.301653 0.975591 0.099174 0.039370
0 0.680785 0.205512 0.109504 0.102362
0 0.682851 0.420472 0.109504 0.103937
4 0.683884 0.855118 0.107438 0.103937
37 0.542894 0.205627 0.039258 0.031490
37 0.205733 0.638781 0.039246 0.031500