37 0.445833 0.905556 0.011667 0.025926
14 0.524167 0.403704 0.045000 0.125926
32 0.387500 0.161111 0.031667 0.159259
11 0.780000 0.405556 0.046667 0.040741
32 0.388333 0.644444 0.030000 0.162963
32 0.685833 0.644444 0.031667 0.162963
28 0.597500 0.500000 0.025000 0.081481
28 0.332500 0.403704 0.021667 0.081481
32 0.244167 0.405556 0.075000 0.077778
8 0.171667 0.596296 0.050000 0.111111
32 0.540833 0.642593 0.031667 0.166667
29 0.539167 0.875926 0.025000 0.033333
37 0.484118 0.595570 0.011446 0.019961
37 0.318050 0.595552 0.014842 0.018580
37 0.280043 0.902315 0.011144 0.021445