32 0.380795 0.282407 0.026490 0.163580
7 0.580298 0.560185 0.081126 0.182099
21 0.722682 0.416667 0.054636 0.098765
28 0.819536 0.632716 0.049669 0.055556
32 0.918046 0.635802 0.048013 0.166667
32 0.440397 0.604938 0.046358 0.166667
32 0.149834 0.117284 0.091060 0.086420
32 0.527318 0.287037 0.024834 0.160494
28 0.319536 0.598765 0.049669 0.055556
28 0.250000 0.331790 0.049669 0.052469
37 0.009017 0.112192 0.012013 0.025938
37 0.867054 0.884163 0.018150 0.040116
37 0.616660 0.885406 0.022862 0.037589