32 0.353704 0.354321 0.033333 0.081481
8 0.888889 0.202469 0.055556 0.074074
8 0.073148 0.667901 0.053704 0.071605
28 0.656481 0.450617 0.020370 0.071605
38 0.167593 0.533333 0.075926 0.049383
28 0.657407 0.732099 0.055556 0.027160
32 0.749074 0.606173 0.031481 0.086420
32 0.352778 0.729630 0.031481 0.081481
32 0.492593 0.729630 0.033333 0.081481
29 0.494444 0.860494 0.044444 0.032099
32 0.353704 0.171605 0.029630 0.081481
38 0.564815 0.627160 0.077778 0.049383
32 0.493519 0.354321 0.031481 0.081481
14 0.475000 0.544444 0.053704 0.111111
28 0.284259 0.543210 0.020370 0.074074