29 0.165851 0.618976 0.020663 0.023092
35 0.398858 0.255522 0.041871 0.041165
35 0.401305 0.837349 0.041327 0.040161
29 0.163404 0.877510 0.020120 0.024096
23 0.278956 0.256024 0.079391 0.140562
35 0.643556 0.368474 0.021207 0.080321
35 0.398858 0.578313 0.040783 0.040161
35 0.713703 0.730422 0.040783 0.039157
23 0.277868 0.837851 0.076128 0.141566
29 0.164220 0.295683 0.020663 0.023092
29 0.101686 0.757530 0.021751 0.023092
37 0.643556 0.296687 0.020120 0.023092
23 0.277868 0.578815 0.083741 0.143574
29 0.916499 0.601793 0.022093 0.021656
37 0.884858 0.547412 0.012822 0.010575
37 0.884312 0.579389 0.009000 0.010066
23 0.715751 0.548166 0.083185 0.143024
29 0.104145 0.501613 0.020664 0.023087
29 0.101793 0.176731 0.020665 0.023095
37 0.071335 0.126674 0.013001 0.017398
37 0.069584 0.154969 0.013001 0.017399
37 0.071943 0.448673 0.013002 0.017399
37 0.072724 0.477679 0.013004 0.017400
37 0.069585 0.705391 0.012996 0.017395
37 0.069584 0.738751 0.012993 0.017417