28 0.786392 0.369608 0.015823 0.041176
29 0.910601 0.635294 0.030063 0.019608
29 0.557753 0.957843 0.033228 0.021569
28 0.453323 0.734314 0.033228 0.021569
32 0.324367 0.654902 0.018987 0.058824
32 0.912184 0.490196 0.020570 0.058824
32 0.560127 0.297059 0.022152 0.056863
29 0.060918 0.797059 0.033228 0.021569
14 0.549842 0.451961 0.026899 0.056863
32 0.560127 0.653922 0.022152 0.060784
29 0.558544 0.041176 0.031646 0.023529
8 0.060918 0.612745 0.058544 0.072549
8 0.556962 0.823529 0.056962 0.070588
28 0.185127 0.450980 0.015823 0.043137
32 0.323576 0.297059 0.020570 0.056863
11 0.558536 0.126569 0.038024 0.050776