35 0.294444 0.713580 0.022222 0.064198
28 0.105556 0.302469 0.037037 0.017284
28 0.225926 0.395062 0.014815 0.054321
37 0.158333 0.230864 0.031481 0.027160
29 0.294444 0.786420 0.033333 0.027160
37 0.106481 0.230864 0.031481 0.027160
35 0.482407 0.324691 0.020370 0.061728
28 0.190741 0.507407 0.014815 0.051852
35 0.585185 0.324691 0.022222 0.061728
29 0.225926 0.625926 0.033333 0.027160
36 0.586111 0.396296 0.012963 0.017284
12 0.721296 0.235802 0.038889 0.051852
29 0.534259 0.762963 0.035185 0.024691
35 0.225926 0.553086 0.022222 0.064198
35 0.807407 0.439506 0.018519 0.064198
35 0.158333 0.553086 0.020370 0.064198
35 0.209442 0.189253 0.020369 0.061721
35 0.156852 0.301643 0.020371 0.061728
29 0.720784 0.306015 0.029570 0.027161
29 0.790642 0.510510 0.033336 0.027176
37 0.788987 0.371975 0.038070 0.042041
37 0.718823 0.434697 0.038084 0.048602
14 0.600259 0.483295 0.039161 0.077587
14 0.468663 0.487304 0.039144 0.077615
14 0.175368 0.391198 0.039154 0.077594
8 0.361218 0.600737 0.037064 0.049360
8 0.532126 0.690126 0.037061 0.049362
12 0.534021 0.598224 0.037048 0.049349