8 0.377863 0.737397 0.050382 0.064000
8 0.499367 0.736628 0.050381 0.065530
8 0.672519 0.750654 0.047328 0.063348
37 0.333699 0.089150 0.013734 0.017236
8 0.181679 0.766384 0.048855 0.062060
28 0.793130 0.311422 0.025954 0.015086
3 0.222901 0.359914 0.039695 0.086207
29 0.749618 0.594828 0.024427 0.021552
3 0.446565 0.359914 0.038168 0.081897
29 0.432824 0.595905 0.022901 0.019397
8 0.443511 0.887931 0.050382 0.068966
7 0.736641 0.436422 0.035115 0.084052
3 0.735878 0.158405 0.036641 0.084052
7 0.417557 0.543103 0.035115 0.081897
7 0.250382 0.540948 0.036641 0.081897
28 0.586260 0.419181 0.012214 0.036638
32 0.537405 0.418103 0.051908 0.038793
29 0.792366 0.348060 0.021374 0.019397
29 0.235878 0.594828 0.022901 0.017241
3 0.319084 0.173491 0.036641 0.084052
37 0.750561 0.102475 0.013740 0.017239
29 0.181679 0.814014 0.024427 0.021544
29 0.443592 0.936151 0.024430 0.021540
29 0.673105 0.797222 0.024422 0.021555
37 0.181812 0.726836 0.008600 0.007752
37 0.377265 0.698603 0.005517 0.009614
37 0.498837 0.697834 0.007713 0.008724
37 0.673732 0.712889 0.006611 0.005868