29 0.403704 0.737037 0.048148 0.037037
28 0.654630 0.597531 0.057407 0.029630
14 0.534259 0.434568 0.053704 0.118519
32 0.778704 0.565432 0.031481 0.088889
28 0.329630 0.432099 0.022222 0.079012
8 0.078704 0.564198 0.057407 0.076543
32 0.178704 0.432099 0.064815 0.044444
32 0.553704 0.600000 0.033333 0.088889
32 0.554630 0.265432 0.031481 0.086420
32 0.403704 0.597531 0.033333 0.088889
32 0.403704 0.297531 0.033333 0.086420
28 0.679630 0.364198 0.022222 0.076543
8 0.878704 0.430864 0.057407 0.076543