32 0.592649 0.096291 0.015106 0.058488
37 0.042670 0.450071 0.010074 0.012839
18 0.802673 0.680389 0.020251 0.048366
8 0.850453 0.086305 0.031219 0.044223
25 0.874368 0.449533 0.062436 0.085589
37 0.940979 0.450564 0.011077 0.015704
12 0.172701 0.087019 0.030212 0.042796
37 0.042460 0.527390 0.010074 0.012840
32 0.593656 0.803852 0.017120 0.061341
32 0.707956 0.853067 0.042296 0.022825
14 0.342397 0.640514 0.024169 0.048502
18 0.802618 0.219686 0.020141 0.045649
14 0.707956 0.334522 0.020141 0.047076
37 0.941088 0.851641 0.013092 0.017118
32 0.471803 0.804565 0.015106 0.059914
32 0.335851 0.095578 0.015106 0.059914
18 0.464250 0.181170 0.022155 0.048502
18 0.708963 0.567047 0.020141 0.047076
18 0.247734 0.449358 0.020141 0.048502
32 0.797080 0.803138 0.015106 0.054208
18 0.342397 0.181170 0.022155 0.048502
28 0.653575 0.278174 0.014099 0.037090
32 0.708459 0.048502 0.041289 0.019971
18 0.098187 0.448645 0.021148 0.047076
37 0.940081 0.047076 0.011078 0.017118
32 0.335347 0.804565 0.016113 0.062767
32 0.470796 0.096291 0.015106 0.058488
32 0.795569 0.096291 0.016113 0.055635
14 0.585599 0.507133 0.021148 0.047076
29 0.647717 0.969632 0.019772 0.012939
21 0.648530 0.897971 0.021237 0.027285
29 0.756479 0.487345 0.018269 0.015384
18 0.587316 0.392628 0.020143 0.047081
14 0.465674 0.645430 0.024175 0.048498
29 0.646658 0.162382 0.019768 0.012932
21 0.646420 0.094701 0.021236 0.027277
8 0.525030 0.813868 0.031226 0.044225
8 0.848543 0.815127 0.031223 0.044219