32 0.791016 0.277083 0.021094 0.073611
37 0.977734 0.419444 0.008594 0.019444
32 0.612891 0.610417 0.021094 0.073611
28 0.917188 0.395139 0.009375 0.037500
28 0.657422 0.601389 0.021094 0.016667
29 0.039453 0.550000 0.022656 0.019444
32 0.952734 0.434028 0.022656 0.056944
29 0.291406 0.548611 0.020313 0.019444
32 0.532422 0.324306 0.022656 0.073611
32 0.219922 0.322917 0.022656 0.073611
32 0.612109 0.482639 0.021094 0.076389
29 0.657031 0.642361 0.020313 0.023611
32 0.862109 0.436111 0.022656 0.075000
8 0.577755 0.085326 0.038084 0.068049
32 0.129688 0.322917 0.021875 0.073611
32 0.085547 0.626256 0.022656 0.069710
29 0.952734 0.484028 0.022656 0.023611
32 0.532422 0.435417 0.022656 0.070833
28 0.433984 0.379861 0.010156 0.037500
14 0.850781 0.329861 0.032813 0.101389
28 0.703125 0.333333 0.010937 0.038889
32 0.613281 0.277083 0.020313 0.073611
32 0.791016 0.388194 0.021094 0.073611
14 0.234375 0.444444 0.034375 0.102778
37 0.085726 0.578279 0.023816 0.022144
14 0.160802 0.731881 0.032809 0.101395
14 0.100176 0.731385 0.032808 0.101381
14 0.116301 0.444814 0.032813 0.101395
37 0.577953 0.038317 0.025093 0.023281
29 0.577278 0.945234 0.020315 0.023608
8 0.578151 0.892812 0.038088 0.068061
8 0.290641 0.497553 0.038079 0.068060
8 0.040650 0.497549 0.038086 0.068048
14 0.598330 0.378448 0.034376 0.102779