0 0.636452 0.217185 0.042904 0.069012
0 0.395000 0.219215 0.044000 0.070365
4 0.774000 0.557510 0.038000 0.067659
29 0.501500 0.987145 0.027000 0.023004
36 0.573000 0.634641 0.014000 0.016238
0 0.201500 0.150880 0.045000 0.069012
4 0.556500 0.770636 0.039000 0.071719
0 0.507500 0.219215 0.041000 0.067659
37 0.932000 0.437077 0.032000 0.027064
36 0.374500 0.554804 0.015000 0.013532
4 0.162500 0.761164 0.039000 0.071719
36 0.791000 0.635318 0.018000 0.017591
4 0.282000 0.760487 0.038000 0.070365
36 0.616000 0.330176 0.014000 0.013532
4 0.852000 0.640054 0.040000 0.070365
4 0.510500 0.440460 0.037000 0.069012
37 0.131500 0.156292 0.031000 0.028417
36 0.374500 0.329499 0.013000 0.014885
36 0.572000 0.554804 0.014000 0.016238
0 0.848500 0.219892 0.045000 0.071719
36 0.527000 0.329499 0.014000 0.014885
37 0.442500 0.768606 0.033000 0.029770
0 0.124500 0.328823 0.043000 0.073072
36 0.375000 0.435047 0.016000 0.017591
0 0.318500 0.326793 0.045000 0.071719
4 0.632500 0.439107 0.037000 0.069012
36 0.298500 0.555480 0.015000 0.014885
36 0.298287 0.433415 0.016002 0.017583
30 0.476923 0.009059 0.048570 0.018117
37 0.048867 0.331226 0.030999 0.028423
37 0.716256 0.334797 0.031999 0.027052
36 0.145124 0.434131 0.016001 0.017592