28 0.692593 0.704938 0.062963 0.032099
28 0.247222 0.556790 0.024074 0.086420
8 0.189815 0.632099 0.064815 0.083951
29 0.078704 0.376543 0.053704 0.041975
29 0.190741 0.750617 0.055556 0.039506
29 0.693519 0.823457 0.057407 0.041975
8 0.077778 0.259259 0.066667 0.088889
29 0.580556 0.823457 0.053704 0.041975
32 0.580556 0.706173 0.035185 0.098765
29 0.440741 0.824691 0.055556 0.044444
32 0.440741 0.407407 0.033333 0.093827
32 0.581481 0.407407 0.033333 0.093827
29 0.887037 0.786420 0.055556 0.041975
28 0.832407 0.482716 0.024074 0.086420
32 0.887963 0.669136 0.035185 0.103704
14 0.557407 0.558025 0.059259 0.128395
32 0.440741 0.706173 0.037037 0.093827
37 0.209474 0.520011 0.045428 0.072047
37 0.908103 0.562306 0.048568 0.073079
37 0.551353 0.228651 0.052451 0.072047
37 0.106108 0.151378 0.059515 0.074140