29 0.431891 0.847695 0.045533 0.039288
29 0.125081 0.845604 0.045529 0.039285
29 0.827605 0.280383 0.030676 0.053785
3 0.575895 0.359024 0.072860 0.140354
32 0.428636 0.693426 0.051719 0.129927
8 0.889491 0.640854 0.094399 0.120297
28 0.387826 0.412726 0.024800 0.069962
32 0.603004 0.689821 0.051726 0.129918
32 0.778088 0.687982 0.051722 0.129923
32 0.608147 0.216998 0.060595 0.129910
28 0.778976 0.278951 0.028729 0.066413
28 0.734847 0.413666 0.022581 0.082699
8 0.127559 0.666546 0.093387 0.116543
29 0.778309 0.848912 0.045537 0.039283