8 0.068519 0.517284 0.037037 0.051852
32 0.622222 0.691358 0.044444 0.029630
14 0.640741 0.388889 0.033333 0.076543
32 0.490741 0.430864 0.022222 0.056790
32 0.571296 0.106173 0.020370 0.059259
12 0.540741 0.734568 0.037037 0.046914
32 0.865741 0.387654 0.042593 0.029630
32 0.182407 0.409877 0.042593 0.029630
32 0.507407 0.300000 0.022222 0.056790
29 0.554630 0.562963 0.031481 0.024691
29 0.833333 0.324691 0.033333 0.027160
32 0.832407 0.756790 0.020370 0.056790
32 0.864815 0.582716 0.040741 0.024691
29 0.361111 0.781481 0.033333 0.027160
29 0.507407 0.367901 0.033333 0.024691
29 0.068519 0.653086 0.033333 0.032099
29 0.247222 0.801235 0.031481 0.027160
14 0.379630 0.582716 0.033333 0.079012
14 0.747222 0.388889 0.035185 0.076543
32 0.474074 0.690123 0.048148 0.032099
36 0.655556 0.192593 0.014815 0.019753
32 0.702778 0.106173 0.020370 0.059259
32 0.249074 0.581481 0.042593 0.027160
37 0.557074 0.799911 0.009776 0.012607
8 0.832008 0.171566 0.037031 0.051860
8 0.556325 0.496944 0.037022 0.051849
8 0.768380 0.691140 0.037030 0.051858
8 0.247450 0.712448 0.037044 0.051857
37 0.529883 0.238984 0.045151 0.050772
37 0.296488 0.539349 0.015099 0.015123
37 0.578851 0.431550 0.054440 0.044323
14 0.332435 0.407019 0.033349 0.076538
14 0.699477 0.582706 0.033330 0.076538
14 0.440044 0.388354 0.033345 0.076550
37 0.718327 0.688716 0.007278 0.013856
37 0.790997 0.627305 0.048259 0.040562
37 0.552360 0.689760 0.022351 0.035685