29 0.618519 0.514815 0.048148 0.037037
32 0.338889 0.612346 0.033333 0.093827
29 0.439815 0.855556 0.050000 0.037037
28 0.135185 0.444444 0.022222 0.079012
29 0.720370 0.583951 0.051852 0.037037
8 0.873148 0.476543 0.057407 0.079012
32 0.211111 0.237037 0.033333 0.088889
29 0.872222 0.585185 0.051852 0.034568
32 0.338889 0.237037 0.033333 0.088889
28 0.465741 0.341975 0.020370 0.081481
8 0.720370 0.476543 0.055556 0.079012
32 0.211111 0.613580 0.037037 0.096296
32 0.619444 0.408642 0.031481 0.086420
32 0.440741 0.613580 0.033333 0.091358
14 0.318519 0.444444 0.055556 0.123457
28 0.439815 0.749383 0.057407 0.027160
37 0.889367 0.379952 0.035240 0.063649
37 0.561728 0.315552 0.046989 0.070580
37 0.406395 0.309022 0.053531 0.064505
37 0.359734 0.109750 0.055477 0.071455
37 0.068958 0.410879 0.039175 0.066144
37 0.744142 0.379091 0.052868 0.065344