4 0.359551 0.749155 0.077047 0.099662
4 0.523274 0.456081 0.077047 0.097973
36 0.556180 0.269426 0.030498 0.021959
29 0.128411 0.728041 0.070626 0.043919
0 0.524077 0.567568 0.078652 0.097973
29 0.642857 0.559122 0.069021 0.040541
29 0.555377 0.967061 0.032103 0.032095
0 0.360353 0.566723 0.078652 0.096284
37 0.817817 0.511824 0.030498 0.033784
12 0.554575 0.181588 0.117175 0.123311
4 0.723917 0.750845 0.077047 0.103041
12 0.554575 0.838682 0.113965 0.119932
36 0.555377 0.744088 0.028892 0.021959
4 0.361156 0.456081 0.077047 0.101351
29 0.956661 0.561655 0.067416 0.042230
0 0.723917 0.273649 0.080257 0.097973
37 0.555377 0.055743 0.028892 0.033784
0 0.360353 0.273649 0.078652 0.101351
12 0.128411 0.603041 0.118780 0.121622