18 0.531720 0.415761 0.042552 0.070095
32 0.322695 0.805155 0.024823 0.059794
32 0.435284 0.541237 0.023050 0.059794
32 0.227837 0.728866 0.051418 0.026804
32 0.847518 0.689691 0.024823 0.059794
32 0.548759 0.277320 0.023050 0.059794
29 0.676418 0.227835 0.033688 0.022680
29 0.435284 0.918557 0.037234 0.026804
11 0.094858 0.801031 0.033688 0.030928
21 0.682624 0.500000 0.039007 0.039175
11 0.676837 0.140943 0.033683 0.030937
21 0.437846 0.195784 0.039003 0.039157
21 0.437314 0.308795 0.039000 0.039193
14 0.420584 0.728837 0.039649 0.072224