8 0.175249 0.609977 0.068106 0.090703
32 0.447674 0.599773 0.024917 0.079365
32 0.654485 0.731293 0.023256 0.074830
32 0.654485 0.252834 0.023256 0.074830
28 0.780731 0.730159 0.043189 0.027211
32 0.447674 0.339002 0.024917 0.074830
11 0.049003 0.478458 0.044850 0.058957
28 0.821429 0.349206 0.021595 0.054422
29 0.652824 0.878685 0.036545 0.029478
29 0.446844 0.879819 0.036545 0.031746
28 0.312292 0.479592 0.023256 0.056689
37 0.860433 0.348861 0.007188 0.012348
14 0.643642 0.479700 0.034496 0.070606