35 0.226395 0.676664 0.060795 0.046105
29 0.372294 0.961894 0.045322 0.044484
28 0.836382 0.234967 0.043211 0.031244
28 0.767139 0.231125 0.043218 0.031227
37 0.664381 0.123923 0.026258 0.039406
37 0.801456 0.123924 0.024013 0.038393
35 0.373985 0.247123 0.021663 0.090705
14 0.354404 0.673840 0.044415 0.113184
3 0.541123 0.195224 0.058362 0.098316
35 0.923852 0.247593 0.022887 0.092133
37 0.269237 0.109890 0.025610 0.036876
35 0.374225 0.493083 0.021642 0.090746
37 0.096926 0.616466 0.021885 0.031315
35 0.286408 0.793494 0.021647 0.090683