30 0.544084 0.047564 0.048724 0.016241
29 0.379350 0.309745 0.090487 0.048724
8 0.046404 0.704176 0.083527 0.085847
7 0.516241 0.498840 0.067285 0.088167
32 0.541763 0.769142 0.039443 0.127610
32 0.540603 0.229698 0.041763 0.129930
30 0.378190 0.046404 0.051044 0.018561
32 0.873550 0.686775 0.039443 0.129930
8 0.377030 0.167053 0.085847 0.083527
32 0.335267 0.767981 0.044084 0.129930
28 0.230858 0.500000 0.039443 0.076566
28 0.766821 0.375870 0.039443 0.078886
29 0.336427 0.969838 0.088167 0.046404
37 0.901339 0.375378 0.027293 0.029384