7 0.486028 0.747630 0.037924 0.063981
8 0.135729 0.848341 0.039920 0.047393
29 0.927146 0.514218 0.041916 0.028436
32 0.929142 0.389810 0.021956 0.054502
32 0.502994 0.350711 0.023952 0.066351
32 0.225549 0.748815 0.055888 0.028436
32 0.502994 0.572275 0.023952 0.068720
29 0.501996 0.832938 0.041916 0.026066
29 0.137725 0.963270 0.043912 0.030806
3 0.733533 0.265403 0.057884 0.061611
11 0.501996 0.120853 0.041916 0.033175
37 0.968147 0.390495 0.024061 0.030623
21 0.719670 0.205928 0.025913 0.027969
29 0.500665 0.025163 0.047511 0.029227
37 0.397627 0.797995 0.027994 0.024167