21 0.393293 0.511538 0.042683 0.053846
28 0.298018 0.183654 0.044207 0.028846
32 0.903201 0.460577 0.041159 0.113462
21 0.369665 0.062500 0.041159 0.055769
32 0.299543 0.875962 0.041159 0.113462
31 0.529726 0.503846 0.089939 0.038462
21 0.766006 0.422115 0.044207 0.051923
21 0.369665 0.303846 0.044207 0.057692
37 0.243902 0.684615 0.015244 0.019231
8 0.052591 0.492308 0.059451 0.073077
14 0.284886 0.684044 0.033947 0.073011
37 0.408338 0.093976 0.013881 0.018140
37 0.409055 0.338730 0.012465 0.015719
21 0.330794 0.684887 0.035252 0.036946