32 0.401454 0.379169 0.051992 0.152999
37 0.912539 0.388753 0.036384 0.049587
37 0.917743 0.512324 0.041560 0.037417
37 0.636214 0.084341 0.040719 0.038292
37 0.402315 0.271096 0.039841 0.040883
37 0.103892 0.551756 0.037254 0.036529
37 0.105182 0.671830 0.051956 0.043516
28 0.798402 0.388518 0.038687 0.086461
28 0.263249 0.552922 0.046143 0.104013
28 0.530837 0.784122 0.089812 0.050156
29 0.094862 0.883934 0.120585 0.047862
29 0.345466 0.883871 0.130743 0.047105
29 0.615057 0.955676 0.122732 0.048588
29 0.909004 0.631302 0.124760 0.053282
32 0.361316 0.706270 0.051990 0.153022
32 0.635650 0.774055 0.051981 0.153019
14 0.605023 0.553237 0.112598 0.118364
32 0.630998 0.204927 0.057404 0.146629