28 0.873333 0.471125 0.023333 0.121581
28 0.151667 0.579027 0.023333 0.124620
32 0.301667 0.360182 0.036667 0.136778
32 0.633333 0.360182 0.033333 0.136778
14 0.610000 0.582067 0.060000 0.191489
8 0.692500 0.141337 0.068333 0.118541
28 0.752500 0.799392 0.068333 0.042553
29 0.632500 0.971125 0.058333 0.057751
29 0.753333 0.205167 0.053333 0.057751
32 0.301667 0.802432 0.036667 0.139818
29 0.302500 0.972644 0.058333 0.054711
32 0.632500 0.802432 0.035000 0.139818
29 0.752500 0.972644 0.055000 0.054711
37 0.029323 0.534156 0.058646 0.111278
37 0.965514 0.418337 0.068971 0.105347