29 0.061776 0.486111 0.036036 0.037879
29 0.923423 0.852273 0.029601 0.032828
32 0.957529 0.651515 0.015444 0.080808
28 0.821750 0.718434 0.029601 0.042929
31 0.758687 0.459792 0.045045 0.037876
29 0.709781 0.885101 0.032175 0.032828
37 0.960039 0.453035 0.025611 0.058576
28 0.249035 0.575758 0.029601 0.035354
29 0.612613 0.968434 0.030888 0.037879
28 0.666732 0.473485 0.016345 0.053030
29 0.360360 0.385101 0.036036 0.037879
28 0.923423 0.690657 0.032175 0.037879
32 0.531532 0.792929 0.015444 0.070707
29 0.248391 0.869949 0.033462 0.032828
38 0.666023 0.811869 0.019305 0.073232
29 0.821750 0.875000 0.032175 0.037879
32 0.216860 0.338384 0.014157 0.075758
29 0.530245 0.906566 0.033462 0.040404
29 0.299228 0.973485 0.034749 0.037879
32 0.612613 0.756313 0.012870 0.073232
29 0.124839 0.772727 0.030888 0.035354
29 0.958816 0.856061 0.025740 0.030303
28 0.400901 0.556818 0.024453 0.058081
32 0.300515 0.835859 0.014157 0.075758
28 0.249678 0.722222 0.030888 0.035354
31 0.606121 0.349576 0.018397 0.090267
14 0.605382 0.556581 0.043818 0.085362
14 0.291745 0.473278 0.043806 0.085345
31 0.875606 0.469781 0.045053 0.037892
28 0.359626 0.292316 0.028755 0.028001
28 0.124506 0.587139 0.028980 0.045450
11 0.062281 0.343082 0.029776 0.050134
37 0.496586 0.344667 0.054116 0.048204
28 0.710890 0.654502 0.027904 0.033444