32 0.187963 0.516049 0.072222 0.049383
29 0.619444 0.196296 0.050000 0.037037
32 0.456481 0.730864 0.035185 0.093827
32 0.456481 0.370370 0.031481 0.088889
14 0.543519 0.554321 0.057407 0.125926
35 0.863889 0.733333 0.031481 0.098765
28 0.674074 0.732099 0.062963 0.032099
29 0.511111 0.885185 0.051852 0.041975
32 0.567593 0.371605 0.031481 0.091358
28 0.700000 0.480247 0.022222 0.081481
32 0.564815 0.732099 0.033333 0.091358
8 0.104630 0.695062 0.061111 0.081481
28 0.349074 0.551852 0.024074 0.086420
11 0.560818 0.154952 0.077018 0.085301
37 0.255565 0.485556 0.046328 0.076562
37 0.886498 0.628318 0.054846 0.071456