37 0.861111 0.645588 0.020947 0.067647
0 0.406193 0.641176 0.043716 0.152941
37 0.775501 0.507353 0.019126 0.067647
37 0.686248 0.370588 0.019126 0.064706
0 0.253188 0.357353 0.041894 0.155882
37 0.949454 0.507353 0.019126 0.067647
4 0.091530 0.366176 0.042805 0.150000
4 0.730874 0.639706 0.044627 0.155882
4 0.563752 0.360294 0.043716 0.155882
30 0.268670 0.175000 0.032787 0.038235
37 0.052823 0.369118 0.020036 0.061765
4 0.091075 0.642647 0.043716 0.155882
37 0.688069 0.645588 0.020947 0.067647
37 0.519126 0.638235 0.020036 0.070588
0 0.903916 0.639706 0.042805 0.155882
30 0.921220 0.175000 0.030055 0.038235
37 0.455373 0.508824 0.020036 0.064706
37 0.297814 0.502941 0.020036 0.064706
37 0.611566 0.501471 0.019126 0.067647
0 0.904827 0.361765 0.042805 0.158824
37 0.861566 0.370588 0.020036 0.064706
37 0.214481 0.638235 0.020947 0.064706
0 0.252732 0.635294 0.040984 0.147059
4 0.731785 0.364706 0.044627 0.152941
37 0.364299 0.372059 0.020036 0.067647
29 0.503188 0.951471 0.044627 0.073529
37 0.138889 0.510294 0.020947 0.067647
0 0.562386 0.630882 0.042805 0.155882
4 0.406648 0.366176 0.042805 0.155882
37 0.045520 0.841039 0.017305 0.058838
37 0.986741 0.841051 0.017306 0.058836
30 0.748711 0.172812 0.030059 0.038231
30 0.574002 0.176341 0.030059 0.038221
30 0.523772 0.179871 0.030053 0.038224
30 0.425506 0.174585 0.030059 0.038230
30 0.107217 0.174578 0.030048 0.038216