35 0.372549 0.093418 0.018301 0.076433
28 0.366667 0.560510 0.011765 0.042463
35 0.630719 0.377919 0.019608 0.076433
28 0.167320 0.509554 0.013072 0.055202
29 0.192810 0.685775 0.016993 0.016985
35 0.247712 0.681529 0.016993 0.072187
21 0.229610 0.284297 0.031505 0.042872
35 0.543791 0.505308 0.047059 0.029724
37 0.809804 0.504246 0.011765 0.019108
21 0.373203 0.178344 0.022222 0.033970
28 0.179095 0.276008 0.037129 0.021231
35 0.505882 0.557325 0.018301 0.074310
29 0.754248 0.717622 0.033987 0.021231
36 0.420915 0.502123 0.028758 0.027601
35 0.473203 0.728238 0.018301 0.076433
14 0.618301 0.254777 0.026144 0.072187
35 0.287582 0.682590 0.018301 0.074310
37 0.139869 0.507431 0.010458 0.016985
35 0.583007 0.577495 0.018301 0.076433
28 0.507190 0.650743 0.031373 0.019108
35 0.190196 0.574310 0.016993 0.074310
35 0.315686 0.043524 0.048366 0.031847
29 0.582353 0.323779 0.022222 0.036093
37 0.791503 0.041401 0.011765 0.019108
35 0.752288 0.558386 0.019608 0.076433
35 0.420915 0.342887 0.020915 0.078556
14 0.691503 0.305732 0.026144 0.072187
29 0.581699 0.386412 0.020915 0.033970
29 0.507190 0.685775 0.026144 0.021231
14 0.254248 0.216561 0.024837 0.072187
35 0.634641 0.768577 0.019608 0.080679
35 0.227451 0.114650 0.018301 0.076433
14 0.416993 0.731423 0.023529 0.065817
14 0.413725 0.617834 0.024837 0.067941
28 0.751634 0.647558 0.026144 0.021231
35 0.264706 0.408705 0.019608 0.074310
29 0.228758 0.351380 0.020915 0.023355
28 0.373203 0.782378 0.011765 0.040340
18 0.458433 0.211693 0.028783 0.074821
18 0.294867 0.513965 0.028788 0.074795
37 0.807904 0.886407 0.012149 0.019242
36 0.587248 0.504594 0.013756 0.046895
36 0.474293 0.785783 0.028768 0.027608
18 0.626177 0.662692 0.028775 0.074817
14 0.691645 0.636688 0.024302 0.074826
18 0.233070 0.513971 0.028800 0.074785