37 0.880348 0.256857 0.030236 0.022670
37 0.297833 0.975813 0.039417 0.024459
28 0.764870 0.862436 0.100816 0.038283
28 0.687977 0.258285 0.052765 0.096083
28 0.203507 0.406579 0.047334 0.081454
32 0.569188 0.144231 0.056998 0.130798
32 0.329850 0.215581 0.056996 0.130794
32 0.806523 0.402053 0.057021 0.130839
32 0.565818 0.636649 0.057007 0.130817
32 0.371000 0.705819 0.057004 0.130881
32 0.567396 0.859208 0.057030 0.130822
14 0.525778 0.402884 0.116131 0.218068
29 0.805573 0.572054 0.072566 0.048864
37 0.258328 0.031466 0.035737 0.022674
37 0.097394 0.408378 0.035739 0.025236