29 0.080556 0.764198 0.053704 0.041975
29 0.437963 0.577778 0.053704 0.039506
32 0.878704 0.502469 0.031481 0.091358
29 0.548148 0.835802 0.055556 0.041975
32 0.548148 0.722222 0.033333 0.096296
28 0.712963 0.428395 0.022222 0.081481
28 0.327778 0.390123 0.022222 0.083951
28 0.602778 0.646914 0.020370 0.083951
8 0.080556 0.648148 0.061111 0.081481
8 0.492593 0.171605 0.062963 0.081481
29 0.877778 0.614815 0.051852 0.039506
14 0.528704 0.466667 0.053704 0.123457
29 0.658333 0.835802 0.053704 0.041975
32 0.658333 0.722222 0.031481 0.096296
32 0.135185 0.390123 0.070370 0.049383
29 0.410185 0.140741 0.050000 0.039506
32 0.437037 0.464198 0.033333 0.098765
32 0.437037 0.318519 0.033333 0.093827
32 0.549074 0.318519 0.031481 0.093827