37 0.077000 0.900980 0.026000 0.021569
29 0.895000 0.148039 0.046000 0.021569
32 0.364000 0.370588 0.032000 0.066667
28 0.710000 0.771569 0.052000 0.025490
37 0.853000 0.900980 0.022000 0.021569
37 0.874000 0.360784 0.016000 0.019608
32 0.364000 0.209804 0.032000 0.070588
32 0.548000 0.191176 0.032000 0.068627
28 0.740000 0.361765 0.024000 0.052941
14 0.515000 0.501961 0.038000 0.070588
28 0.170000 0.500980 0.024000 0.049020
32 0.508000 0.793137 0.032000 0.072549
32 0.365000 0.673529 0.034000 0.068627
37 0.078000 0.500980 0.016000 0.017647
29 0.506000 0.949020 0.048000 0.023529
11 0.854444 0.120887 0.053024 0.067104