32 0.747899 0.301394 0.037815 0.041812
37 0.007878 0.560976 0.015756 0.027875
2 0.842437 0.299652 0.060924 0.094077
37 0.152836 0.800523 0.017857 0.033101
0 0.169643 0.294425 0.061975 0.097561
28 0.556197 0.529617 0.043067 0.031359
37 0.946954 0.633275 0.017857 0.033101
0 0.918067 0.297909 0.060924 0.094077
2 0.603466 0.295296 0.059874 0.092334
4 0.415966 0.565331 0.058824 0.092334
4 0.117122 0.564460 0.059874 0.090592
0 0.363445 0.295296 0.063025 0.095819
37 0.868697 0.632404 0.018908 0.031359
32 0.267332 0.301394 0.036765 0.041812
28 0.346639 0.423345 0.016807 0.083624
4 0.238445 0.801394 0.060924 0.094077
29 0.554097 0.640244 0.030462 0.026132
28 0.790441 0.232578 0.030462 0.022648
30 0.389483 0.159343 0.033053 0.026968
30 0.869316 0.162373 0.033057 0.026995
30 0.631101 0.161500 0.033061 0.026970
30 0.706130 0.162372 0.033057 0.026997
30 0.791658 0.161502 0.033063 0.026964
29 0.266379 0.946267 0.069089 0.030242
29 0.487191 0.644211 0.029853 0.031176
2 0.676770 0.295216 0.059868 0.092340