37 0.296949 0.925287 0.013559 0.018062
0 0.606441 0.350985 0.094237 0.142036
4 0.373559 0.785714 0.084068 0.146141
4 0.611864 0.785304 0.086102 0.145320
0 0.380678 0.352217 0.096949 0.142857
4 0.374576 0.583744 0.083390 0.141215
29 0.492203 0.965107 0.055593 0.036946
37 0.990362 0.147103 0.012411 0.015736
4 0.862686 0.399756 0.118165 0.092688
30 0.342698 0.257539 0.049238 0.024109
30 0.647974 0.256896 0.049235 0.024108
37 0.938951 0.035369 0.013568 0.016796
4 0.776292 0.641611 0.118165 0.092682
37 0.069278 0.035199 0.014966 0.015611
37 0.016257 0.146998 0.010399 0.016615
37 0.072833 0.799249 0.028150 0.031912
30 0.861033 0.679565 0.024438 0.133144
37 0.690357 0.929258 0.019662 0.028816
4 0.609691 0.580203 0.086098 0.145321
4 0.143003 0.441101 0.115088 0.092675
4 0.217507 0.644114 0.115087 0.092679
30 0.131147 0.683340 0.024433 0.133147
37 0.939812 0.798268 0.016553 0.030078