0 0.328757 0.370155 0.041908 0.073643
29 0.310694 0.917636 0.060694 0.040698
32 0.029624 0.794574 0.030347 0.081395
30 0.311416 0.282946 0.053468 0.023256
0 0.752890 0.432171 0.043353 0.077519
30 0.910405 0.047481 0.054913 0.017442
28 0.839595 0.560078 0.054913 0.027132
4 0.295520 0.810078 0.041908 0.077519
29 0.617052 0.776163 0.054913 0.036822
4 0.187139 0.811047 0.041908 0.075581
21 0.909682 0.513566 0.033237 0.042636
30 0.768786 0.282946 0.054913 0.019380
4 0.753613 0.687016 0.041908 0.075581
0 0.046243 0.137597 0.043353 0.073643
0 0.752168 0.558140 0.041908 0.073643
0 0.435694 0.372093 0.041908 0.073643
0 0.893786 0.200581 0.044798 0.075581
4 0.752168 0.811047 0.041908 0.075581
29 0.169798 0.918605 0.056358 0.038760
30 0.453035 0.284884 0.053468 0.027132
30 0.171243 0.051357 0.050578 0.029070
29 0.455202 0.918605 0.060694 0.038760
0 0.152457 0.137597 0.041908 0.069767
4 0.468208 0.811047 0.043353 0.075581
30 0.031069 0.052326 0.047688 0.031008
4 0.893064 0.623062 0.040462 0.075581
8 0.616830 0.686366 0.053460 0.071723
29 0.030347 0.917636 0.054913 0.036822
29 0.910405 0.918605 0.057803 0.042636
29 0.769509 0.917636 0.056358 0.036822
36 0.453472 0.438570 0.021383 0.014706
37 0.978852 0.449309 0.013080 0.026306
36 0.171258 0.204562 0.020433 0.016689
21 0.911661 0.389218 0.033236 0.042630