32 0.388021 0.251429 0.031250 0.097143
14 0.371094 0.574286 0.049479 0.085714
37 0.035156 0.572857 0.023438 0.025714
32 0.769531 0.250000 0.033854 0.100000
37 0.955729 0.360000 0.020833 0.022857
28 0.503906 0.465714 0.033854 0.068571
14 0.752604 0.465714 0.046875 0.085714
29 0.386719 0.722857 0.080729 0.051429
37 0.585938 0.048571 0.020833 0.022857
28 0.130208 0.575714 0.026042 0.065714
32 0.592448 0.781429 0.096354 0.042857
29 0.769531 0.602857 0.080729 0.045714
32 0.585938 0.251429 0.036458 0.097143
32 0.191406 0.751429 0.033854 0.102857
21 0.244792 0.574286 0.031250 0.057143
29 0.188802 0.902857 0.080729 0.051429