35 0.209703 0.579727 0.084507 0.061503
7 0.275430 0.197039 0.056338 0.116173
31 0.443662 0.211845 0.035994 0.159453
8 0.087637 0.723235 0.075117 0.107062
28 0.931925 0.330296 0.123631 0.050114
28 0.777778 0.326879 0.053208 0.034169
29 0.660407 0.941913 0.056338 0.038724
21 0.517214 0.545558 0.032864 0.043280
35 0.136933 0.235763 0.082942 0.061503
29 0.089202 0.944191 0.056338 0.043280
21 0.387324 0.193622 0.042254 0.059226
28 0.660407 0.329157 0.053208 0.043280
37 0.354460 0.056948 0.023474 0.036446
7 0.441315 0.541002 0.062598 0.111617
37 0.560250 0.381549 0.025039 0.034169