0 0.511943 0.148750 0.052548 0.102500
35 0.606688 0.558750 0.031847 0.082500
0 0.084395 0.706250 0.054140 0.102500
0 0.508758 0.705000 0.052548 0.105000
23 0.362261 0.333750 0.081210 0.127500
29 0.638535 0.905000 0.025478 0.030000
35 0.013535 0.563750 0.027070 0.082500
0 0.292994 0.148750 0.050955 0.102500
0 0.245223 0.705000 0.057325 0.105000
30 0.434713 0.015000 0.057325 0.030000
35 0.271497 0.562500 0.030255 0.085000
35 0.535032 0.560000 0.028662 0.085000
0 0.851115 0.147500 0.052548 0.105000
4 0.851115 0.706250 0.052548 0.107500
0 0.131369 0.151250 0.052548 0.102500
35 0.343153 0.561250 0.030255 0.082500
28 0.366242 0.111250 0.028662 0.027500