28 0.787799 0.686126 0.044162 0.050824
29 0.937874 0.864698 0.055389 0.037088
32 0.703219 0.342033 0.050150 0.057692
37 0.662051 0.504808 0.017216 0.031593
2 0.175898 0.217720 0.047904 0.108516
0 0.290045 0.338599 0.047156 0.108516
4 0.174775 0.771978 0.045659 0.104396
12 0.026946 0.515797 0.053892 0.100275
0 0.854790 0.338599 0.044910 0.105769
0 0.600674 0.509615 0.045659 0.101648
0 0.045284 0.217033 0.048653 0.107143
28 0.786302 0.433379 0.042665 0.050824
32 0.703219 0.771291 0.050150 0.059066
28 0.936751 0.739011 0.044162 0.049451
0 0.420659 0.509615 0.046407 0.107143
37 0.734656 0.545330 0.032186 0.049451
37 0.200225 0.486264 0.033683 0.049451
37 0.983907 0.623626 0.017216 0.032967
4 0.854790 0.771978 0.044910 0.101648
4 0.601048 0.768544 0.044910 0.103022
4 0.421033 0.769231 0.045659 0.104396
0 0.491392 0.217720 0.047156 0.105769
6 0.291807 0.773140 0.045663 0.104387