31 0.232456 0.969355 0.055556 0.035484
21 0.729532 0.604839 0.026316 0.054839
31 0.231725 0.019355 0.054094 0.032258
8 0.085526 0.204839 0.057018 0.125806
8 0.026316 0.625806 0.052632 0.122581
28 0.832602 0.238710 0.030702 0.045161
21 0.482456 0.659677 0.026316 0.054839
38 0.398392 0.240323 0.021930 0.074194
21 0.872807 0.245161 0.026316 0.058065
38 0.398392 0.654839 0.021930 0.077419
28 0.442251 0.658065 0.033626 0.045161
28 0.442982 0.238710 0.032164 0.045161
21 0.535088 0.606452 0.026316 0.058065
21 0.323830 0.027419 0.024854 0.048387
21 0.325292 0.837097 0.024854 0.054839
28 0.932749 0.419355 0.032164 0.045161
21 0.482456 0.245161 0.023392 0.051613
38 0.788012 0.237097 0.023392 0.074194
8 0.141082 0.624194 0.051170 0.119355
38 0.788012 0.653226 0.020468 0.074194
12 0.588450 0.870968 0.057018 0.122581
21 0.873538 0.659677 0.027778 0.061290
28 0.833333 0.656452 0.032164 0.048387
21 0.325292 0.974194 0.024854 0.051613
31 0.231725 0.833871 0.054094 0.041935