14 0.385833 0.573846 0.058333 0.181538
29 0.406667 0.827692 0.050000 0.055385
29 0.327500 0.975385 0.048333 0.049231
32 0.618333 0.181538 0.030000 0.116923
18 0.705833 0.381538 0.055000 0.172308
7 0.917500 0.526154 0.045000 0.116923
32 0.248333 0.575385 0.073333 0.061538
29 0.937500 0.778462 0.048333 0.055385
32 0.327500 0.770769 0.031667 0.126154
32 0.513333 0.378462 0.070000 0.061538
29 0.725000 0.927692 0.050000 0.052308
32 0.725000 0.675385 0.033333 0.126154
37 0.058824 0.532226 0.117647 0.084174
37 0.805489 0.045805 0.061043 0.091610