29 0.868381 0.821637 0.027231 0.021442
14 0.562784 0.498051 0.042360 0.072125
37 0.496218 0.056530 0.021180 0.023392
28 0.690620 0.378168 0.016641 0.046784
28 0.682300 0.647173 0.036309 0.023392
8 0.078669 0.676413 0.066566 0.085770
29 0.077912 0.821637 0.028744 0.021442
37 0.984115 0.378168 0.016641 0.023392
32 0.868381 0.600390 0.033283 0.085770
29 0.403933 0.821637 0.030257 0.021442
32 0.169440 0.497076 0.069592 0.042885
32 0.403177 0.255361 0.037821 0.097466
32 0.577912 0.654971 0.033283 0.093567
28 0.295764 0.497076 0.016641 0.046784
29 0.682300 0.821637 0.030257 0.021442
32 0.403177 0.650097 0.037821 0.095517
37 0.577156 0.818713 0.019667 0.023392
32 0.579425 0.257310 0.036309 0.093567