35 0.276552 0.703195 0.044598 0.162704
4 0.805702 0.417533 0.148415 0.163447
29 0.499540 0.934250 0.100690 0.063150
4 0.611954 0.693165 0.107586 0.209510
0 0.600460 0.365899 0.117701 0.211738
4 0.173887 0.504163 0.139957 0.168801
35 0.716322 0.618871 0.045977 0.160475
37 0.307816 0.851783 0.013333 0.024517
0 0.386897 0.360698 0.123678 0.211738
4 0.377701 0.683135 0.104368 0.213224
37 0.917725 0.209529 0.013333 0.021541
37 0.683678 0.849926 0.014713 0.026746
37 0.277190 0.830836 0.013333 0.021552
37 0.715831 0.750175 0.013332 0.021538
37 0.060453 0.853425 0.013330 0.021545
37 0.060558 0.206096 0.013332 0.021546
37 0.062260 0.087111 0.013333 0.021546
37 0.914183 0.087597 0.013331 0.021551
37 0.918118 0.856772 0.013336 0.021546
30 0.333521 0.202569 0.043758 0.032640
30 0.658685 0.200647 0.043753 0.032632