21 0.667428 0.180172 0.054287 0.087931
21 0.670218 0.741379 0.052765 0.087931
28 0.850837 0.725431 0.070015 0.057759
14 0.609082 0.743534 0.048199 0.111207
28 0.261035 0.250000 0.070523 0.056897
37 0.919077 0.955603 0.019787 0.033621
37 0.091324 0.055603 0.019280 0.033621
37 0.919077 0.467241 0.018772 0.032759
28 0.261289 0.684914 0.067986 0.056034
14 0.609843 0.182328 0.047692 0.111207
37 0.092339 0.880172 0.019280 0.032759
31 0.785388 0.452586 0.086251 0.050000
37 0.572090 0.744320 0.006070 0.016018
37 0.443557 0.597130 0.009223 0.011173
14 0.446338 0.408317 0.069374 0.083366
14 0.441902 0.534038 0.069377 0.083368
37 0.447840 0.339989 0.009224 0.011168
37 0.573184 0.185565 0.009225 0.016465