32 0.436879 0.477027 0.025532 0.148649
37 0.914184 0.514865 0.012766 0.024324
32 0.580142 0.817568 0.079433 0.056757
32 0.436879 0.682432 0.025532 0.148649
32 0.791489 0.816216 0.079433 0.054054
32 0.774468 0.141892 0.082270 0.056757
32 0.579433 0.141892 0.078014 0.056757
23 0.780142 0.512162 0.139007 0.289189
37 0.065957 0.072973 0.015603 0.027027
32 0.437589 0.272973 0.029787 0.151351
23 0.263830 0.814865 0.139007 0.294595
29 0.881560 0.962162 0.026950 0.037838
37 0.064539 0.883784 0.015603 0.032432
23 0.263121 0.144595 0.137589 0.289189