29 0.267188 0.942387 0.059375 0.057613
29 0.614062 0.938272 0.059375 0.057613
32 0.267188 0.191358 0.040625 0.176955
32 0.489063 0.195473 0.040625 0.176955
32 0.267188 0.757202 0.046875 0.189300
32 0.492188 0.728395 0.046875 0.189300
28 0.617188 0.726337 0.078125 0.045267
29 0.804688 0.927984 0.059375 0.061728
28 0.128125 0.456790 0.031250 0.098765
14 0.460938 0.452675 0.084375 0.164609
28 0.585938 0.316872 0.028125 0.090535
37 0.903125 0.316872 0.025000 0.032922
29 0.490625 0.925926 0.062500 0.057613
32 0.806250 0.606996 0.043750 0.193416
37 0.034375 0.456790 0.012500 0.024691
37 0.706010 0.066062 0.025004 0.032944
37 0.167831 0.065607 0.025019 0.032922