28 0.721359 0.398907 0.029126 0.103825
4 0.488350 0.505464 0.106796 0.147541
29 0.694175 0.912568 0.056311 0.049180
32 0.321359 0.754098 0.048544 0.098361
32 0.511650 0.274590 0.044660 0.095628
29 0.323301 0.911202 0.056311 0.046448
28 0.693204 0.759563 0.073786 0.043716
32 0.860194 0.631148 0.046602 0.098361
32 0.511650 0.755464 0.048544 0.101093
37 0.131068 0.506831 0.021359 0.030055
29 0.512621 0.911202 0.058252 0.046448
28 0.224272 0.506831 0.033010 0.112022
29 0.858252 0.912568 0.054369 0.049180
37 0.800000 0.400273 0.019417 0.030055
37 0.509709 0.158470 0.021359 0.032787