4 0.595781 0.567227 0.106043 0.152941
32 0.620296 0.751261 0.025086 0.077311
32 0.437856 0.746218 0.027366 0.077311
8 0.084949 0.676471 0.039909 0.058824
37 0.931015 0.431933 0.017104 0.023529
29 0.083808 0.905042 0.053592 0.038655
32 0.197263 0.564706 0.052452 0.036975
28 0.319840 0.568067 0.014823 0.047059
29 0.892816 0.908403 0.031927 0.021849
28 0.704105 0.764706 0.046750 0.030252
29 0.618016 0.907563 0.043330 0.030252
30 0.619726 0.136975 0.074116 0.028571
32 0.620296 0.332773 0.025086 0.073950
28 0.766249 0.436134 0.018244 0.062185
32 0.892816 0.604202 0.025086 0.078992
29 0.433865 0.893277 0.042189 0.028571