14 0.378000 0.545322 0.048000 0.119883
28 0.821000 0.745614 0.086000 0.052632
29 0.075000 0.856725 0.038000 0.122807
28 0.539000 0.745614 0.086000 0.052632
32 0.679000 0.254386 0.058000 0.146199
14 0.660000 0.453216 0.048000 0.116959
37 0.730000 0.374269 0.020000 0.029240
37 0.396000 0.074561 0.020000 0.026316
32 0.188000 0.543860 0.056000 0.146199
32 0.395000 0.345029 0.054000 0.146199
32 0.679000 0.745614 0.054000 0.146199
32 0.395000 0.745614 0.054000 0.146199
37 0.677852 0.851806 0.010310 0.019252