14 0.540605 0.510817 0.065287 0.156250
32 0.407643 0.689904 0.038217 0.125000
29 0.484076 0.933894 0.047771 0.036058
32 0.199045 0.503606 0.089172 0.055288
28 0.674363 0.635817 0.023885 0.069712
28 0.312102 0.506010 0.022293 0.069712
37 0.480892 0.146635 0.022293 0.028846
37 0.878981 0.634615 0.019108 0.028846
32 0.562102 0.747596 0.035032 0.125000
8 0.089172 0.647837 0.066879 0.103365
29 0.804140 0.931490 0.047771 0.036058
32 0.406051 0.335337 0.035032 0.122596
32 0.804936 0.756010 0.036624 0.127404
29 0.087580 0.802885 0.047771 0.038462