28 0.719472 0.383000 0.036304 0.102000
29 0.150990 0.592000 0.064356 0.048000
14 0.502475 0.528000 0.113861 0.136000
32 0.849835 0.604000 0.049505 0.100000
32 0.355611 0.843000 0.051155 0.094000
29 0.528878 0.949000 0.067657 0.050000
32 0.527228 0.291000 0.054455 0.102000
32 0.528878 0.843000 0.051155 0.094000
37 0.527228 0.155000 0.024752 0.030000
29 0.356436 0.949000 0.069307 0.050000
28 0.245050 0.755000 0.034653 0.102000
29 0.850660 0.730000 0.067657 0.048000
32 0.357261 0.341000 0.051155 0.098000
37 0.794554 0.382000 0.021452 0.028000
28 0.245050 0.529000 0.034653 0.102000
37 0.117162 0.754000 0.023102 0.032000