32 0.805085 0.538557 0.047081 0.097015
29 0.708098 0.910448 0.060264 0.044776
32 0.541431 0.752488 0.050847 0.097015
32 0.361582 0.751244 0.048964 0.094527
29 0.804143 0.689055 0.060264 0.044776
32 0.360640 0.355721 0.050847 0.099502
29 0.360640 0.910448 0.058380 0.044776
32 0.540490 0.293532 0.052731 0.099502
29 0.542373 0.910448 0.060264 0.044776
8 0.117702 0.776119 0.107345 0.144279
14 0.517891 0.507463 0.109228 0.139303
29 0.116761 0.912935 0.060264 0.044776
28 0.272128 0.508706 0.035782 0.106965
28 0.718456 0.385572 0.032015 0.104478
28 0.707156 0.748756 0.080979 0.044776
37 0.540490 0.156716 0.022599 0.029851
32 0.116761 0.601990 0.052731 0.099502
37 0.771186 0.383085 0.020716 0.029851