37 0.878893 0.293532 0.027682 0.039801
32 0.548443 0.184080 0.031142 0.119403
37 0.679931 0.062189 0.031142 0.044776
32 0.309689 0.186567 0.031142 0.114428
32 0.313149 0.713930 0.031142 0.094527
29 0.555363 0.940299 0.086505 0.059701
8 0.121107 0.666667 0.055363 0.079602
28 0.669550 0.708955 0.051903 0.044776
28 0.216263 0.492537 0.038062 0.069652
32 0.553633 0.718905 0.027682 0.084577
32 0.804498 0.417910 0.038062 0.129353
28 0.717993 0.288557 0.031142 0.079602
29 0.816609 0.853234 0.089965 0.064677
14 0.523428 0.451038 0.139436 0.367648