6 0.271948 0.797319 0.033483 0.091483
36 0.457125 0.683360 0.011025 0.016562
0 0.471009 0.295741 0.035525 0.089905
36 0.546345 0.682965 0.010617 0.017350
4 0.531646 0.796924 0.032666 0.090694
0 0.258881 0.191246 0.033483 0.092271
6 0.154961 0.528391 0.034708 0.091483
36 0.367497 0.683754 0.010617 0.017350
4 0.443038 0.527603 0.034300 0.091483
0 0.554716 0.190063 0.035525 0.091483
37 0.030421 0.685726 0.006942 0.011830
0 0.183136 0.111987 0.034708 0.091483
36 0.456921 0.109227 0.013067 0.022871
4 0.902960 0.653097 0.033037 0.093655
36 0.457330 0.795347 0.010617 0.016562
4 0.229073 0.527208 0.034300 0.090694
36 0.367905 0.109621 0.011433 0.017350
36 0.456921 0.881309 0.010617 0.014984
36 0.367497 0.881309 0.009800 0.014984
0 0.088424 0.687901 0.030583 0.091074
0 0.353614 0.297319 0.035933 0.089905
36 0.244794 0.393533 0.010208 0.015773
4 0.847724 0.654916 0.033115 0.091637
4 0.056942 0.686914 0.030992 0.089894
36 0.457125 0.188486 0.011842 0.018927
36 0.546754 0.881309 0.008983 0.014984
36 0.244181 0.110016 0.013067 0.018139
4 0.691098 0.528785 0.035525 0.089117
36 0.169865 0.393927 0.009800 0.014984
4 0.382401 0.527603 0.034708 0.091483
36 0.367701 0.795741 0.011025 0.015773
4 0.582891 0.526814 0.034708 0.089905
36 0.568599 0.109621 0.012658 0.020505
0 0.663128 0.111593 0.036750 0.093849
36 0.676864 0.451113 0.011433 0.017352
37 0.962285 0.655560 0.006942 0.011829
37 0.875066 0.592906 0.006941 0.011825
37 0.610566 0.529238 0.006942 0.011832
37 0.244750 0.798986 0.006943 0.011827
37 0.748406 0.529751 0.006940 0.011826
37 0.787695 0.654686 0.006942 0.011831
37 0.829950 0.749110 0.006941 0.011830
37 0.919581 0.748530 0.006940 0.011830
29 0.243937 0.060423 0.038860 0.018889
29 0.367793 0.058916 0.038861 0.018900
29 0.457226 0.059917 0.038860 0.018888
29 0.568830 0.058918 0.038860 0.018895
29 0.286915 0.942320 0.038861 0.018886
29 0.367490 0.942317 0.038863 0.018888
29 0.456924 0.942821 0.038860 0.018886
29 0.546363 0.944333 0.038861 0.018890
0 0.814851 0.656422 0.031412 0.094267
37 0.114955 0.687427 0.006941 0.011832
0 0.935798 0.652899 0.031413 0.094266
36 0.367838 0.188146 0.011431 0.017351
37 0.038488 0.529312 0.006941 0.011830
36 0.324343 0.188144 0.011436 0.017354
36 0.366826 0.641074 0.011436 0.017347
37 0.038949 0.396788 0.006940 0.011827
36 0.457001 0.641913 0.011434 0.017344
36 0.286974 0.881938 0.011432 0.017348
37 0.931544 0.345721 0.006943 0.011834