32 0.137394 0.270335 0.036827 0.167464
29 0.137394 0.710526 0.042493 0.043062
32 0.477337 0.162679 0.127479 0.066986
37 0.970255 0.492823 0.019830 0.028708
32 0.692635 0.846890 0.121813 0.066986
29 0.344193 0.581340 0.048159 0.043062
21 0.135977 0.490431 0.039660 0.071770
23 0.494334 0.430622 0.184136 0.220096
23 0.804533 0.490431 0.181303 0.215311
29 0.822946 0.935407 0.048159 0.043062
21 0.230878 0.490431 0.042493 0.071770
37 0.692766 0.805056 0.023950 0.038840
37 0.577180 0.260707 0.022996 0.034734
37 0.514580 0.843084 0.024979 0.032248
37 0.886807 0.323098 0.027437 0.030570
37 0.198570 0.051163 0.026824 0.040472
37 0.563778 0.715331 0.022515 0.036378