29 0.434959 0.945264 0.039102 0.029520
0 0.769648 0.225400 0.032520 0.057196
37 0.221835 0.705412 0.010840 0.018450
2 0.119628 0.227860 0.035617 0.058426
2 0.904568 0.225707 0.033682 0.057811
0 0.487224 0.324416 0.034456 0.055966
0 0.968835 0.225400 0.033682 0.055966
4 0.372242 0.835178 0.032907 0.056581
2 0.259195 0.342251 0.034456 0.058426
37 0.446767 0.835178 0.012389 0.018450
0 0.079172 0.521525 0.035230 0.057811
4 0.372048 0.703875 0.033295 0.055966
37 0.222997 0.525523 0.012389 0.017835
4 0.768293 0.833641 0.033682 0.055966
0 0.180991 0.522755 0.034456 0.055351
7 0.768680 0.651599 0.034456 0.054736
4 0.555943 0.577798 0.034069 0.055966
30 0.442509 0.133456 0.038715 0.020910
4 0.488966 0.835793 0.033295 0.055351
4 0.967867 0.741697 0.035617 0.056581
0 0.489741 0.483087 0.034069 0.057196
4 0.556136 0.741082 0.032907 0.056581
0 0.366628 0.483395 0.033295 0.055351
4 0.286876 0.834563 0.032520 0.055351
6 0.258227 0.706335 0.033295 0.057196
37 0.036973 0.525523 0.012776 0.017835
4 0.432636 0.575031 0.032907 0.055351
2 0.259001 0.228782 0.034843 0.060271
37 0.696864 0.520295 0.013163 0.019680
0 0.829655 0.224477 0.034069 0.056581
0 0.653504 0.393911 0.034843 0.058426
0 0.373403 0.339483 0.033682 0.057811
37 0.212156 0.340713 0.013163 0.019680
4 0.846883 0.737700 0.035230 0.055966
37 0.067944 0.230320 0.012776 0.017835
2 0.371854 0.226630 0.035230 0.059656
2 0.555556 0.229090 0.034843 0.057196
6 0.654194 0.650684 0.036102 0.056580