7 0.866875 0.953279 0.035000 0.057502
3 0.870548 0.109198 0.038436 0.061361
35 0.170313 0.779425 0.021875 0.058401
6 0.425625 0.439353 0.033750 0.059299
3 0.838975 0.692913 0.037936 0.059303
3 0.284562 0.237760 0.039884 0.058403
7 0.962812 0.953279 0.033125 0.057502
3 0.351875 0.691824 0.035000 0.057502
28 0.953438 0.401617 0.024375 0.016173
28 0.546875 0.302785 0.025000 0.016173
35 0.845625 0.237197 0.041250 0.032345
28 0.759940 0.236748 0.012619 0.035040
37 0.297622 0.695479 0.003135 0.006175
3 0.472851 0.692023 0.039696 0.057503
35 0.058438 0.222821 0.021875 0.062893
14 0.050000 0.424528 0.028750 0.056604
7 0.309375 0.439353 0.033750 0.057502
3 0.671554 0.109160 0.039127 0.059386
37 0.536306 0.695554 0.005642 0.006976
3 0.353839 0.108950 0.040456 0.062258
35 0.626250 0.265499 0.043750 0.031447
35 0.168750 0.438904 0.023750 0.061995
3 0.708125 0.692722 0.036250 0.057502
35 0.169687 0.880503 0.021875 0.059299
7 0.872500 0.396226 0.035000 0.059299
35 0.975313 0.749326 0.021875 0.061096
7 0.673438 0.352650 0.034375 0.058401
3 0.589375 0.692273 0.036250 0.058401
3 0.053125 0.664870 0.032500 0.057502
37 0.773324 0.694849 0.003108 0.005815
3 0.234757 0.693601 0.037379 0.057501
3 0.183902 0.108266 0.040705 0.058401
3 0.153635 0.665280 0.037434 0.060641
37 0.796120 0.695331 0.002425 0.004459
3 0.451502 0.236748 0.040504 0.058401
3 0.592434 0.821781 0.037390 0.057502
3 0.352801 0.822133 0.037390 0.057497
3 0.235056 0.822484 0.037382 0.057507
29 0.575973 0.939098 0.022790 0.013202
29 0.457498 0.939444 0.022786 0.013210
29 0.338529 0.939445 0.022785 0.013204
29 0.219329 0.940151 0.022787 0.013208
29 0.040274 0.939446 0.022788 0.013212
30 0.686272 0.023841 0.022786 0.013212
30 0.397568 0.023932 0.023248 0.013607
30 0.367983 0.023856 0.022785 0.013204
30 0.168715 0.024418 0.029320 0.018027
3 0.708470 0.821430 0.038835 0.057501
3 0.840310 0.824110 0.038841 0.057508
37 0.120381 0.923850 0.004637 0.006904
37 0.417015 0.695649 0.003137 0.006170
37 0.654799 0.694762 0.005652 0.006988
37 0.915285 0.623455 0.005650 0.006978
37 0.954212 0.523783 0.005652 0.006981
35 0.615330 0.582318 0.042090 0.033572
37 0.098849 0.423527 0.004061 0.005597
3 0.473955 0.822484 0.037381 0.057502