37 0.860693 0.419708 0.070783 0.047445
2 0.221386 0.305657 0.042169 0.089416
29 0.075756 0.900429 0.055126 0.020309
4 0.252259 0.802007 0.034639 0.089416
4 0.367470 0.801095 0.033133 0.087591
4 0.546687 0.803832 0.033133 0.085766
2 0.539910 0.304745 0.043675 0.087591
37 0.865211 0.611314 0.070783 0.047445
4 0.366717 0.677007 0.031627 0.087591
0 0.095633 0.166058 0.043675 0.087591
0 0.360693 0.358577 0.043675 0.085766
2 0.222139 0.165146 0.043675 0.085766
4 0.253012 0.675182 0.033133 0.087591
4 0.545181 0.545620 0.033133 0.087591
4 0.545934 0.676095 0.031627 0.085766
37 0.862199 0.731752 0.070783 0.047445
0 0.360693 0.218066 0.043675 0.085766
30 0.079066 0.063869 0.058735 0.021898
37 0.862199 0.481752 0.070783 0.047445
12 0.076054 0.584854 0.085843 0.100365
0 0.735693 0.302920 0.043675 0.087591
2 0.539910 0.166971 0.043675 0.085766
0 0.735693 0.165146 0.043675 0.085766
4 0.741717 0.675182 0.031627 0.087591
4 0.742470 0.800182 0.033133 0.085766
37 0.861446 0.227190 0.072289 0.049270
0 0.094880 0.304745 0.045181 0.087591