4 0.435915 0.584369 0.043799 0.099467
37 0.163439 0.377442 0.021669 0.040853
0 0.870908 0.785968 0.054403 0.103020
4 0.093361 0.707371 0.042877 0.102131
4 0.567773 0.795293 0.042877 0.103908
37 0.940756 0.305062 0.019825 0.041741
4 0.436607 0.795737 0.041494 0.104796
4 0.291840 0.794849 0.042416 0.103020
4 0.793453 0.338366 0.051637 0.095915
4 0.566621 0.587478 0.045182 0.103908
0 0.565237 0.135435 0.047948 0.100355
4 0.865606 0.196714 0.046565 0.107460
21 0.187183 0.184281 0.054403 0.095027
0 0.564085 0.291741 0.052098 0.102131
4 0.291148 0.580373 0.044721 0.105684
0 0.288843 0.136323 0.047487 0.098579
0 0.477409 0.291297 0.052098 0.103020
4 0.723375 0.596359 0.045182 0.105684
0 0.476717 0.134103 0.047948 0.099467
4 0.724527 0.794405 0.042877 0.107460
37 0.523724 0.586991 0.004732 0.008420
37 0.679289 0.593887 0.004728 0.008415
37 0.393017 0.583469 0.004731 0.008425
37 0.703101 0.304577 0.019827 0.041747
37 0.075642 0.542002 0.004730 0.008423
21 0.847960 0.641745 0.054406 0.095025
37 0.163391 0.051630 0.021665 0.040856
37 0.247783 0.578333 0.004731 0.008422