32 0.591973 0.700000 0.010033 0.042202
32 0.659699 0.315596 0.008361 0.040367
18 0.214047 0.200000 0.015050 0.055046
32 0.435619 0.261468 0.015050 0.027523
32 0.764632 0.576147 0.009197 0.040367
37 0.980351 0.047706 0.024247 0.025688
32 0.408445 0.905505 0.009197 0.042202
32 0.868311 0.430275 0.010870 0.042202
32 0.191054 0.904587 0.009197 0.040367
32 0.694816 0.575229 0.008361 0.042202
32 0.324415 0.110092 0.010033 0.040367
32 0.351171 0.812844 0.013378 0.022018
32 0.079431 0.506422 0.013378 0.018349
32 0.289298 0.506422 0.015050 0.022018
32 0.659281 0.698165 0.009197 0.042202
32 0.505853 0.666972 0.008361 0.045872
32 0.128763 0.570642 0.010033 0.036697
32 0.435201 0.967890 0.014214 0.023853
37 0.016722 0.507339 0.021739 0.023853
28 0.099916 0.568807 0.012542 0.014679
32 0.436214 0.751863 0.015700 0.020319
32 0.659281 0.430275 0.009197 0.038532
28 0.253763 0.650459 0.012542 0.023853
18 0.402592 0.200000 0.014214 0.051376
29 0.040970 0.646789 0.010033 0.020183
18 0.689381 0.753211 0.014214 0.053211
32 0.505853 0.322936 0.008361 0.040367
32 0.166388 0.111927 0.013378 0.044037
32 0.253344 0.565138 0.008361 0.040367
32 0.693980 0.429358 0.008361 0.040367
32 0.624582 0.437615 0.010033 0.042202
32 0.436037 0.046678 0.015886 0.022622
32 0.589883 0.316514 0.009197 0.038532
18 0.168060 0.201835 0.015050 0.055046
32 0.504599 0.445872 0.009197 0.040367
32 0.219482 0.111009 0.009197 0.042202
29 0.128763 0.647706 0.010033 0.018349
32 0.553512 0.431193 0.008361 0.040367
32 0.729933 0.699083 0.008361 0.044037
32 0.589883 0.699083 0.009197 0.040367
32 0.554766 0.584404 0.009197 0.042202
18 0.758779 0.753211 0.015886 0.056881
32 0.834030 0.575229 0.009197 0.042202
28 0.464136 0.859746 0.013299 0.014868
28 0.904264 0.648624 0.012542 0.016514
32 0.729097 0.315596 0.008361 0.040367
32 0.729097 0.430275 0.010033 0.038532
32 0.833612 0.429358 0.010033 0.036697
28 0.381271 0.783486 0.013378 0.018349
32 0.763796 0.429358 0.009197 0.040367
14 0.759964 0.262924 0.014215 0.053208
14 0.829396 0.261129 0.014217 0.053205
18 0.549949 0.753575 0.014214 0.053215
14 0.196055 0.815943 0.014541 0.058435
14 0.158200 0.506388 0.014537 0.058442
37 0.981412 0.384216 0.023469 0.024228
18 0.829402 0.750574 0.014211 0.053212
37 0.981234 0.508057 0.023470 0.024235
37 0.980918 0.630309 0.023474 0.024247
32 0.904304 0.564454 0.010036 0.040367
32 0.624488 0.576726 0.010035 0.040374
37 0.980861 0.967331 0.023479 0.024265
31 0.937903 0.502020 0.014508 0.018370
32 0.799163 0.315444 0.010033 0.040356
21 0.436002 0.341378 0.014370 0.022589
28 0.380307 0.231271 0.012541 0.014678
14 0.224294 0.508441 0.014541 0.058440
28 0.351886 0.357148 0.012541 0.014691
32 0.191303 0.546252 0.016906 0.021279
32 0.463761 0.343532 0.010035 0.040370
32 0.408384 0.105287 0.010035 0.040365
32 0.798819 0.431601 0.009200 0.040361
37 0.016587 0.568505 0.021742 0.023866
14 0.550192 0.263279 0.014213 0.053212
14 0.403310 0.815103 0.014539 0.058441
14 0.620113 0.261131 0.014218 0.053206
14 0.689712 0.260783 0.014218 0.053201
18 0.619671 0.751334 0.014216 0.053210
32 0.323401 0.754070 0.010034 0.040362
14 0.469874 0.447067 0.014545 0.058428
28 0.463943 0.155506 0.012920 0.014679
28 0.379897 0.106452 0.013128 0.018667
29 0.254669 0.719403 0.010037 0.018354
21 0.324339 0.853304 0.014382 0.022574
21 0.323658 0.920956 0.014388 0.022591
21 0.289321 0.885219 0.017362 0.026580
29 0.904652 0.719543 0.010269 0.017451
32 0.799135 0.698464 0.010036 0.040361
29 0.953140 0.719810 0.010267 0.017450
29 0.100104 0.647223 0.010037 0.020184