0 0.189628 0.175420 0.075851 0.157563
4 0.405573 0.431723 0.077399 0.149160
30 0.828173 0.026261 0.049536 0.014706
4 0.233746 0.759454 0.074303 0.153361
0 0.339783 0.175420 0.082043 0.157563
30 0.372291 0.023109 0.051084 0.033613
37 0.173375 0.759454 0.012384 0.014706
30 0.157121 0.023109 0.051084 0.029412
4 0.560771 0.757993 0.074303 0.153375
4 0.794118 0.381303 0.077399 0.153361
0 0.794892 0.577731 0.078947 0.155462
32 0.465170 0.284664 0.069659 0.039916
29 0.591331 0.928571 0.046440 0.037815
30 0.686533 0.011555 0.051084 0.023109
29 0.265480 0.927521 0.047988 0.035714
0 0.624613 0.579832 0.078947 0.159664
37 0.465170 0.428571 0.010836 0.021008
28 0.544118 0.283613 0.026316 0.079832
0 0.654025 0.160714 0.082043 0.153361
4 0.121517 0.428571 0.072755 0.155462
4 0.624613 0.372899 0.078947 0.149160
37 0.065015 0.429622 0.015480 0.018908
29 0.825851 0.923319 0.047988 0.044118
37 0.888545 0.484244 0.018576 0.018908
37 0.499167 0.757616 0.012384 0.014716