18 0.538953 0.337474 0.030651 0.074534
32 0.643040 0.152174 0.014049 0.047619
37 0.941252 0.082816 0.010217 0.016563
32 0.914432 0.374741 0.012771 0.049689
32 0.686462 0.853002 0.014049 0.049689
32 0.227969 0.151139 0.014049 0.049689
18 0.854406 0.567288 0.030651 0.078675
32 0.242018 0.853002 0.014049 0.049689
14 0.761370 0.469979 0.028487 0.078675
32 0.416347 0.469979 0.012771 0.049689
32 0.551086 0.851967 0.014049 0.047619
18 0.653895 0.337474 0.028097 0.074534
14 0.107280 0.355072 0.028097 0.076605
37 0.932950 0.909938 0.011494 0.014493
18 0.355683 0.560041 0.029374 0.076605
28 0.666028 0.553830 0.014049 0.043478
14 0.563857 0.762940 0.029374 0.072464
32 0.254789 0.151139 0.014049 0.049689
14 0.351642 0.822681 0.030132 0.078664
14 0.718327 0.397108 0.029247 0.077859
14 0.807152 0.599379 0.045977 0.051760
32 0.913793 0.511387 0.011494 0.049689
32 0.728608 0.520704 0.014049 0.047619
32 0.643040 0.853002 0.014049 0.049689
14 0.761175 0.758799 0.028097 0.072464
14 0.675607 0.640787 0.028097 0.072464
32 0.378672 0.695652 0.029374 0.024845
14 0.266284 0.460987 0.029374 0.076398
28 0.596424 0.468944 0.012771 0.043478
14 0.217752 0.458592 0.029374 0.076605
28 0.597701 0.406832 0.012771 0.043478
14 0.405437 0.763600 0.029996 0.075706
32 0.551724 0.151139 0.015326 0.049689
15 0.575990 0.650104 0.028097 0.078675
32 0.416986 0.850932 0.014049 0.049689
14 0.816731 0.756729 0.029374 0.072464
14 0.252292 0.765806 0.030018 0.077429
18 0.741379 0.640787 0.029374 0.072464
32 0.343550 0.472050 0.012771 0.049689
18 0.404215 0.560041 0.029374 0.076605
18 0.157088 0.356108 0.028097 0.074534
14 0.853390 0.318119 0.030129 0.077231
32 0.607918 0.853002 0.012771 0.049689
32 0.773308 0.288820 0.014049 0.047619
28 0.138570 0.152174 0.026820 0.022774
14 0.902299 0.248351 0.029374 0.078483
14 0.630268 0.761905 0.029374 0.070393
14 0.475734 0.820911 0.029374 0.072464
32 0.862069 0.851967 0.012771 0.047619
14 0.902937 0.757764 0.030651 0.074534
20 0.749681 0.141822 0.030651 0.080745
37 0.935421 0.435850 0.010216 0.014493
4 0.476495 0.617714 0.029916 0.070189
37 0.052852 0.050725 0.010212 0.014493
37 0.059576 0.259644 0.010217 0.014492
37 0.064591 0.462167 0.010228 0.014492
37 0.803928 0.057134 0.010216 0.014501
37 0.490647 0.056821 0.010212 0.014481