4 0.297039 0.463316 0.039479 0.088966
29 0.362508 0.959272 0.052614 0.047949
4 0.755460 0.738590 0.040371 0.091854
4 0.653210 0.273541 0.040371 0.093010
28 0.639477 0.567880 0.018862 0.088966
36 0.547154 0.265453 0.021509 0.024841
4 0.866810 0.181687 0.033422 0.090699
37 0.481138 0.465049 0.015884 0.025419
4 0.866810 0.738013 0.034745 0.091854
4 0.428855 0.179665 0.033752 0.086655
37 0.911648 0.466205 0.017207 0.028885
4 0.532263 0.741479 0.037392 0.090699
37 0.248842 0.465338 0.015222 0.025997
4 0.428855 0.461872 0.033091 0.086077
4 0.195590 0.739973 0.036067 0.087807
15 0.347452 0.740324 0.038385 0.090699
4 0.530443 0.381571 0.036400 0.087233
4 0.295334 0.181687 0.037392 0.089544
36 0.414295 0.374928 0.019193 0.020797
37 0.059232 0.042461 0.010589 0.019064
4 0.194541 0.462161 0.039645 0.091277
4 0.788551 0.273830 0.037723 0.094743
4 0.193250 0.180820 0.037062 0.091277
4 0.653872 0.739457 0.039709 0.091277
37 0.059714 0.883018 0.017208 0.028882