4 0.286000 0.430962 0.068000 0.083682
4 0.391000 0.702929 0.070000 0.083682
0 0.537000 0.166318 0.090000 0.081590
4 0.668000 0.701883 0.072000 0.085774
4 0.255109 0.274059 0.074219 0.083682
0 0.110000 0.164226 0.092000 0.081590
4 0.840000 0.701883 0.072000 0.085774
0 0.829000 0.164226 0.086000 0.081590
0 0.827703 0.271967 0.088594 0.079498
4 0.175000 0.519874 0.070000 0.081590
4 0.391000 0.589958 0.070000 0.079498
0 0.676000 0.269874 0.088000 0.083682
0 0.537000 0.269874 0.090000 0.079498
4 0.838000 0.589958 0.068000 0.079498
29 0.145000 0.611925 0.038000 0.018828
29 0.316000 0.498954 0.024000 0.014644
21 0.009000 0.275105 0.018000 0.035565
32 0.869000 0.811715 0.042000 0.092050
0 0.399000 0.271967 0.090000 0.083682
4 0.524000 0.702929 0.068000 0.083682
4 0.669000 0.589958 0.070000 0.083682
29 0.596000 0.956067 0.052000 0.025105
0 0.678000 0.166318 0.084000 0.081590
4 0.528000 0.589958 0.068000 0.083682
29 0.282000 0.337866 0.024000 0.014644
0 0.109000 0.270921 0.082000 0.081590
37 0.943632 0.222724 0.029571 0.030726
0 0.400000 0.165272 0.088000 0.083682
37 0.946251 0.371087 0.029556 0.030731
37 0.946106 0.516096 0.029570 0.030736
37 0.946210 0.645917 0.029547 0.030757