35 0.764706 0.798969 0.032941 0.077320
35 0.824706 0.603093 0.068235 0.030928
14 0.705882 0.452320 0.032941 0.069588
14 0.118824 0.603093 0.035294 0.072165
14 0.257647 0.713918 0.035294 0.072165
14 0.640000 0.800258 0.042353 0.074742
14 0.468235 0.801546 0.037647 0.072165
35 0.558824 0.911082 0.030588 0.074742
14 0.681176 0.097938 0.035294 0.067010
14 0.383529 0.713918 0.037647 0.072165
14 0.662353 0.603093 0.035294 0.072165
37 0.884706 0.963918 0.032941 0.036082
28 0.317647 0.500000 0.032941 0.025773
14 0.116471 0.806701 0.035294 0.077320
35 0.650588 0.234536 0.025882 0.072165
20 0.570588 0.228093 0.035294 0.069588
35 0.764706 0.536082 0.032941 0.077320
35 0.765882 0.234536 0.030588 0.072165
35 0.649412 0.911082 0.028235 0.074742
18 0.384706 0.315722 0.035294 0.069588
35 0.457647 0.201031 0.030588 0.072165
28 0.140000 0.541237 0.025882 0.030928
37 0.885882 0.045103 0.030588 0.033505
14 0.468235 0.601804 0.032941 0.069588
35 0.691765 0.234536 0.028235 0.072165
18 0.258824 0.400773 0.037647 0.074742
14 0.070588 0.711340 0.032941 0.072165
14 0.752941 0.904639 0.037647 0.072165
37 0.885882 0.600515 0.030588 0.036082
14 0.548908 0.601304 0.037741 0.075237
15 0.549517 0.800939 0.037628 0.072172
14 0.258831 0.910009 0.035281 0.072172
35 0.199166 0.542998 0.068233 0.030937