32 0.897033 0.443218 0.010471 0.047319
28 0.301047 0.055994 0.017452 0.017350
28 0.922775 0.934543 0.016579 0.014196
32 0.265707 0.931388 0.011344 0.048896
32 0.695899 0.562303 0.009599 0.045741
32 0.433246 0.710568 0.011344 0.026814
32 0.116928 0.059937 0.010471 0.044164
28 0.537958 0.620662 0.016579 0.017350
32 0.432810 0.399054 0.010471 0.047319
32 0.896597 0.547319 0.009599 0.044164
32 0.817627 0.932177 0.012216 0.050473
28 0.335951 0.055205 0.015707 0.015773
37 0.963548 0.021293 0.006418 0.014196
18 0.891361 0.614353 0.013089 0.036278
14 0.814136 0.836751 0.015707 0.039432
15 0.375556 0.674898 0.012215 0.033124
14 0.577430 0.542501 0.012218 0.038659
14 0.691099 0.317823 0.013962 0.036278
28 0.755672 0.488959 0.017452 0.018927
32 0.064572 0.429022 0.010471 0.047319
32 0.580716 0.056782 0.011344 0.050473
32 0.432373 0.800473 0.009599 0.026814
32 0.432373 0.918770 0.011344 0.023659
32 0.170593 0.427445 0.011344 0.053628
32 0.267016 0.055994 0.010471 0.045741
14 0.270942 0.674290 0.014834 0.039432
32 0.817190 0.056782 0.011344 0.047319
18 0.174956 0.497634 0.013089 0.036278
14 0.690227 0.674290 0.012216 0.036278
32 0.371291 0.930599 0.011344 0.050473
32 0.372164 0.055994 0.009599 0.039432
32 0.581588 0.932965 0.011344 0.052050
28 0.493019 0.369085 0.019197 0.018927
32 0.581152 0.366719 0.010471 0.048896
28 0.537958 0.369874 0.018325 0.017350
32 0.695462 0.428233 0.010471 0.048896
32 0.432373 0.235804 0.011344 0.023659
32 0.431937 0.874606 0.010471 0.023659
28 0.922339 0.056782 0.015707 0.015773
18 0.664049 0.614353 0.013962 0.036278
32 0.580716 0.621451 0.011344 0.053628
18 0.577629 0.449426 0.013961 0.036281
14 0.664418 0.376538 0.013964 0.036288
18 0.814587 0.154175 0.013963 0.036269
32 0.432217 0.189852 0.011345 0.023650
32 0.432511 0.118020 0.011346 0.023660
32 0.432797 0.071161 0.011344 0.023667
32 0.432386 0.280574 0.011338 0.023649
18 0.121225 0.318052 0.013087 0.036290
32 0.432407 0.755607 0.011342 0.023668
32 0.817509 0.548278 0.011348 0.023664
32 0.817159 0.443950 0.011350 0.023666
14 0.892858 0.374898 0.015509 0.044214
37 0.918291 0.109517 0.002894 0.005129
37 0.926997 0.108922 0.002885 0.005130
37 0.963551 0.496228 0.007632 0.013854
37 0.963996 0.972263 0.008031 0.013524
29 0.922663 0.882543 0.011398 0.005130
37 0.024057 0.496835 0.007773 0.014222
37 0.024341 0.555322 0.007758 0.014239
14 0.271321 0.495735 0.014830 0.039434
38 0.659980 0.489860 0.027871 0.022919
38 0.694437 0.489528 0.027875 0.022926
38 0.694311 0.502482 0.027880 0.022921
38 0.660136 0.502244 0.027877 0.022940
29 0.292801 0.525105 0.012321 0.006896
18 0.060511 0.496723 0.013091 0.036278
18 0.270971 0.153399 0.013090 0.036274
18 0.367372 0.153741 0.013091 0.036275