2 0.480396 0.370584 0.060319 0.123656
32 0.261094 0.468510 0.034468 0.101382
4 0.618483 0.847926 0.056441 0.116743
0 0.283714 0.314516 0.059888 0.120584
37 0.692159 0.512673 0.024558 0.033026
12 0.073244 0.201613 0.057734 0.086790
29 0.716071 0.964286 0.037053 0.031490
4 0.235459 0.663978 0.058165 0.117512
0 0.618699 0.370584 0.057734 0.117512
37 0.922447 0.720430 0.009479 0.015361
4 0.235674 0.852919 0.055149 0.117512
4 0.097803 0.853303 0.056010 0.118280
4 0.923309 0.314132 0.056010 0.115207
4 0.097372 0.663978 0.059457 0.117512
37 0.971133 0.314516 0.010340 0.016129
2 0.480181 0.152458 0.059888 0.122120
0 0.282852 0.150922 0.059888 0.122120
4 0.480396 0.660906 0.057734 0.119048
4 0.480827 0.847542 0.056010 0.117512
32 0.073460 0.509217 0.034037 0.101382
4 0.618914 0.659754 0.056441 0.119816
4 0.873761 0.721198 0.055149 0.118280
4 0.772512 0.315668 0.056010 0.115207
0 0.618699 0.148618 0.056872 0.120584
30 0.260139 0.081823 0.015710 0.011292
30 0.455969 0.081645 0.015711 0.011289
37 0.723623 0.314739 0.003729 0.006739