35 0.060927 0.087200 0.026490 0.062400
35 0.664901 0.255200 0.050331 0.030400
14 0.362252 0.386400 0.046358 0.056000
35 0.833977 0.499996 0.027810 0.062394
35 0.771523 0.297600 0.051656 0.028800
37 0.929801 0.382400 0.021192 0.025600
35 0.712583 0.344000 0.026490 0.060800
35 0.518543 0.092800 0.025166 0.064000
14 0.362252 0.167200 0.046358 0.062400
18 0.499338 0.167200 0.047682 0.052800
35 0.519868 0.888000 0.025166 0.060800
35 0.519868 0.522400 0.027815 0.062400
14 0.588742 0.297600 0.046358 0.064000
37 0.931126 0.039200 0.021192 0.027200
21 0.060265 0.624000 0.033113 0.038400
14 0.274834 0.811200 0.046358 0.064000
14 0.236424 0.425600 0.043709 0.060800
35 0.256291 0.627200 0.027815 0.064000
35 0.412583 0.888000 0.025166 0.060800
14 0.360265 0.468800 0.045033 0.060800
35 0.130464 0.481600 0.027815 0.060800
14 0.500000 0.744800 0.046358 0.059200
35 0.131788 0.342400 0.027815 0.060800
35 0.132450 0.628800 0.029139 0.064000
35 0.623841 0.094400 0.026490 0.064000
29 0.835099 0.967200 0.043709 0.017600
14 0.568874 0.811200 0.049007 0.064000
35 0.413907 0.523200 0.025166 0.060800
35 0.413245 0.629600 0.026490 0.062400
14 0.323179 0.683200 0.047682 0.064000
14 0.814570 0.260800 0.045033 0.070400
35 0.343046 0.886400 0.026490 0.060800
18 0.639073 0.576000 0.046358 0.060800
18 0.361589 0.168000 0.045033 0.060800
14 0.429801 0.426400 0.043709 0.059200
21 0.623841 0.159200 0.029139 0.036800
35 0.834437 0.345600 0.026490 0.060800
14 0.392715 0.809600 0.046358 0.060800
35 0.133775 0.090400 0.026490 0.062400
14 0.111258 0.232800 0.047682 0.065600
14 0.446358 0.274400 0.045033 0.062400
28 0.467550 0.684800 0.023841 0.048000
14 0.693377 0.209600 0.043709 0.060800
18 0.274834 0.811200 0.046358 0.064000
35 0.835099 0.756800 0.030464 0.064000
35 0.343046 0.092800 0.026490 0.064000