32 0.788278 0.837302 0.021531 0.079365
18 0.492823 0.513889 0.033493 0.091270
29 0.568182 0.700397 0.026316 0.027778
32 0.700957 0.182540 0.023923 0.079365
29 0.349282 0.954365 0.023923 0.027778
14 0.885167 0.763889 0.028708 0.091270
29 0.478469 0.954365 0.023923 0.027778
14 0.688995 0.767857 0.028708 0.091270
20 0.401914 0.331349 0.033493 0.091270
32 0.415072 0.184524 0.026316 0.083333
18 0.577751 0.587302 0.031100 0.095238
29 0.697368 0.954365 0.026316 0.027778
32 0.897129 0.182540 0.023923 0.079365
14 0.358852 0.839286 0.033493 0.083333
18 0.228469 0.220238 0.031100 0.091270
18 0.885167 0.329365 0.028708 0.087302
14 0.467703 0.839286 0.031100 0.083333
18 0.338517 0.511905 0.031100 0.095238
18 0.208134 0.587302 0.033493 0.087302
29 0.216507 0.700397 0.021531 0.027778
14 0.775120 0.583333 0.028708 0.087302
29 0.106459 0.408730 0.021531 0.023810
29 0.787081 0.952381 0.023923 0.023810
32 0.107656 0.291667 0.019139 0.075397
29 0.894737 0.954365 0.023923 0.027778
37 0.639371 0.584826 0.007716 0.014521
37 0.150350 0.585613 0.007686 0.014517
37 0.942097 0.604678 0.007695 0.014527
20 0.687331 0.331726 0.033483 0.091285