28 0.457176 0.591209 0.030093 0.052747
32 0.365741 0.421978 0.055556 0.035165
29 0.543981 0.876923 0.055556 0.030769
32 0.722222 0.421978 0.055556 0.035165
29 0.187500 0.706593 0.055556 0.032967
23 0.361111 0.209890 0.199074 0.186813
32 0.722222 0.718681 0.050926 0.035165
28 0.451389 0.337363 0.032407 0.054945
28 0.456019 0.082418 0.032407 0.054945
29 0.543981 0.114286 0.055556 0.030769
29 0.545139 0.623077 0.053241 0.032967
23 0.362269 0.718681 0.201389 0.189011
32 0.143519 0.929670 0.055556 0.035165
29 0.545139 0.368132 0.053241 0.032967
32 0.364583 0.929670 0.057870 0.035165
37 0.858796 0.570330 0.013889 0.015385
28 0.451389 0.845055 0.032407 0.054945