0 0.355785 0.307047 0.071368 0.164430
4 0.649071 0.653356 0.072635 0.163087
0 0.911318 0.148322 0.068412 0.166443
0 0.556166 0.148993 0.070101 0.165101
4 0.558699 0.656376 0.073480 0.161074
0 0.072635 0.302685 0.069257 0.161074
4 0.312922 0.697315 0.074324 0.163758
4 0.450591 0.774497 0.072635 0.163758
4 0.175887 0.597651 0.073902 0.159060
0 0.703336 0.150000 0.070524 0.163087
29 0.175887 0.961745 0.046030 0.052349
4 0.846917 0.787919 0.075591 0.159732
0 0.789907 0.149329 0.067145 0.164430
4 0.076647 0.808725 0.073057 0.162416
0 0.178421 0.301342 0.070524 0.159732
37 0.991137 0.151471 0.006056 0.012230
37 0.367126 0.777492 0.006054 0.012236
37 0.232734 0.699617 0.006053 0.012236
37 0.160318 0.812340 0.006057 0.012237
37 0.629014 0.151685 0.006056 0.012232
37 0.045661 0.098705 0.006057 0.012240
37 0.204246 0.079655 0.006055 0.012236
37 0.530307 0.864348 0.006055 0.012237
37 0.677171 0.858838 0.006057 0.012237