32 0.739229 0.135036 0.063492 0.051095
23 0.750567 0.392336 0.086168 0.135036
32 0.579365 0.135036 0.065760 0.051095
23 0.411565 0.645985 0.088435 0.138686
32 0.399093 0.500000 0.063492 0.051095
32 0.396825 0.317518 0.063492 0.051095
32 0.742630 0.649635 0.065760 0.051095
29 0.841270 0.888686 0.045351 0.040146
29 0.207483 0.890511 0.043084 0.036496
29 0.048753 0.304745 0.043084 0.040146
32 0.580499 0.647810 0.068027 0.054745
37 0.208617 0.682482 0.022676 0.036496
37 0.911565 0.390511 0.022676 0.036496
23 0.410431 0.138686 0.090703 0.138686
32 0.297052 0.412409 0.031746 0.109489
29 0.910431 0.598540 0.043084 0.036496
37 0.050365 0.101933 0.027242 0.035528