4 0.355921 0.791009 0.032895 0.055205
37 0.872368 0.142744 0.015789 0.017350
0 0.165789 0.097792 0.031579 0.056782
4 0.719737 0.415615 0.031579 0.055205
4 0.605921 0.790221 0.030263 0.053628
4 0.191447 0.791009 0.032895 0.055205
4 0.392105 0.415615 0.034211 0.055205
29 0.568421 0.652208 0.039474 0.026814
37 0.295395 0.142744 0.014474 0.017350
4 0.580921 0.582019 0.032895 0.053628
0 0.554374 0.098975 0.032376 0.057570
37 0.036184 0.434543 0.014474 0.017350
37 0.671581 0.164122 0.003688 0.008045
4 0.138158 0.416404 0.034211 0.053628
4 0.806579 0.415615 0.034211 0.055205
37 0.924342 0.434543 0.014474 0.017350
29 0.151974 0.651420 0.038158 0.028391
4 0.305263 0.414826 0.031579 0.053628
37 0.942105 0.018139 0.013158 0.017350
4 0.771053 0.791009 0.031579 0.055205
0 0.363816 0.160883 0.032895 0.056782
0 0.805263 0.161672 0.034211 0.055205
4 0.166447 0.581230 0.035526 0.055205
4 0.553947 0.416404 0.031579 0.053628
37 0.204079 0.685550 0.006339 0.006415
37 0.273835 0.954856 0.006326 0.006417
37 0.688198 0.954689 0.006322 0.006420
37 0.757925 0.685559 0.006332 0.006438
37 0.481303 0.330560 0.006319 0.006438