0 0.918617 0.135552 0.069149 0.157468
0 0.560638 0.135552 0.070213 0.157468
0 0.073404 0.283279 0.068085 0.154221
37 0.234043 0.667208 0.010638 0.016234
0 0.180319 0.284091 0.071277 0.155844
29 0.177128 0.920455 0.045745 0.048701
4 0.178191 0.570617 0.075532 0.154221
0 0.359043 0.288149 0.071277 0.157468
4 0.314894 0.666396 0.074468 0.157468
4 0.076596 0.774351 0.074468 0.159091
4 0.654255 0.623377 0.072340 0.155844
0 0.709043 0.137175 0.073404 0.154221
0 0.795213 0.136364 0.067021 0.155844
4 0.563298 0.625000 0.073404 0.152597
4 0.453723 0.740260 0.073404 0.159091
4 0.853723 0.752435 0.075532 0.154221
37 0.370745 0.741883 0.009574 0.016234
30 0.681344 0.048109 0.025003 0.015050
30 0.822578 0.049276 0.025007 0.015064
37 0.160100 0.775717 0.010639 0.016237
37 0.998114 0.136424 0.003772 0.011244
37 0.632509 0.136445 0.003770 0.011242
37 0.535138 0.824446 0.007104 0.008913
37 0.046887 0.086226 0.007698 0.009766
37 0.682243 0.819946 0.006799 0.008184
37 0.206153 0.069329 0.007709 0.009762
30 0.535615 0.048721 0.025003 0.015043