0 0.668301 0.291223 0.052288 0.061170
4 0.319444 0.821809 0.053922 0.063830
0 0.363562 0.291223 0.053922 0.063830
28 0.542484 0.159574 0.039216 0.015957
4 0.670166 0.620645 0.053430 0.066899
0 0.361928 0.137633 0.053922 0.062500
28 0.825980 0.505319 0.040850 0.013298
8 0.019608 0.357713 0.035948 0.031915
28 0.503268 0.780585 0.039216 0.013298
30 0.782680 0.661569 0.058824 0.014628
7 0.319444 0.619681 0.053922 0.063830
4 0.040033 0.620346 0.053922 0.065160
29 0.784314 0.365027 0.049020 0.017287
0 0.806373 0.716090 0.053922 0.062500
37 0.910131 0.206117 0.013072 0.013298
4 0.039216 0.822473 0.052288 0.062500
29 0.473856 0.182181 0.052288 0.018617
23 0.513889 0.426197 0.096405 0.083777
4 0.712418 0.836436 0.052288 0.061170
29 0.394608 0.964761 0.050654 0.019947
0 0.712418 0.138963 0.055556 0.062500
30 0.125034 0.771473 0.057192 0.013303
4 0.804739 0.271941 0.057190 0.062500
29 0.825163 0.597074 0.052288 0.018617
37 0.912265 0.778867 0.011450 0.010639
30 0.340346 0.041281 0.038398 0.012331
30 0.539379 0.041540 0.038399 0.012337
30 0.234365 0.772178 0.061339 0.013304
37 0.888068 0.449922 0.013071 0.013301