37 0.932427 0.529145 0.010874 0.021196
28 0.706602 0.608251 0.012816 0.058289
0 0.420000 0.288796 0.043107 0.079485
4 0.420777 0.756245 0.039223 0.080242
0 0.205631 0.219531 0.041553 0.078728
28 0.904660 0.613929 0.027573 0.024224
30 0.564078 0.080999 0.036117 0.028766
0 0.638058 0.356927 0.041165 0.077971
4 0.774175 0.756245 0.036893 0.078728
28 0.601748 0.485238 0.012816 0.059046
0 0.114563 0.459500 0.040388 0.078728
36 0.405049 0.629447 0.017864 0.023467
37 0.465825 0.488645 0.009709 0.020439
36 0.653981 0.255110 0.016311 0.025738
4 0.420583 0.567752 0.039612 0.078728
36 0.653786 0.604845 0.015922 0.022710
37 0.352233 0.459879 0.010874 0.020439
37 0.064660 0.461393 0.009709 0.018925
4 0.509709 0.754731 0.038447 0.080242
4 0.639029 0.755867 0.039223 0.079485
0 0.509515 0.288039 0.043495 0.079485
4 0.854563 0.755488 0.037670 0.078728
37 0.155146 0.220666 0.010485 0.021953
4 0.510097 0.567752 0.040000 0.080242
29 0.630291 0.921272 0.034951 0.021196
29 0.904466 0.674111 0.033398 0.017411
0 0.743495 0.485617 0.040000 0.076457
0 0.853398 0.356170 0.040777 0.077971
36 0.758058 0.603331 0.014757 0.019682
0 0.311650 0.460257 0.040000 0.078728
36 0.758821 0.253767 0.016313 0.025732
37 0.466214 0.695153 0.009709 0.020442
36 0.525191 0.849902 0.015921 0.022711