15 0.485360 0.677551 0.042793 0.122449
0 0.337838 0.220408 0.067568 0.138776
4 0.332207 0.469388 0.056306 0.146939
32 0.818694 0.785714 0.033784 0.110204
14 0.139640 0.673469 0.045045 0.122449
36 0.466216 0.375510 0.018018 0.024490
32 0.305180 0.840816 0.033784 0.106122
4 0.215090 0.330612 0.078829 0.106122
37 0.849099 0.975510 0.013514 0.024490
36 0.306306 0.669388 0.018018 0.024490
2 0.662162 0.214286 0.072072 0.142857
36 0.408784 0.071429 0.020270 0.028571
37 0.093468 0.073469 0.029279 0.040816
36 0.887387 0.069388 0.022523 0.032653
36 0.466216 0.563265 0.018018 0.024490
37 0.894144 0.628571 0.018018 0.032653
0 0.926802 0.216327 0.069820 0.146939
36 0.466216 0.469388 0.018018 0.024490
32 0.467342 0.842857 0.033784 0.110204
32 0.122748 0.212245 0.033784 0.106122
37 0.988739 0.073469 0.018018 0.032653
14 0.673423 0.677551 0.045045 0.122449
37 0.093468 0.969388 0.029279 0.044898
0 0.497748 0.216327 0.067568 0.138776
0 0.787162 0.216327 0.069820 0.146939