28 0.568571 0.463750 0.028571 0.022500
37 0.939286 0.075000 0.064286 0.050000
37 0.939286 0.776250 0.064286 0.047500
37 0.059286 0.776250 0.064286 0.047500
28 0.179286 0.526250 0.015714 0.047500
28 0.328571 0.131250 0.025714 0.027500
35 0.849286 0.351250 0.018571 0.072500
28 0.568571 0.845000 0.025714 0.030000
28 0.249286 0.128750 0.027143 0.022500
28 0.620714 0.286250 0.012857 0.047500
35 0.767143 0.393750 0.040000 0.032500
35 0.687143 0.395000 0.040000 0.035000
37 0.939286 0.526250 0.067143 0.047500
23 0.730714 0.672500 0.061429 0.130000
37 0.059286 0.527500 0.064286 0.050000
28 0.728571 0.463750 0.028571 0.022500
35 0.687143 0.286250 0.040000 0.032500
35 0.849286 0.701250 0.018571 0.072500
35 0.527143 0.393750 0.040000 0.032500
28 0.209286 0.690000 0.027143 0.025000
37 0.940000 0.916250 0.065714 0.047500
35 0.249286 0.702500 0.018571 0.070000
29 0.330000 0.222500 0.037143 0.025000
35 0.527143 0.287500 0.040000 0.030000
29 0.648571 0.821250 0.037143 0.027500
23 0.390714 0.496250 0.064286 0.127500
35 0.286892 0.286429 0.042242 0.030161
35 0.607143 0.393750 0.040000 0.037500
28 0.780000 0.286250 0.014286 0.047500
40 0.083859 0.321511 0.036289 0.060483
35 0.127143 0.526250 0.040000 0.032500
28 0.848571 0.463750 0.028571 0.032500
29 0.247950 0.215468 0.025244 0.015081
35 0.446157 0.285871 0.042244 0.030169
35 0.286568 0.525721 0.042244 0.030203