35 0.200000 0.440092 0.021429 0.124424
28 0.406250 0.714286 0.016071 0.092166
28 0.243750 0.822581 0.033929 0.050691
28 0.820536 0.633641 0.033929 0.050691
35 0.094643 0.168203 0.017857 0.124424
37 0.015179 0.274194 0.012500 0.032258
35 0.543750 0.658986 0.019643 0.129032
35 0.094643 0.663594 0.021429 0.129032
28 0.200000 0.663594 0.032143 0.055300
28 0.855357 0.327189 0.017857 0.082949
37 0.961607 0.329493 0.069643 0.069124
35 0.456250 0.714286 0.048214 0.055300
37 0.960714 0.052995 0.071429 0.069124
23 0.370536 0.331797 0.098214 0.239631
28 0.543750 0.820276 0.033929 0.055300
23 0.647321 0.327189 0.098214 0.239631
37 0.016071 0.937788 0.014286 0.041475
37 0.961607 0.937788 0.069643 0.069124
28 0.059821 0.274194 0.016071 0.087558
35 0.241964 0.661290 0.019643 0.124424
35 0.244643 0.271889 0.050000 0.055300
35 0.908036 0.658986 0.023214 0.129032
35 0.777351 0.326563 0.048215 0.055313
35 0.670010 0.546127 0.048203 0.055299
35 0.415381 0.548095 0.048223 0.055300