28 0.525641 0.288337 0.020243 0.023758
28 0.483131 0.247300 0.013495 0.032397
11 0.061404 0.556156 0.049933 0.049676
28 0.675439 0.680346 0.020243 0.025918
35 0.676113 0.620950 0.013495 0.062635
35 0.899460 0.287257 0.039136 0.021598
28 0.216599 0.127430 0.017544 0.034557
28 0.383266 0.247300 0.013495 0.032397
28 0.141026 0.633909 0.022942 0.023758
23 0.603914 0.367171 0.068826 0.103672
23 0.894062 0.368251 0.068826 0.105832
35 0.116059 0.165227 0.037787 0.019438
28 0.940621 0.501080 0.021592 0.025918
29 0.134278 0.368251 0.020243 0.023758
28 0.101215 0.633909 0.021592 0.023758
29 0.749663 0.618790 0.017544 0.023758
28 0.749663 0.580994 0.020243 0.021598
29 0.176788 0.710583 0.018893 0.021598
28 0.083671 0.275378 0.016194 0.032397
28 0.134278 0.313175 0.020243 0.025918
28 0.315789 0.247300 0.018893 0.036717
29 0.940621 0.619870 0.018893 0.021598
29 0.950067 0.844492 0.018893 0.021598
28 0.433873 0.408207 0.014845 0.034557
23 0.228745 0.247300 0.068826 0.101512
37 0.556005 0.434125 0.010796 0.017279
23 0.769231 0.395248 0.067476 0.103672
35 0.941970 0.422246 0.013495 0.062635
37 0.725329 0.701196 0.012449 0.017303
37 0.209668 0.580198 0.012461 0.017289
37 0.209314 0.500299 0.012454 0.017284
37 0.050288 0.168013 0.012457 0.017306
37 0.034160 0.274701 0.012468 0.017265
37 0.033080 0.341985 0.012459 0.017317
37 0.158685 0.421813 0.012455 0.017310
35 0.158764 0.315841 0.013504 0.062642
35 0.175794 0.541674 0.013502 0.062622
35 0.175013 0.621585 0.013492 0.062630
35 0.675325 0.767201 0.036127 0.022875
35 0.675310 0.543684 0.013487 0.062646
35 0.725379 0.543677 0.013498 0.062645
35 0.724999 0.623206 0.013492 0.062641
35 0.941238 0.567737 0.012534 0.061504
35 0.774312 0.288264 0.037795 0.019437
35 0.699398 0.367174 0.037793 0.019441
35 0.382455 0.501528 0.037788 0.019432
35 0.458479 0.581051 0.037792 0.019442
35 0.434392 0.502129 0.037786 0.019437
35 0.482963 0.500922 0.037796 0.019428
35 0.474676 0.340667 0.037793 0.019443
35 0.433635 0.247891 0.037791 0.019432
35 0.216820 0.165344 0.037784 0.019446