32 0.371667 0.510811 0.030000 0.113514
32 0.718333 0.154054 0.076667 0.048649
23 0.213333 0.154054 0.146667 0.221622
32 0.371667 0.270270 0.030000 0.118919
37 0.918333 0.529730 0.016667 0.021622
37 0.055000 0.081081 0.016667 0.021622
23 0.216667 0.870270 0.146667 0.216216
32 0.720000 0.870270 0.073333 0.054054
23 0.725000 0.527027 0.150000 0.221622
32 0.486667 0.151351 0.073333 0.043243
32 0.371667 0.754054 0.030000 0.124324
32 0.485000 0.870270 0.070000 0.054054
29 0.833333 0.272973 0.046667 0.048649
37 0.055000 0.940541 0.016667 0.021622