29 0.569610 0.383659 0.023122 0.018210
21 0.246939 0.865604 0.023129 0.041002
35 0.399320 0.851936 0.020408 0.068337
35 0.174150 0.567198 0.019048 0.068337
18 0.477551 0.212984 0.024490 0.066059
35 0.085714 0.709567 0.019048 0.070615
35 0.263265 0.425968 0.017687 0.068337
37 0.915646 0.468109 0.016327 0.025057
14 0.163946 0.739180 0.025850 0.066059
35 0.653741 0.580866 0.020408 0.068337
18 0.738776 0.681093 0.024490 0.068337
35 0.059864 0.708428 0.019048 0.068337
14 0.254769 0.306378 0.026517 0.075171
35 0.849106 0.482607 0.040297 0.027314
14 0.409524 0.739180 0.024490 0.066059
35 0.331973 0.425968 0.019048 0.068337
21 0.247619 0.796128 0.024490 0.043280
14 0.738095 0.283599 0.023129 0.066059
15 0.687075 0.283599 0.027211 0.070615
37 0.906122 0.171982 0.013605 0.020501
20 0.686395 0.682232 0.025850 0.066059
31 0.849592 0.448747 0.077416 0.027335
35 0.134694 0.097950 0.019048 0.068337
35 0.519728 0.439636 0.021769 0.063781
35 0.218367 0.042141 0.039456 0.034169
35 0.570068 0.328018 0.019048 0.068337
29 0.060544 0.810934 0.025850 0.018223
21 0.102041 0.170843 0.024490 0.041002
37 0.906122 0.044419 0.013605 0.025057
35 0.399320 0.097950 0.020408 0.068337
35 0.467347 0.097950 0.020408 0.068337
35 0.173469 0.096811 0.020408 0.066059
35 0.696599 0.554670 0.019048 0.066059
18 0.611565 0.740319 0.025850 0.072893
14 0.289116 0.738041 0.025850 0.068337
35 0.628571 0.383827 0.019048 0.066059
18 0.391156 0.214123 0.025850 0.068337
35 0.263946 0.097950 0.019048 0.068337
28 0.544898 0.086560 0.031293 0.027335
35 0.296599 0.484055 0.040816 0.038724
35 0.696599 0.425968 0.019048 0.068337
35 0.748299 0.425968 0.019048 0.068337
35 0.517687 0.325740 0.017687 0.068337
35 0.586395 0.794989 0.019048 0.068337
35 0.748299 0.554670 0.019048 0.066059
35 0.153061 0.851936 0.020408 0.068337
28 0.434014 0.794989 0.016327 0.054670
35 0.086395 0.510251 0.017687 0.068337
28 0.841497 0.752847 0.031293 0.025057
28 0.068707 0.173121 0.031293 0.027335
35 0.518367 0.525057 0.019048 0.070615
35 0.399320 0.453303 0.023129 0.068337
28 0.527891 0.867882 0.032653 0.027335
28 0.833333 0.214123 0.031293 0.022779
35 0.212245 0.511390 0.019048 0.066059
29 0.087075 0.243736 0.024490 0.013667
28 0.213605 0.383827 0.029932 0.025057
35 0.330612 0.097950 0.019048 0.068337
35 0.212245 0.794989 0.019048 0.068337
21 0.798639 0.341686 0.021769 0.036446
35 0.544218 0.169704 0.019048 0.066059
14 0.458503 0.739180 0.024490 0.066059
21 0.798639 0.624146 0.024490 0.041002
35 0.467347 0.851936 0.020408 0.068337
35 0.134014 0.567198 0.017687 0.068337
35 0.063265 0.510251 0.023129 0.068337
35 0.085714 0.396355 0.019048 0.068337
35 0.526531 0.765376 0.019048 0.068337
29 0.553138 0.737191 0.023124 0.018222
29 0.586835 0.850669 0.023121 0.018210
37 0.914428 0.796665 0.016317 0.025054
37 0.914431 0.911461 0.016329 0.025053
35 0.229743 0.654089 0.040817 0.038726
29 0.213422 0.569170 0.024498 0.013659
14 0.181400 0.455685 0.026528 0.075151
14 0.127076 0.456452 0.026530 0.075168
14 0.342672 0.311610 0.026532 0.075175
14 0.476891 0.383342 0.026526 0.075170
29 0.212553 0.852512 0.024482 0.013669
35 0.297077 0.850900 0.019050 0.068325
29 0.544537 0.227460 0.023130 0.018201
14 0.594366 0.229714 0.026533 0.075156
29 0.841981 0.713129 0.023134 0.018215
29 0.832907 0.254319 0.023131 0.018224