29 0.105556 0.307407 0.055556 0.041975
23 0.331481 0.644444 0.162963 0.207407
8 0.103704 0.760494 0.066667 0.088889
32 0.764815 0.646914 0.074074 0.049383
23 0.330556 0.146914 0.161111 0.209877
29 0.105556 0.882716 0.055556 0.041975
32 0.450000 0.223457 0.033333 0.096296
8 0.104630 0.183951 0.064815 0.086420
32 0.536111 0.646914 0.079630 0.049383
32 0.765741 0.148148 0.079630 0.054321
23 0.763889 0.375309 0.161111 0.207407
29 0.824074 0.690123 0.051852 0.041975
32 0.565741 0.148148 0.079630 0.054321
32 0.450926 0.567901 0.035185 0.098765
32 0.449074 0.376543 0.035185 0.101235
37 0.901819 0.347661 0.053579 0.082722