28 0.866500 0.346881 0.023000 0.020794
35 0.465326 0.350262 0.024005 0.026466
14 0.740500 0.855388 0.017000 0.047259
18 0.601500 0.346881 0.015000 0.047259
18 0.690000 0.346881 0.016000 0.047259
28 0.496000 0.427221 0.022000 0.022684
29 0.925406 0.564659 0.023007 0.022674
18 0.600000 0.687146 0.016000 0.047259
35 0.745605 0.293390 0.014006 0.045370
18 0.690500 0.687146 0.017000 0.047259
37 0.195245 0.518966 0.025001 0.049157
35 0.645407 0.465028 0.013000 0.045369
37 0.034925 0.425983 0.025998 0.051023
35 0.435373 0.915496 0.013998 0.045369
35 0.435500 0.274416 0.013000 0.049150
0 0.427000 0.176749 0.022000 0.054820
35 0.605405 0.915128 0.014003 0.047262
35 0.745894 0.575427 0.013999 0.045368
35 0.465968 0.688369 0.024001 0.024579
35 0.605489 0.123944 0.014000 0.049157
28 0.555500 0.591682 0.023000 0.022684
14 0.740500 0.178639 0.015000 0.047259
35 0.955694 0.518792 0.024417 0.021670
35 0.745123 0.745437 0.012998 0.047263
28 0.435500 0.441399 0.023000 0.020794
28 0.805500 0.673913 0.023000 0.020794
28 0.806500 0.352552 0.021000 0.020794
28 0.555500 0.442344 0.023000 0.018904
28 0.866500 0.668242 0.023000 0.020794
28 0.256000 0.636106 0.024000 0.020794
28 0.496000 0.596408 0.022000 0.024575
28 0.075500 0.252363 0.023000 0.024575
28 0.315500 0.345936 0.023000 0.022684
4 0.429500 0.817580 0.019000 0.054820
28 0.316500 0.687146 0.023000 0.020794
35 0.645753 0.575675 0.013002 0.045361
28 0.255064 0.430450 0.025000 0.020792
28 0.436000 0.591682 0.022000 0.022684
37 0.195484 0.067377 0.025001 0.051039
35 0.745604 0.464276 0.013001 0.045374
21 0.179647 0.340849 0.019449 0.038647
37 0.904181 0.236791 0.004962 0.010058
37 0.904666 0.801593 0.004952 0.010053
21 0.180515 0.283685 0.019466 0.038650
37 0.794885 0.066726 0.004960 0.010064
37 0.195005 0.973454 0.024995 0.049157
37 0.036057 0.199723 0.025007 0.049139
37 0.804923 0.972412 0.004962 0.010047
21 0.151476 0.283331 0.019465 0.038653
21 0.151831 0.343134 0.019446 0.038667
21 0.375383 0.451552 0.017148 0.028877
21 0.375789 0.600884 0.017156 0.028874