32 0.263077 0.261146 0.064615 0.042463
37 0.911538 0.301486 0.032308 0.042463
29 0.623846 0.437367 0.047692 0.055202
32 0.737692 0.573248 0.066154 0.042463
37 0.911538 0.769639 0.032308 0.044586
29 0.099231 0.743100 0.047692 0.050955
32 0.358462 0.449045 0.027692 0.082803
32 0.493077 0.260085 0.066154 0.044586
23 0.733077 0.299363 0.130769 0.195329
37 0.099231 0.494692 0.029231 0.042463
23 0.732308 0.767516 0.132308 0.197452
32 0.493077 0.730361 0.063077 0.042463
29 0.450000 0.555202 0.044615 0.053079
29 0.623846 0.906582 0.047692 0.055202
32 0.737692 0.104034 0.066154 0.042463
32 0.262308 0.728238 0.066154 0.042463
29 0.913077 0.503185 0.047692 0.055202
29 0.913077 0.976645 0.047692 0.046709
37 0.101090 0.621190 0.029231 0.042463
37 0.912996 0.873321 0.029228 0.042453
37 0.385195 0.454939 0.024169 0.029724