31 0.728195 0.734314 0.016227 0.088235
28 0.283469 0.439216 0.017241 0.070588
14 0.471095 0.440196 0.027383 0.100000
29 0.565923 0.842157 0.036511 0.033333
32 0.378296 0.284314 0.024341 0.098039
29 0.479209 0.842157 0.035497 0.033333
29 0.377789 0.842157 0.035497 0.033333
28 0.841278 0.620588 0.037525 0.033333
32 0.480223 0.679412 0.023327 0.100000
31 0.728195 0.538235 0.016227 0.088235
28 0.674949 0.299020 0.017241 0.072549
32 0.478702 0.200000 0.022312 0.094118
36 0.378296 0.438235 0.012170 0.021569
28 0.566430 0.676471 0.037525 0.035294
11 0.088235 0.324510 0.046653 0.072549
29 0.697262 0.700980 0.033469 0.033333
32 0.378296 0.593137 0.024341 0.100000
29 0.089249 0.450000 0.036511 0.033333