14 0.576737 0.455882 0.025848 0.060784
37 0.081583 0.436275 0.027464 0.029412
32 0.416801 0.276471 0.022617 0.058824
32 0.866721 0.584314 0.024233 0.058824
32 0.585622 0.276471 0.024233 0.058824
29 0.416801 0.955882 0.035541 0.021569
8 0.064620 0.574510 0.061389 0.074510
29 0.949111 0.207843 0.033926 0.019608
32 0.585622 0.739216 0.024233 0.062745
28 0.197900 0.456863 0.017771 0.043137
32 0.417609 0.740196 0.024233 0.064706
28 0.760097 0.354902 0.017771 0.043137
11 0.767679 0.132666 0.046882 0.046460