36 0.367456 0.569608 0.015385 0.025490
8 0.089349 0.701961 0.074556 0.125490
28 0.744379 0.777451 0.044970 0.045098
32 0.368639 0.417647 0.024852 0.090196
29 0.368047 0.823529 0.040237 0.031373
29 0.874556 0.850000 0.040237 0.029412
11 0.433728 0.163725 0.043787 0.088235
29 0.090533 0.821569 0.041420 0.031373
14 0.589349 0.569608 0.030769 0.092157
29 0.269822 0.252941 0.040237 0.031373
32 0.598817 0.801961 0.026036 0.098039
29 0.597041 0.931373 0.039053 0.031373
28 0.225444 0.570588 0.024852 0.070588
29 0.744379 0.931373 0.040237 0.031373
32 0.598817 0.340196 0.023669 0.088235
28 0.772781 0.461765 0.026036 0.068627
32 0.876923 0.746078 0.026036 0.096078
32 0.369231 0.717647 0.026036 0.094118