29 0.084962 0.943137 0.043609 0.027451
32 0.349624 0.787255 0.028571 0.080392
32 0.348120 0.463725 0.028571 0.080392
29 0.890977 0.850980 0.043609 0.023529
29 0.348120 0.943137 0.043609 0.027451
29 0.558647 0.059804 0.043609 0.033333
29 0.575940 0.942157 0.042105 0.025490
32 0.892481 0.717647 0.025564 0.078431
14 0.566165 0.614706 0.034586 0.080392
28 0.267669 0.615686 0.021053 0.058824
28 0.759398 0.660784 0.021053 0.058824
8 0.084211 0.727451 0.081203 0.105882
32 0.577444 0.786275 0.027068 0.082353
11 0.558025 0.292429 0.057158 0.061793