29 0.221954 0.956845 0.050663 0.068452
37 0.365501 0.476190 0.021713 0.053571
37 0.751508 0.474702 0.014475 0.032738
28 0.311218 0.720238 0.062726 0.083333
4 0.199638 0.660714 0.056695 0.178571
4 0.765380 0.657738 0.056695 0.178571
29 0.876960 0.955357 0.050663 0.071429
37 0.931846 0.474702 0.022919 0.056548
32 0.786490 0.290179 0.045838 0.199405
37 0.787696 0.072917 0.024125 0.062500
29 0.310615 0.956845 0.049457 0.068452
29 0.788299 0.955357 0.051870 0.071429
32 0.220748 0.290179 0.045838 0.199405
37 0.221954 0.072917 0.024125 0.062500
28 0.876357 0.720238 0.063932 0.083333
28 0.146562 0.476190 0.032569 0.148810