32 0.278743 0.672549 0.020053 0.062745
8 0.062166 0.679412 0.054813 0.080392
28 0.139037 0.486275 0.016043 0.047059
14 0.753606 0.485894 0.049459 0.068628
32 0.277406 0.231373 0.020053 0.058824
11 0.144385 0.152941 0.037433 0.047059
29 0.145722 0.209804 0.029412 0.019608
32 0.386364 0.707843 0.018717 0.062745
14 0.383205 0.486543 0.048126 0.068633
28 0.864305 0.705882 0.033422 0.023529
32 0.649733 0.232353 0.018717 0.060784
32 0.386364 0.176471 0.018717 0.062745
32 0.534759 0.905882 0.042781 0.027451
32 0.758690 0.159804 0.020053 0.060784
32 0.650401 0.707843 0.020053 0.062745
29 0.385027 0.845098 0.032086 0.019608
32 0.758690 0.707843 0.020053 0.062745
28 0.498663 0.327451 0.016043 0.047059
28 0.858957 0.328431 0.014706 0.045098