29 0.811000 0.946955 0.054000 0.023576
29 0.497000 0.946955 0.054000 0.023576
14 0.485000 0.500000 0.042000 0.076621
32 0.320000 0.752456 0.032000 0.074656
32 0.497000 0.839882 0.038000 0.080550
28 0.631000 0.311395 0.058000 0.025540
29 0.138000 0.945972 0.052000 0.025540
32 0.498000 0.685658 0.036000 0.078585
31 0.501000 0.243615 0.026000 0.066798
32 0.319000 0.246562 0.034000 0.072692
28 0.631000 0.158153 0.058000 0.029470
29 0.318000 0.945972 0.052000 0.025540
32 0.813000 0.839882 0.034000 0.076621
28 0.686000 0.762279 0.028000 0.055010
28 0.138000 0.476424 0.072000 0.056974