29 0.578065 0.115914 0.030968 0.023576
32 0.656129 0.351670 0.021935 0.066798
28 0.161935 0.518664 0.016774 0.051081
32 0.336129 0.351670 0.021935 0.066798
14 0.648387 0.518664 0.024516 0.066798
37 0.081935 0.572692 0.024516 0.033399
29 0.540000 0.950884 0.032258 0.023576
28 0.756129 0.741650 0.033548 0.025540
28 0.436774 0.741650 0.034839 0.025540
32 0.336774 0.743615 0.020645 0.068762
32 0.655484 0.743615 0.020645 0.068762
28 0.814194 0.421415 0.015484 0.049116
11 0.512903 0.167976 0.042581 0.053045
28 0.469032 0.421415 0.016774 0.049116
32 0.566452 0.743615 0.020645 0.068762
32 0.246452 0.741650 0.020645 0.068762
32 0.898065 0.546169 0.020645 0.066798
32 0.565806 0.352652 0.021935 0.068762
14 0.328387 0.518664 0.024516 0.066798
32 0.246452 0.352652 0.020645 0.068762
8 0.067097 0.692534 0.056774 0.084479