32 0.077661 0.703340 0.026178 0.070727
11 0.335079 0.848723 0.055846 0.051081
29 0.595113 0.115914 0.041885 0.023576
28 0.223386 0.595285 0.020942 0.051081
8 0.076789 0.847741 0.076789 0.084479
32 0.872600 0.683694 0.027923 0.070727
28 0.689354 0.498035 0.020942 0.049116
28 0.577661 0.254420 0.045375 0.025540
31 0.389180 0.253438 0.017452 0.058939
28 0.680628 0.799607 0.041885 0.027505
14 0.480803 0.595285 0.036649 0.070727
11 0.490401 0.129666 0.055846 0.055010
29 0.490401 0.950884 0.041885 0.023576
32 0.491274 0.800589 0.029668 0.068762
32 0.336824 0.721022 0.027923 0.070727