8 0.074495 0.674510 0.065657 0.101961
29 0.074495 0.836275 0.035354 0.025490
29 0.552399 0.055882 0.034091 0.029412
14 0.855429 0.477451 0.026515 0.076471
29 0.553662 0.945098 0.034091 0.023529
29 0.863636 0.945098 0.035354 0.023529
32 0.555556 0.817647 0.022727 0.078431
28 0.207702 0.587255 0.016414 0.052941
32 0.555556 0.356863 0.022727 0.078431
14 0.545455 0.566667 0.025253 0.074510
29 0.412247 0.857843 0.034091 0.025490
32 0.414141 0.707843 0.022727 0.078431
32 0.864268 0.817647 0.021465 0.082353
32 0.412879 0.422549 0.022727 0.076471
11 0.552963 0.150646 0.047694 0.056775