37 0.441066 0.113411 0.019645 0.031457
32 0.284846 0.680464 0.030870 0.129139
18 0.429841 0.524007 0.030870 0.091060
14 0.620674 0.562914 0.030870 0.089404
32 0.631431 0.739238 0.029935 0.127483
37 0.918616 0.502483 0.018709 0.034768
28 0.743218 0.502483 0.027128 0.094371
32 0.632367 0.382450 0.029935 0.129139
29 0.721235 0.871689 0.046773 0.034768
32 0.833022 0.621689 0.032741 0.130795
32 0.441534 0.721026 0.029935 0.127483
8 0.094481 0.682119 0.052385 0.096026
29 0.094481 0.810430 0.046773 0.038079
32 0.441534 0.342715 0.031805 0.129139
37 0.631899 0.873344 0.017774 0.031457
28 0.721703 0.742550 0.053321 0.044702
28 0.184284 0.524007 0.026193 0.091060
29 0.833489 0.772351 0.046773 0.034768
37 0.441534 0.912252 0.018709 0.033113
32 0.284378 0.362583 0.031805 0.132450