28 0.340212 0.727273 0.056085 0.077135
37 0.255556 0.064738 0.022222 0.068871
25 0.713757 0.443526 0.087831 0.220386
29 0.803704 0.899449 0.045503 0.063361
28 0.882011 0.677686 0.053968 0.077135
32 0.256614 0.271350 0.041270 0.190083
0 0.105820 0.619835 0.048677 0.165289
4 0.234921 0.790634 0.050794 0.165289
29 0.257143 0.951791 0.044444 0.063361
29 0.038095 0.701102 0.044444 0.068871
29 0.883069 0.898072 0.045503 0.066116
37 0.931217 0.446281 0.021164 0.049587
28 0.189418 0.446281 0.029630 0.143251
29 0.340741 0.944904 0.044444 0.066116
32 0.803175 0.274105 0.042328 0.184573
37 0.384127 0.447658 0.019048 0.052342
4 0.783598 0.618457 0.049735 0.168044
37 0.804250 0.071421 0.022222 0.068860