0 0.504093 0.626126 0.058663 0.171171
32 0.784447 0.549550 0.030014 0.132132
29 0.525921 0.906907 0.053206 0.066066
28 0.362210 0.630631 0.023192 0.096096
37 0.819918 0.396396 0.013643 0.030030
29 0.409277 0.906907 0.054570 0.066066
30 0.526603 0.100185 0.054570 0.036035
32 0.409277 0.758258 0.032742 0.129129
28 0.620055 0.396396 0.023192 0.102102
12 0.525921 0.241742 0.053206 0.117117
8 0.127558 0.732733 0.053206 0.120120
29 0.784447 0.725225 0.057299 0.069069
32 0.221010 0.630631 0.057299 0.066066
29 0.126194 0.906907 0.053206 0.066066