28 0.753714 0.312745 0.014857 0.056863
32 0.890857 0.569608 0.021714 0.080392
32 0.463429 0.682353 0.021714 0.078431
11 0.514286 0.134314 0.034286 0.072549
28 0.338857 0.448039 0.014857 0.056863
29 0.280571 0.942157 0.033143 0.029412
8 0.072571 0.668627 0.058286 0.101961
14 0.584571 0.447059 0.024000 0.078431
32 0.462857 0.254902 0.020571 0.074510
28 0.721143 0.746078 0.034286 0.029412
32 0.593143 0.770588 0.020571 0.078431
32 0.182286 0.446078 0.046857 0.037255
32 0.592571 0.211765 0.019429 0.074510