29 0.515113 0.888211 0.022670 0.028455
37 0.517632 0.087398 0.017632 0.028455
29 0.137280 0.717480 0.022670 0.028455
8 0.138539 0.593496 0.045340 0.073171
32 0.200252 0.436992 0.073048 0.060976
28 0.323678 0.439024 0.022670 0.081301
28 0.716625 0.400407 0.022670 0.077236
32 0.431990 0.646341 0.032746 0.113821
14 0.591940 0.439024 0.035264 0.089431
28 0.793451 0.774390 0.050378 0.036585
32 0.433249 0.274390 0.035264 0.109756
29 0.865239 0.664634 0.022670 0.028455
32 0.866499 0.516260 0.035264 0.121951
32 0.603275 0.747967 0.032746 0.105691
32 0.602015 0.605691 0.035264 0.113821
29 0.793451 0.898374 0.025189 0.024390
32 0.604534 0.250000 0.030227 0.109756