28 0.253173 0.476257 0.015515 0.064246
28 0.741890 0.724860 0.033850 0.036313
29 0.085331 0.932961 0.032440 0.033520
32 0.929478 0.568436 0.022567 0.092179
32 0.622003 0.275140 0.022567 0.092179
32 0.354020 0.300279 0.019746 0.092179
29 0.740480 0.906425 0.031030 0.030726
29 0.928068 0.906425 0.031030 0.030726
29 0.486601 0.931564 0.031030 0.030726
37 0.499295 0.089385 0.016925 0.033520
32 0.622003 0.701117 0.022567 0.094972
8 0.084626 0.684358 0.062059 0.122905
28 0.800423 0.368715 0.018336 0.061453
32 0.354725 0.622905 0.021157 0.094972
14 0.614245 0.474860 0.023977 0.083799