29 0.449870 0.066667 0.040365 0.039216
28 0.183594 0.539216 0.020833 0.066667
32 0.519531 0.292157 0.026042 0.086275
32 0.861979 0.472549 0.026042 0.090196
11 0.447917 0.150000 0.054688 0.064706
29 0.860026 0.572549 0.042969 0.031373
28 0.697917 0.409804 0.020833 0.066667
32 0.519531 0.810784 0.026042 0.088235
8 0.089193 0.718627 0.076823 0.115686
29 0.090495 0.831373 0.042969 0.031373
29 0.603516 0.935294 0.042969 0.031373
28 0.602865 0.783333 0.044271 0.033333
14 0.508464 0.539216 0.032552 0.090196
32 0.365234 0.448039 0.027344 0.092157
32 0.365234 0.682353 0.027344 0.090196