32 0.463000 0.817647 0.034000 0.078431
29 0.798000 0.571569 0.052000 0.025490
32 0.800000 0.420588 0.036000 0.076471
29 0.075000 0.453922 0.026000 0.052941
8 0.125000 0.782353 0.102000 0.098039
29 0.075000 0.564706 0.026000 0.050980
11 0.461000 0.102941 0.074000 0.056863
32 0.306000 0.310784 0.032000 0.076471
28 0.249000 0.452941 0.026000 0.054902
28 0.652000 0.344118 0.028000 0.056863
29 0.127000 0.945098 0.058000 0.027451
29 0.461000 0.944118 0.054000 0.025490
32 0.463000 0.289216 0.034000 0.076471
32 0.248000 0.563725 0.080000 0.037255
28 0.338000 0.716667 0.028000 0.056863
7 0.436809 0.542157 0.046381 0.084314
37 0.461870 0.058322 0.007490 0.007194
21 0.474767 0.542737 0.021987 0.021620