0 0.185766 0.221670 0.057901 0.121272
30 0.390229 0.100398 0.032569 0.017893
29 0.868516 0.682903 0.053076 0.049702
28 0.868516 0.536779 0.062726 0.055666
0 0.365501 0.222664 0.057901 0.123260
6 0.254524 0.782306 0.057901 0.121272
4 0.412545 0.527833 0.057901 0.125249
4 0.779855 0.782306 0.059107 0.121272
37 0.062123 0.527833 0.022919 0.037773
28 0.667672 0.408549 0.032569 0.101392
37 0.062726 0.702783 0.024125 0.037773
0 0.779252 0.223658 0.055489 0.117296
4 0.137515 0.526839 0.060314 0.123260
36 0.278046 0.696819 0.022919 0.025845
37 0.915561 0.409543 0.021713 0.035785
37 0.178888 0.907528 0.024129 0.037767
37 0.181134 0.780685 0.024125 0.037769