29 0.460833 0.982510 0.051667 0.034979
32 0.460000 0.202675 0.033333 0.084362
29 0.597500 0.882716 0.051667 0.037037
18 0.575000 0.707819 0.053333 0.123457
23 0.292500 0.504115 0.148333 0.181070
32 0.022500 0.403292 0.035000 0.086420
37 0.960673 0.410091 0.078655 0.067096
32 0.021667 0.675926 0.036667 0.092593
32 0.460000 0.809671 0.033333 0.088477
14 0.575000 0.307613 0.056667 0.121399
32 0.705833 0.573045 0.068333 0.043210
29 0.025000 0.848765 0.050000 0.034979
32 0.705833 0.439300 0.071667 0.043210
36 0.158333 0.099794 0.026667 0.022634
21 0.462265 0.391359 0.040498 0.046529
21 0.460416 0.624238 0.040500 0.046515
37 0.751686 0.073815 0.102315 0.069816