28 0.302000 0.641199 0.052000 0.044487
29 0.301333 0.851064 0.053333 0.034816
32 0.183333 0.501934 0.070667 0.044487
28 0.130667 0.198259 0.050667 0.056093
29 0.707333 0.446809 0.052000 0.030948
32 0.418000 0.503868 0.070667 0.048356
28 0.515333 0.818182 0.052000 0.054159
29 0.515333 0.976789 0.052000 0.034816
23 0.684000 0.564797 0.146667 0.205029
30 0.130667 0.069632 0.029333 0.015474
32 0.676000 0.129594 0.072000 0.046422
29 0.129333 0.355899 0.050667 0.034816
8 0.043333 0.642166 0.073333 0.108317
29 0.044667 0.852998 0.052000 0.034816
28 0.676000 0.284333 0.032000 0.077369
30 0.729991 0.690861 0.029341 0.015478
37 0.954736 0.544262 0.006887 0.010055
37 0.954936 0.580834 0.006904 0.010057