32 0.592715 0.739183 0.019868 0.064904
32 0.160596 0.503606 0.043046 0.031250
14 0.705298 0.353365 0.029801 0.072115
18 0.705298 0.548077 0.029801 0.072115
28 0.470199 0.838942 0.046358 0.033654
37 0.593543 0.834135 0.008278 0.009615
32 0.593543 0.162260 0.021523 0.060096
18 0.581126 0.241587 0.029801 0.069712
32 0.534768 0.343750 0.019868 0.062500
14 0.786424 0.299279 0.029801 0.069712
29 0.153146 0.240385 0.031457 0.033654
32 0.328642 0.155048 0.021523 0.064904
32 0.749172 0.352163 0.044702 0.031250
28 0.288907 0.108173 0.024834 0.067308
29 0.152318 0.143029 0.033113 0.031250
29 0.153146 0.334135 0.031457 0.033654
32 0.470199 0.741587 0.019868 0.064904
32 0.469371 0.557692 0.021523 0.067308
29 0.469371 0.885817 0.031457 0.031250
32 0.469371 0.343750 0.021523 0.062500
32 0.195364 0.299279 0.046358 0.031250
14 0.581954 0.661058 0.031457 0.072115
28 0.289735 0.296875 0.026490 0.069712
32 0.795530 0.401442 0.021523 0.062500
32 0.470199 0.163462 0.019868 0.062500
28 0.235927 0.860577 0.048013 0.038462
37 0.592715 0.073317 0.009934 0.012019
32 0.748344 0.550481 0.043046 0.028846
32 0.534768 0.557692 0.019868 0.067308
18 0.784768 0.605769 0.029801 0.072115
21 0.593543 0.487981 0.031457 0.048077
32 0.397351 0.794471 0.046358 0.031250
32 0.796358 0.501202 0.019868 0.060096
29 0.328642 0.885817 0.034768 0.031250
32 0.196192 0.860577 0.021523 0.067308
23 0.327815 0.450721 0.145695 0.233173
21 0.592326 0.415561 0.031453 0.048069
37 0.901104 0.452553 0.009924 0.012017
37 0.122560 0.506149 0.009928 0.012015
21 0.234735 0.207672 0.039502 0.064009