32 0.296875 0.836364 0.020833 0.052525
28 0.516493 0.326263 0.026042 0.018182
28 0.920139 0.717172 0.027778 0.020202
32 0.582465 0.835354 0.022569 0.054545
29 0.449653 0.678788 0.020833 0.028283
14 0.138889 0.727273 0.027778 0.048485
28 0.835069 0.775758 0.024306 0.020202
32 0.750000 0.561616 0.020833 0.052525
28 0.524306 0.472727 0.013889 0.028283
14 0.203993 0.491919 0.026042 0.050505
18 0.575521 0.414141 0.026042 0.048485
32 0.657118 0.471717 0.043403 0.026263
21 0.583333 0.578788 0.024306 0.022222
28 0.518229 0.603030 0.029514 0.022222
32 0.750868 0.659596 0.022569 0.054545
37 0.061632 0.490909 0.071181 0.036364
14 0.389757 0.491919 0.026042 0.050505
37 0.297743 0.951515 0.029514 0.024242
32 0.447917 0.328283 0.020833 0.054545
32 0.447917 0.580808 0.020833 0.054545
32 0.288194 0.237374 0.045139 0.030303
29 0.920139 0.813131 0.024306 0.026263
29 0.835069 0.853535 0.024306 0.026263
18 0.223090 0.315152 0.026042 0.048485
18 0.372396 0.315152 0.026042 0.048485
32 0.213542 0.171717 0.020833 0.052525
14 0.289062 0.667677 0.026042 0.050505
32 0.835938 0.675758 0.022569 0.058586
32 0.130208 0.229293 0.020833 0.054545
4 0.738715 0.747475 0.029514 0.048485
32 0.657986 0.745455 0.045139 0.028283
32 0.380208 0.172727 0.020833 0.054545
37 0.117730 0.492068 0.005514 0.008608
37 0.146227 0.492203 0.005524 0.008604
7 0.738162 0.471891 0.032034 0.046943
37 0.449093 0.086207 0.005520 0.008602
37 0.449383 0.113096 0.005529 0.008597
37 0.367633 0.414924 0.005532 0.008636
37 0.396567 0.415432 0.005514 0.008607
21 0.583443 0.638674 0.024307 0.022213