32 0.447895 0.548889 0.022105 0.069630
32 0.517368 0.328148 0.022105 0.066667
29 0.448421 0.887407 0.033684 0.032593
32 0.579474 0.736296 0.024211 0.068148
14 0.783684 0.283704 0.032632 0.072593
32 0.744737 0.542222 0.047368 0.032593
21 0.579474 0.479259 0.032632 0.048889
32 0.794737 0.388148 0.023158 0.065185
32 0.372632 0.793333 0.046316 0.031111
28 0.449474 0.839259 0.050526 0.034074
32 0.448421 0.736296 0.023158 0.068148
21 0.578947 0.402005 0.031579 0.051417
32 0.517368 0.549630 0.022105 0.068148
21 0.298425 0.843113 0.044208 0.058960
21 0.199163 0.190224 0.040431 0.066375
28 0.257895 0.087407 0.025263 0.068148
32 0.794737 0.490370 0.023158 0.062222
32 0.157895 0.282963 0.046316 0.032593
32 0.579474 0.142222 0.022105 0.062222
18 0.698421 0.541481 0.030526 0.075556
29 0.113158 0.320000 0.032632 0.032593
28 0.201053 0.859259 0.050526 0.038519
32 0.298947 0.135556 0.021053 0.063704
37 0.579474 0.050370 0.007368 0.008889
29 0.298421 0.886667 0.036842 0.034074
32 0.448421 0.329630 0.023158 0.066667
29 0.112632 0.222963 0.033684 0.031111
18 0.781579 0.598519 0.032632 0.074074
14 0.567368 0.656296 0.033684 0.077037
32 0.121053 0.493333 0.046316 0.032593
32 0.448947 0.142222 0.022105 0.065185
29 0.112632 0.122963 0.033684 0.032593
14 0.698421 0.339259 0.032632 0.074074
32 0.158947 0.860741 0.023158 0.068148
32 0.744737 0.337778 0.045263 0.032593
37 0.905789 0.439259 0.009474 0.016296
18 0.567368 0.225185 0.031579 0.074074
23 0.298947 0.440000 0.151579 0.240000
28 0.257895 0.282222 0.027368 0.072593
37 0.080103 0.495093 0.009476 0.016293
37 0.579388 0.834390 0.009472 0.016292