32 0.767908 0.915399 0.054441 0.039924
21 0.393266 0.260456 0.032951 0.045627
28 0.492120 0.577947 0.044413 0.038023
32 0.118911 0.432510 0.054441 0.039924
32 0.178367 0.123574 0.030086 0.076046
28 0.167622 0.746198 0.028653 0.058935
32 0.277221 0.836502 0.030086 0.072243
32 0.716332 0.595057 0.031519 0.076046
32 0.255731 0.256654 0.055874 0.038023
29 0.377507 0.635932 0.038682 0.036122
37 0.794413 0.494297 0.018625 0.026616
28 0.660458 0.491445 0.028653 0.058935
28 0.864613 0.754753 0.027221 0.060837
23 0.383238 0.485741 0.130372 0.195817
32 0.545845 0.751901 0.054441 0.039924
29 0.909432 0.965144 0.041322 0.035125
21 0.528574 0.096096 0.032953 0.045614