32 0.659631 0.738327 0.076517 0.036965
32 0.660290 0.208171 0.077836 0.035019
29 0.767810 0.892023 0.055409 0.044747
37 0.118734 0.169261 0.018470 0.027237
32 0.360158 0.293774 0.026385 0.112840
23 0.690633 0.456226 0.109499 0.157588
32 0.359499 0.646887 0.025066 0.114786
23 0.234169 0.737354 0.109499 0.155642
23 0.233509 0.206226 0.110818 0.155642
37 0.813426 0.454159 0.021144 0.032652
32 0.536547 0.206226 0.077831 0.035019
32 0.356409 0.466874 0.026386 0.112840
37 0.119187 0.771208 0.019668 0.036976