32 0.470717 0.183968 0.051245 0.099869
32 0.609078 0.183968 0.049780 0.099869
32 0.608346 0.389619 0.051245 0.098555
32 0.883602 0.637319 0.051245 0.097240
32 0.426061 0.348226 0.052709 0.099869
32 0.333821 0.266097 0.114202 0.053876
8 0.058565 0.388962 0.099561 0.086728
32 0.608346 0.637319 0.051245 0.099869
32 0.516837 0.513798 0.111274 0.052562
32 0.791362 0.513141 0.109810 0.051248
37 0.769295 0.234711 0.072255 0.088344
37 0.635095 0.066736 0.072243 0.088331
37 0.725177 0.808073 0.064441 0.084783