6 0.182150 0.817204 0.051148 0.111111
28 0.480167 0.353047 0.052192 0.053763
4 0.377349 0.534946 0.049061 0.105735
0 0.541754 0.200717 0.048017 0.107527
4 0.091858 0.816308 0.050104 0.112903
0 0.727035 0.456093 0.061587 0.091398
37 0.970772 0.422043 0.018789 0.034050
0 0.223382 0.360215 0.050104 0.107527
28 0.823591 0.422939 0.029228 0.093190
36 0.480167 0.697133 0.020877 0.025090
0 0.420146 0.200717 0.049061 0.107527
0 0.869520 0.282258 0.048017 0.105735
29 0.480689 0.474910 0.042797 0.043011
0 0.222338 0.198925 0.050104 0.111111
4 0.582463 0.534050 0.050104 0.107527
37 0.652923 0.534050 0.017745 0.032258
6 0.460334 0.816308 0.050104 0.109319
29 0.937891 0.663978 0.044885 0.041219
4 0.870042 0.814516 0.051148 0.109319
30 0.399791 0.088710 0.037578 0.023297
30 0.560543 0.087814 0.039666 0.025090
28 0.938413 0.537634 0.054280 0.050179
37 0.307933 0.535842 0.018789 0.032258
37 0.071136 0.653217 0.018787 0.032248