30 0.351000 0.383741 0.028000 0.015734
32 0.341000 0.772727 0.072000 0.062937
29 0.351500 0.600524 0.027000 0.019231
29 0.071000 0.798077 0.038000 0.033217
32 0.782500 0.495629 0.071000 0.061189
37 0.046000 0.408217 0.088000 0.061189
23 0.529000 0.246503 0.096000 0.160839
30 0.606500 0.652972 0.031000 0.015734
23 0.609500 0.770979 0.095000 0.164336
32 0.147500 0.602273 0.073000 0.064685
32 0.311000 0.246503 0.072000 0.062937
23 0.347500 0.494755 0.093000 0.160839
32 0.198500 0.409091 0.075000 0.062937
30 0.527000 0.141608 0.028000 0.017483
29 0.525704 0.356252 0.029381 0.021145
37 0.953512 0.494508 0.092977 0.048735
29 0.607357 0.888119 0.029866 0.020017