29 0.937087 0.669751 0.069610 0.046973
21 0.364572 0.547267 0.057430 0.051161
21 0.361510 0.370472 0.054222 0.053920
14 0.663455 0.728077 0.067433 0.085209
14 0.660536 0.231871 0.067423 0.085214
32 0.364147 0.167926 0.057402 0.091913
32 0.676871 0.367386 0.057410 0.091915
32 0.366597 0.813309 0.057416 0.091907
32 0.938257 0.542827 0.057378 0.091897
32 0.678751 0.588825 0.057400 0.091897
8 0.101331 0.514947 0.114313 0.096499
28 0.225684 0.457139 0.046436 0.064761
30 0.676659 0.037611 0.057271 0.019927
29 0.104641 0.649385 0.065956 0.039692
29 0.678351 0.966052 0.061081 0.025247