29 0.806013 0.684676 0.092965 0.040026
32 0.516979 0.667759 0.035843 0.071887
37 0.083140 0.407003 0.025827 0.019554
37 0.907557 0.050513 0.023499 0.020308
37 0.743848 0.598630 0.024786 0.019338
37 0.640489 0.599238 0.021543 0.018117
37 0.902972 0.941595 0.026105 0.024795
32 0.512786 0.127265 0.035890 0.071929
32 0.319770 0.259442 0.035857 0.071885
32 0.826904 0.421294 0.035867 0.071932
32 0.512474 0.530950 0.035866 0.071953
32 0.374990 0.534087 0.035876 0.071902
32 0.700674 0.874520 0.035843 0.071917
32 0.618112 0.224838 0.079811 0.037420
32 0.453295 0.464585 0.077021 0.034803
21 0.455736 0.133817 0.047904 0.043532
21 0.825849 0.125324 0.047918 0.043504
21 0.825850 0.180147 0.047921 0.043517
18 0.491105 0.316996 0.057909 0.084856
18 0.726999 0.321159 0.057916 0.084838
14 0.296564 0.406787 0.056367 0.077254
14 0.542179 0.816134 0.056347 0.077269