32 0.328753 0.842320 0.021142 0.083333
32 0.884249 0.513889 0.017970 0.080065
32 0.690803 0.317810 0.022199 0.080065
37 0.933932 0.093954 0.011628 0.021242
28 0.618393 0.392974 0.029598 0.031046
32 0.884249 0.354575 0.020085 0.081699
32 0.763214 0.839869 0.021142 0.088235
32 0.689746 0.838235 0.020085 0.084967
32 0.546512 0.429739 0.021142 0.084967
32 0.690275 0.466503 0.023256 0.086601
32 0.438161 0.839869 0.022199 0.081699
37 0.389535 0.764706 0.011628 0.019608
37 0.932347 0.916667 0.012685 0.022876
37 0.932347 0.449346 0.012685 0.019608
32 0.160148 0.843137 0.022199 0.084967
37 0.100423 0.765523 0.012685 0.021242
32 0.245243 0.804739 0.021142 0.083333
18 0.175931 0.468396 0.052390 0.086475
14 0.752126 0.392867 0.051227 0.075712
18 0.317247 0.471005 0.052382 0.086463
14 0.869683 0.214917 0.051228 0.075690
14 0.146361 0.334836 0.051224 0.075693
37 0.101740 0.334028 0.011727 0.018735
14 0.347594 0.337731 0.051217 0.075700
18 0.271494 0.179412 0.052393 0.086488
14 0.751323 0.696127 0.051231 0.075690
18 0.421402 0.178609 0.052385 0.086486
14 0.676739 0.617169 0.051225 0.075704
14 0.632150 0.766294 0.051222 0.075724
14 0.529998 0.729961 0.051238 0.075708
14 0.452987 0.729962 0.051223 0.075711
14 0.312741 0.691111 0.051239 0.075707
14 0.212211 0.597129 0.051241 0.075700
14 0.175725 0.691113 0.051238 0.075712
18 0.564961 0.159466 0.052392 0.086482
18 0.749612 0.158601 0.052384 0.086484
14 0.826717 0.290108 0.051221 0.075709
18 0.870658 0.615465 0.052390 0.086480