20 0.682927 0.104895 0.035477 0.090909
14 0.066519 0.076923 0.031042 0.076923
32 0.746120 0.192308 0.015521 0.055944
14 0.168514 0.520979 0.035477 0.083916
32 0.378049 0.898601 0.015521 0.062937
28 0.620843 0.541958 0.013304 0.041958
18 0.364745 0.527972 0.033259 0.083916
18 0.307095 0.527972 0.033259 0.083916
37 0.056541 0.522727 0.015521 0.017483
14 0.421286 0.795455 0.035477 0.094406
14 0.515521 0.632867 0.037694 0.090909
18 0.610865 0.255245 0.033259 0.083916
18 0.467849 0.269231 0.035477 0.083916
32 0.701774 0.496503 0.015521 0.055944
28 0.533259 0.424825 0.015521 0.045455
28 0.534368 0.335664 0.013304 0.048951
14 0.876940 0.802448 0.037694 0.094406
14 0.302661 0.863636 0.037694 0.097902
14 0.216186 0.774476 0.037694 0.094406
32 0.481153 0.914336 0.017738 0.059441
32 0.597561 0.113636 0.015521 0.052448
32 0.596452 0.919580 0.017738 0.062937
14 0.082040 0.388112 0.039911 0.083916
32 0.249446 0.164336 0.033259 0.027972
32 0.203991 0.898601 0.017738 0.062937
37 0.907982 0.456294 0.011086 0.017483
14 0.730599 0.431818 0.033259 0.080420
32 0.480044 0.111888 0.015521 0.055944
37 0.056541 0.256993 0.011086 0.017483
14 0.838137 0.339161 0.035477 0.076923
14 0.707317 0.804196 0.035477 0.097902
37 0.903548 0.038462 0.006652 0.013986
32 0.888027 0.552448 0.015521 0.055944
32 0.638581 0.891608 0.017738 0.062937
32 0.547672 0.923077 0.017738 0.062937
14 0.584257 0.821678 0.037694 0.090909
32 0.888027 0.405594 0.015521 0.055944
18 0.681818 0.610140 0.033259 0.080420
14 0.689579 0.374126 0.035477 0.076923
32 0.293792 0.428322 0.015521 0.052448
14 0.365854 0.774476 0.039911 0.094406
14 0.780488 0.804196 0.035477 0.097902
14 0.875831 0.239510 0.035477 0.080420
28 0.152993 0.087413 0.035477 0.027972
14 0.495565 0.821678 0.037694 0.090909
32 0.378049 0.428322 0.015521 0.052448
32 0.330377 0.625874 0.035477 0.027972
32 0.217295 0.099650 0.035477 0.024476
14 0.238359 0.520979 0.033259 0.083916
18 0.839246 0.622378 0.033259 0.083916
32 0.845898 0.910839 0.019956 0.059441
14 0.129712 0.337413 0.037694 0.087413
37 0.898898 0.973869 0.008882 0.011879