14 0.811111 0.354861 0.035185 0.087500
32 0.695370 0.325694 0.040741 0.034722
32 0.656019 0.800694 0.021296 0.062500
32 0.440741 0.815278 0.022222 0.061111
12 0.735648 0.197222 0.041667 0.061111
32 0.693519 0.445139 0.038889 0.034722
32 0.535185 0.070833 0.042593 0.033333
12 0.530556 0.196528 0.040741 0.059722
32 0.861111 0.413194 0.022222 0.065278
12 0.440278 0.197222 0.039815 0.058333
8 0.065278 0.183333 0.039815 0.058333
29 0.119444 0.962500 0.024074 0.022222
14 0.642130 0.568750 0.036111 0.084722
18 0.847685 0.611111 0.034259 0.086111
8 0.119444 0.909028 0.038889 0.056944
14 0.723611 0.392361 0.034259 0.087500
29 0.021296 0.561806 0.024074 0.023611
32 0.298148 0.802083 0.022222 0.062500
28 0.593056 0.459722 0.023148 0.016667
32 0.530556 0.400000 0.022222 0.063889
8 0.021296 0.478472 0.038889 0.059722
14 0.231019 0.405556 0.036111 0.086111
29 0.065741 0.238889 0.024074 0.025000
32 0.089352 0.299306 0.043519 0.034722
32 0.096759 0.406250 0.041667 0.034722
32 0.860185 0.518750 0.022222 0.059722
14 0.722923 0.674131 0.035184 0.088900
18 0.256944 0.514583 0.034259 0.084722
14 0.391667 0.405556 0.035185 0.086111
12 0.333333 0.195833 0.040741 0.058333
14 0.283796 0.595139 0.034259 0.084722
32 0.736574 0.801389 0.023148 0.063889
14 0.257407 0.702778 0.035185 0.086111
32 0.244907 0.802083 0.023148 0.062500
32 0.379167 0.801389 0.021296 0.061111
18 0.362993 0.515047 0.034264 0.084730
37 0.035128 0.301120 0.015781 0.035247
14 0.849638 0.275129 0.035776 0.087754
14 0.365418 0.700414 0.034257 0.084728
14 0.454183 0.729116 0.034256 0.084728
14 0.517421 0.732605 0.034256 0.084729
14 0.606180 0.747396 0.034262 0.084721