35 0.787488 0.507779 0.010506 0.050994
18 0.642550 0.541054 0.019580 0.057044
28 0.219436 0.490061 0.015759 0.012100
35 0.083811 0.493518 0.010984 0.051858
29 0.423591 0.630942 0.015282 0.017286
14 0.643505 0.391530 0.019580 0.057044
35 0.703916 0.508643 0.011461 0.049265
35 0.734479 0.149957 0.010506 0.052723
29 0.900191 0.547969 0.017192 0.020743
28 0.112942 0.437338 0.010029 0.039758
14 0.537966 0.829300 0.021490 0.061366
35 0.786772 0.410977 0.009074 0.050994
29 0.174785 0.630078 0.015282 0.017286
14 0.642550 0.541054 0.019580 0.058773
21 0.544651 0.480121 0.017670 0.019879
18 0.334050 0.173725 0.019580 0.057044
37 0.927246 0.459378 0.011130 0.014693
35 0.144938 0.492653 0.011939 0.050130
14 0.809456 0.748055 0.021012 0.063094
28 0.515043 0.762316 0.009074 0.031115
35 0.295129 0.301210 0.011461 0.049265
14 0.718959 0.679775 0.019580 0.056180
35 0.363897 0.301210 0.011461 0.049265
29 0.401385 0.287813 0.017670 0.020743
18 0.817096 0.227744 0.018147 0.054451
35 0.704394 0.411841 0.011461 0.049265
29 0.492359 0.287813 0.017192 0.020743
14 0.726600 0.280467 0.018625 0.054451
18 0.718959 0.680207 0.019580 0.057044
37 0.038620 0.904581 0.009971 0.020568
37 0.048956 0.594360 0.011352 0.016925
37 0.048787 0.553871 0.011021 0.018121
37 0.046080 0.027959 0.010435 0.019236
37 0.926598 0.514455 0.008599 0.014695
21 0.636305 0.317368 0.017672 0.019882
35 0.547156 0.393165 0.019729 0.056384
18 0.371849 0.434126 0.019582 0.057045
18 0.288908 0.430496 0.019577 0.057044
18 0.538484 0.171342 0.019583 0.057047
21 0.491964 0.122744 0.017670 0.019886
21 0.492518 0.056271 0.017671 0.019880
21 0.400417 0.055769 0.017673 0.019880
21 0.400972 0.124256 0.017674 0.019872
21 0.636378 0.633401 0.017670 0.019875
21 0.545390 0.533698 0.017672 0.019878
35 0.726668 0.808277 0.010504 0.052727
35 0.125231 0.022170 0.027247 0.021026
35 0.186136 0.431902 0.027245 0.021036
35 0.126430 0.938813 0.027244 0.021041
35 0.744699 0.557365 0.027244 0.021029
35 0.744699 0.365912 0.027245 0.021023
35 0.450592 0.432239 0.027244 0.021039
35 0.295261 0.876260 0.010508 0.052724
35 0.424062 0.494171 0.010503 0.052719
35 0.327415 0.072114 0.010504 0.052722
35 0.402423 0.220922 0.010509 0.052722
35 0.493302 0.219176 0.010507 0.052719
35 0.545232 0.071241 0.010510 0.052724