35 0.308853 0.137615 0.030181 0.110092
35 0.431590 0.732416 0.030181 0.107034
29 0.205231 0.325688 0.048290 0.045872
28 0.039235 0.247706 0.074447 0.036697
28 0.554326 0.717125 0.050302 0.039755
31 0.936620 0.593272 0.034205 0.152905
28 0.741449 0.498471 0.050302 0.036697
28 0.204225 0.152905 0.050302 0.036697
29 0.679074 0.668196 0.050302 0.045872
28 0.225352 0.559633 0.024145 0.079511
29 0.040241 0.368502 0.048290 0.045872
28 0.740443 0.715596 0.048290 0.036697
35 0.431590 0.137615 0.030181 0.110092
29 0.369215 0.918960 0.050302 0.045872
37 0.957746 0.279817 0.016097 0.021407
14 0.412475 0.434251 0.056338 0.134557
35 0.306841 0.730887 0.030181 0.110092
28 0.038227 0.109278 0.074447 0.036688