11 0.959184 0.628788 0.026531 0.036364
28 0.611735 0.628788 0.035714 0.024242
37 0.776020 0.651515 0.011224 0.018182
35 0.209184 0.560606 0.046939 0.036364
35 0.438776 0.143182 0.024490 0.071212
35 0.112755 0.568182 0.023469 0.075758
28 0.571429 0.325758 0.034694 0.024242
14 0.428571 0.560606 0.036735 0.057576
28 0.326020 0.887121 0.035714 0.022727
28 0.878061 0.310606 0.035714 0.024242
35 0.438776 0.887121 0.024490 0.071212
35 0.255612 0.310606 0.025510 0.072727
28 0.061224 0.567424 0.034694 0.022727
35 0.254592 0.900000 0.023469 0.069697
35 0.744898 0.584091 0.024490 0.071212
31 0.442347 0.280303 0.019388 0.081818
28 0.743572 0.326146 0.046968 0.050399
28 0.661211 0.326117 0.046966 0.050388