28 0.658949 0.500891 0.028786 0.024955
28 0.289111 0.620321 0.017522 0.042781
29 0.178348 0.968806 0.028786 0.026738
28 0.624531 0.689840 0.020025 0.042781
11 0.564456 0.855615 0.052566 0.046346
14 0.409262 0.382353 0.032541 0.083779
11 0.181477 0.856506 0.050063 0.044563
31 0.174177 0.521457 0.025025 0.149725
8 0.035670 0.587344 0.053817 0.076649
28 0.120150 0.380570 0.017522 0.040998
31 0.559449 0.516934 0.025031 0.149733
28 0.648936 0.074866 0.018773 0.039216
32 0.924280 0.278075 0.026283 0.074866
8 0.179599 0.722816 0.053817 0.073084