32 0.212468 0.263789 0.038168 0.071942
31 0.835242 0.522040 0.031807 0.150416
29 0.451018 0.696643 0.077608 0.035971
29 0.211196 0.696043 0.076336 0.037170
28 0.914122 0.361511 0.029262 0.056355
29 0.963104 0.470024 0.073791 0.035971
14 0.433842 0.426259 0.050891 0.075540
28 0.588422 0.603717 0.059796 0.025180
28 0.690840 0.603118 0.061069 0.026379
32 0.452290 0.588729 0.036896 0.071942
31 0.458015 0.169065 0.035623 0.139089
32 0.211832 0.587530 0.036896 0.074341
28 0.639949 0.361511 0.030534 0.056355
28 0.057888 0.425659 0.031807 0.057554
29 0.759542 0.729616 0.078880 0.037170
29 0.587786 0.697242 0.076336 0.034772
31 0.835741 0.748749 0.031809 0.150422