35 0.773453 0.206542 0.033932 0.080374
29 0.625749 0.952336 0.061876 0.031776
37 0.426148 0.047664 0.033932 0.031776
35 0.202595 0.463551 0.037924 0.082243
14 0.477046 0.658879 0.067864 0.102804
35 0.500000 0.838318 0.033932 0.080374
28 0.500998 0.358879 0.059880 0.026168
31 0.638723 0.452336 0.035928 0.100935
28 0.625749 0.847664 0.061876 0.035514
31 0.637725 0.265421 0.037924 0.104673
35 0.202595 0.791589 0.033932 0.080374
29 0.774451 0.952336 0.063872 0.031776
28 0.127745 0.659813 0.027944 0.056075
29 0.202595 0.953271 0.061876 0.033645
37 0.885230 0.544860 0.033932 0.028037
29 0.500998 0.952336 0.059880 0.031776
28 0.327345 0.800935 0.059880 0.035514
29 0.327345 0.953271 0.059880 0.033645
28 0.775449 0.754206 0.061876 0.028037