7 0.258500 0.402086 0.055000 0.061472
29 0.393000 0.974903 0.048000 0.042471
28 0.028500 0.483591 0.047000 0.059846
29 0.870500 0.420849 0.045000 0.034749
31 0.463500 0.245174 0.019000 0.127413
31 0.502500 0.466216 0.021000 0.121622
35 0.964500 0.206564 0.019000 0.069498
31 0.716000 0.032819 0.044000 0.038610
7 0.379305 0.817568 0.031390 0.110039
28 0.506000 0.817568 0.030000 0.040541
28 0.124000 0.189189 0.028000 0.042471
28 0.869500 0.225869 0.029000 0.038610
21 0.622028 0.038380 0.021150 0.069958
31 0.502306 0.249453 0.019006 0.127400
21 0.621751 0.631655 0.021145 0.069952