29 0.374413 0.806513 0.053991 0.042146
28 0.221831 0.708812 0.044601 0.053640
29 0.606808 0.670498 0.053991 0.045977
32 0.454225 0.599617 0.086854 0.042146
28 0.374413 0.708812 0.039906 0.045977
31 0.752347 0.256705 0.077465 0.045977
28 0.528169 0.708812 0.042254 0.045977
28 0.684272 0.710728 0.044601 0.049808
14 0.356808 0.415709 0.051643 0.149425
32 0.133803 0.411877 0.084507 0.042146
29 0.045775 0.513410 0.053991 0.045977
28 0.528169 0.427203 0.042254 0.049808
37 0.889671 0.254789 0.018779 0.034483
31 0.684272 0.477011 0.030516 0.126437
32 0.510378 0.100282 0.084505 0.042133