14 0.900113 0.516636 0.060319 0.122707
29 0.972312 0.592134 0.055375 0.038439
37 0.564588 0.135778 0.067374 0.068849
28 0.721155 0.485464 0.074390 0.034101
32 0.373136 0.166556 0.037197 0.087699
32 0.531443 0.486006 0.037205 0.087675
18 0.506171 0.272101 0.068146 0.126169
21 0.719930 0.854040 0.046233 0.045116
32 0.213582 0.274504 0.077669 0.040617
29 0.530053 0.629405 0.059514 0.042656
31 0.722172 0.658300 0.044630 0.094848
29 0.719197 0.980262 0.057173 0.039475
37 0.045727 0.241288 0.091454 0.061781
37 0.405209 0.033317 0.069713 0.066633