35 0.281875 0.190363 0.041250 0.102686
28 0.198750 0.498420 0.032500 0.090047
35 0.810000 0.628752 0.042500 0.104265
35 0.283125 0.705371 0.041250 0.099526
28 0.667500 0.439968 0.032500 0.090047
35 0.056250 0.609795 0.037500 0.104265
21 0.284375 0.445498 0.056250 0.060032
37 0.931875 0.092417 0.018750 0.030016
8 0.055625 0.736177 0.063750 0.078989
18 0.503750 0.571880 0.090000 0.110585
21 0.285000 0.366509 0.055000 0.060032
14 0.507452 0.306982 0.102113 0.115271
37 0.766722 0.764561 0.034998 0.049308
37 0.129644 0.782572 0.038006 0.049092