37 0.196600 0.691134 0.017561 0.014689
37 0.855821 0.586423 0.024898 0.022357
28 0.307800 0.278703 0.056792 0.024171
28 0.425876 0.614828 0.062235 0.029010
28 0.898841 0.842663 0.062225 0.024173
32 0.206412 0.163879 0.077789 0.027195
32 0.446881 0.275077 0.035016 0.056194
32 0.717979 0.277193 0.032677 0.061633
32 0.549177 0.536449 0.074685 0.030209
32 0.298302 0.692665 0.073898 0.025983
32 0.717589 0.856134 0.030337 0.064058
0 0.699215 0.162040 0.049283 0.053955
0 0.699104 0.691668 0.045929 0.053083
29 0.716258 0.979474 0.055107 0.020650
37 0.059263 0.163128 0.031124 0.018635
37 0.717814 0.058273 0.023340 0.017118