32 0.158410 0.580336 0.032186 0.108781
32 0.433671 0.582082 0.127733 0.028721
32 0.159323 0.843809 0.033742 0.097909
28 0.242512 0.463671 0.040695 0.048594
28 0.359560 0.196791 0.032042 0.047111
32 0.157885 0.317966 0.031136 0.107908
37 0.858564 0.581805 0.036351 0.031170
37 0.163565 0.096521 0.045430 0.034466
29 0.671027 0.967366 0.059169 0.027194
28 0.241203 0.702240 0.041571 0.051497
28 0.783122 0.579696 0.029422 0.047141
28 0.674459 0.866146 0.051023 0.028279
32 0.560803 0.197442 0.120505 0.031327