29 0.332500 0.746204 0.055000 0.039046
28 0.633333 0.425163 0.070000 0.034707
29 0.452500 0.981562 0.055000 0.036876
29 0.815833 0.981562 0.058333 0.036876
29 0.635000 0.587852 0.056667 0.043384
32 0.452500 0.819957 0.038333 0.104121
21 0.453333 0.502169 0.063333 0.054230
32 0.331667 0.582430 0.036667 0.101952
32 0.634167 0.186551 0.038333 0.104121
32 0.332500 0.343818 0.035000 0.101952
14 0.791667 0.658351 0.066667 0.136659
32 0.815000 0.817787 0.036667 0.104121
21 0.838333 0.460528 0.083333 0.088084
37 0.664915 0.037186 0.061788 0.074373
37 0.358900 0.190732 0.063521 0.075427
37 0.843043 0.310310 0.056978 0.069029