37 0.911635 0.525199 0.020619 0.031830
37 0.087629 0.846154 0.022091 0.031830
37 0.754786 0.916446 0.022091 0.034483
0 0.844624 0.167109 0.054492 0.100796
28 0.431517 0.460212 0.032401 0.034483
37 0.911635 0.915119 0.020619 0.031830
37 0.911635 0.785146 0.020619 0.031830
0 0.605302 0.332891 0.058910 0.092838
4 0.412371 0.846154 0.044183 0.106101
4 0.622239 0.675066 0.045655 0.103448
28 0.142857 0.360743 0.029455 0.037135
4 0.856406 0.884615 0.054492 0.076923
4 0.412371 0.115385 0.044183 0.103448
6 0.286451 0.116711 0.042710 0.100796
28 0.303387 0.360743 0.032401 0.037135
37 0.913108 0.014589 0.020619 0.029178
4 0.517673 0.677719 0.042710 0.103448
0 0.512518 0.501326 0.050074 0.106101
29 0.430781 0.985411 0.030928 0.029178
4 0.891016 0.265252 0.055965 0.079576
37 0.916789 0.167109 0.022091 0.031830
4 0.776878 0.263926 0.057437 0.087533
30 0.534610 0.403183 0.029455 0.026525
4 0.694404 0.751989 0.054492 0.071618
29 0.949926 0.356764 0.029455 0.034483
37 0.460360 0.586866 0.022034 0.027153
2 0.857280 0.752904 0.054626 0.084553
2 0.856685 0.498062 0.054613 0.084569
4 0.159962 0.109173 0.044192 0.103440