2 0.261574 0.223776 0.025463 0.107226
4 0.901620 0.163170 0.025463 0.111888
36 0.489583 0.750583 0.023148 0.032634
4 0.683449 0.748252 0.024306 0.102564
28 0.243634 0.385781 0.012731 0.062937
2 0.554977 0.167832 0.026620 0.111888
0 0.060764 0.231935 0.024306 0.104895
36 0.139468 0.393939 0.017361 0.018648
0 0.310185 0.145688 0.025463 0.104895
4 0.101852 0.636364 0.025463 0.111888
36 0.693287 0.371795 0.016204 0.020979
0 0.102431 0.307692 0.024306 0.107226
12 0.657986 0.811189 0.033565 0.069930
0 0.833912 0.164336 0.024306 0.109557
36 0.693287 0.152681 0.016204 0.020979
12 0.051505 0.376457 0.033565 0.072261
4 0.149306 0.761072 0.025463 0.109557
36 0.308449 0.751748 0.021991 0.030303
4 0.831597 0.552448 0.024306 0.111888
28 0.782407 0.525641 0.030093 0.025641
36 0.095486 0.216783 0.019676 0.027972
0 0.733796 0.297203 0.030093 0.109557
4 0.260995 0.551282 0.026620 0.109557
4 0.348380 0.552448 0.025463 0.111888
4 0.524884 0.551282 0.026620 0.109557
4 0.436921 0.553613 0.024306 0.109557
32 0.205440 0.395105 0.021991 0.044289
2 0.684028 0.296037 0.025463 0.107226
6 0.299190 0.850816 0.024306 0.107226
0 0.505208 0.226107 0.024306 0.107226
36 0.141782 0.217949 0.019676 0.030303
4 0.734375 0.624709 0.028935 0.111888
4 0.866898 0.849650 0.027778 0.109557
36 0.515046 0.152681 0.013889 0.020979
4 0.226852 0.858974 0.025463 0.104895
6 0.480903 0.850816 0.024306 0.107226
0 0.648148 0.545455 0.027778 0.107226
4 0.919560 0.551282 0.026620 0.109557
30 0.659722 0.465035 0.027778 0.020979
32 0.568866 0.385781 0.017361 0.044289
36 0.744792 0.155012 0.015046 0.020979
28 0.535301 0.385781 0.015046 0.062937
12 0.219907 0.663170 0.034722 0.072261
4 0.648148 0.698135 0.027778 0.090909
28 0.781948 0.599591 0.030094 0.025650
36 0.743490 0.856820 0.016212 0.020981
36 0.693133 0.856823 0.016202 0.020987
36 0.658261 0.856822 0.016201 0.020990
36 0.219230 0.746422 0.016214 0.032195
30 0.220645 0.607533 0.019600 0.018201
4 0.146627 0.301427 0.026628 0.109552
36 0.302991 0.226842 0.011618 0.028404
36 0.387701 0.450922 0.029008 0.040824