37 0.968998 0.455836 0.011129 0.034700
4 0.440382 0.764984 0.025437 0.072555
0 0.300477 0.430599 0.028617 0.078864
0 0.211447 0.537855 0.028617 0.078864
4 0.120827 0.764984 0.025437 0.072555
4 0.302067 0.766562 0.025437 0.075710
29 0.506359 0.966877 0.023847 0.028391
18 0.806041 0.755521 0.025437 0.066246
32 0.931801 0.649221 0.055953 0.108497
32 0.858506 0.640379 0.022258 0.100946
0 0.045310 0.427445 0.027027 0.078864
2 0.496025 0.257098 0.028617 0.085174
2 0.725755 0.258675 0.030207 0.082019
32 0.670111 0.643533 0.023847 0.100946
4 0.515103 0.763407 0.025437 0.069401
0 0.658983 0.380126 0.030207 0.078864
0 0.120032 0.539432 0.027027 0.075710
2 0.439587 0.257098 0.030207 0.078864
32 0.814785 0.570978 0.023847 0.100946
18 0.722576 0.755521 0.027027 0.066246
2 0.805246 0.258675 0.030207 0.082019
0 0.182830 0.255521 0.028617 0.082019
4 0.210652 0.763407 0.027027 0.075710
0 0.922099 0.258675 0.028617 0.075710
4 0.042925 0.763407 0.025437 0.075710
0 0.356121 0.253943 0.028617 0.078864
30 0.561208 0.712934 0.031797 0.025237
4 0.376789 0.763407 0.025437 0.075710
30 0.505046 0.100890 0.031797 0.025242
0 0.559147 0.380396 0.030214 0.078866