14 0.765283 0.603636 0.025989 0.082665
12 0.574408 0.847140 0.023781 0.053082
37 0.123190 0.021040 0.014729 0.023056
37 0.123664 0.520836 0.013179 0.021343
37 0.123901 0.679074 0.014081 0.021679
37 0.122773 0.965203 0.014736 0.021139
37 0.930955 0.499270 0.012428 0.023175
28 0.515393 0.145021 0.023758 0.030454
28 0.530652 0.539361 0.022572 0.027224
28 0.626728 0.496555 0.022276 0.037286
35 0.303791 0.082722 0.024499 0.083393
35 0.441442 0.084532 0.024485 0.083375
35 0.441914 0.202735 0.024528 0.083388
35 0.305212 0.201279 0.024522 0.083401
35 0.819946 0.127317 0.024510 0.083412
35 0.887832 0.437697 0.024506 0.083411
35 0.887104 0.553886 0.024524 0.083409
35 0.817601 0.906168 0.024531 0.083398
35 0.774700 0.903979 0.024515 0.083386
35 0.528163 0.666127 0.024516 0.083407
35 0.167287 0.521154 0.055778 0.029608
35 0.167678 0.679207 0.055781 0.029626
12 0.216902 0.105264 0.023738 0.053041
12 0.628718 0.083944 0.023743 0.053050
12 0.304027 0.848885 0.023755 0.053079
12 0.683013 0.846258 0.023752 0.053079
21 0.261421 0.382290 0.028290 0.035525
21 0.397637 0.381910 0.028278 0.035557
21 0.480135 0.504479 0.028282 0.035545
21 0.480129 0.546526 0.028291 0.035541
21 0.481065 0.592944 0.028278 0.035536
21 0.215218 0.596563 0.028283 0.035507
21 0.216168 0.641525 0.028277 0.035546
21 0.265651 0.597302 0.028286 0.035526
21 0.266123 0.642245 0.028268 0.035558
21 0.730905 0.541451 0.028278 0.035521
21 0.605977 0.864883 0.028283 0.035534
14 0.878994 0.267300 0.025982 0.082656
14 0.841644 0.353858 0.026008 0.082660
14 0.765285 0.737648 0.025991 0.082688
14 0.810532 0.808990 0.025989 0.082690
14 0.636878 0.800293 0.025998 0.082664
14 0.432681 0.681072 0.025982 0.082694
14 0.295230 0.521815 0.026004 0.082703
14 0.292963 0.424355 0.025980 0.082695
14 0.363097 0.423485 0.025975 0.082674
14 0.433810 0.425236 0.026006 0.082700
14 0.563531 0.324117 0.025973 0.082658
14 0.691824 0.328292 0.026004 0.082681
18 0.656992 0.422640 0.025943 0.075435
18 0.598801 0.422647 0.025928 0.075422
18 0.225942 0.421911 0.025940 0.075422
18 0.845324 0.608291 0.025940 0.075409
18 0.878323 0.672825 0.025927 0.075426
37 0.332011 0.143146 0.014723 0.023078
37 0.410910 0.143628 0.014739 0.023056