4 0.828750 0.657285 0.102500 0.086093
11 0.581250 0.652318 0.107500 0.062914
4 0.423750 0.527318 0.107500 0.091060
0 0.745000 0.281457 0.105000 0.082781
36 0.582500 0.278146 0.045000 0.019868
4 0.332500 0.658940 0.105000 0.089404
4 0.538750 0.841060 0.102500 0.089404
4 0.741250 0.527318 0.107500 0.091060
2 0.421250 0.281457 0.102500 0.086093
37 0.940000 0.390728 0.040000 0.026490
37 0.196250 0.657285 0.037500 0.026490
37 0.971250 0.656457 0.037500 0.024834
0 0.742500 0.164735 0.105000 0.084437
37 0.286250 0.282285 0.042500 0.024834
0 0.421250 0.164735 0.102500 0.084437
37 0.851229 0.930207 0.037504 0.024843
37 0.400292 0.843847 0.037500 0.024831
37 0.404620 0.935238 0.037496 0.024844