32 0.773333 0.222482 0.040000 0.117096
32 0.307500 0.221311 0.038333 0.114754
28 0.140833 0.223653 0.075000 0.035129
14 0.699167 0.689696 0.071667 0.161593
29 0.274167 0.975410 0.065000 0.044496
36 0.406667 0.405152 0.030000 0.028103
29 0.674167 0.837237 0.061667 0.053864
32 0.773333 0.546838 0.040000 0.114754
14 0.380833 0.690867 0.071667 0.159251
32 0.173333 0.689696 0.086667 0.058548
32 0.272500 0.826698 0.041667 0.117096
29 0.407500 0.837237 0.061667 0.049180
32 0.306667 0.546838 0.040000 0.119438
29 0.140833 0.370023 0.065000 0.051522
36 0.773333 0.402810 0.030000 0.028103
37 0.037886 0.645827 0.075773 0.092741
37 0.950260 0.367809 0.099480 0.094836
37 0.808870 0.040536 0.074316 0.081073
37 0.339102 0.044009 0.067501 0.088019
37 0.176231 0.042708 0.073696 0.085415