29 0.654630 0.882716 0.061111 0.041975
14 0.632407 0.480247 0.064815 0.145679
8 0.085185 0.756790 0.070370 0.091358
8 0.325000 0.555556 0.068519 0.088889
32 0.535185 0.316049 0.037037 0.108642
28 0.835185 0.397531 0.025926 0.093827
32 0.533333 0.639506 0.040741 0.108642
28 0.475000 0.476543 0.027778 0.093827
32 0.656481 0.317284 0.038889 0.111111
32 0.655556 0.677778 0.040741 0.106173
37 0.111681 0.643523 0.062555 0.075503
37 0.345279 0.442666 0.045669 0.072594
37 0.556583 0.441547 0.040791 0.077653
37 0.920172 0.362134 0.055477 0.072612
37 0.680538 0.082240 0.062000 0.077456