37 0.950435 0.417166 0.019130 0.023952
32 0.500870 0.756487 0.045217 0.123752
28 0.101739 0.614770 0.029565 0.075848
28 0.418261 0.614770 0.029565 0.075848
32 0.178261 0.761477 0.046957 0.129741
37 0.640000 0.044910 0.024348 0.025948
28 0.829565 0.822355 0.073043 0.047904
28 0.800870 0.417166 0.022609 0.059880
28 0.260000 0.614770 0.029565 0.075848
32 0.705217 0.280439 0.043478 0.113772
32 0.704348 0.816367 0.045217 0.103792
36 0.566087 0.408184 0.053913 0.041916
37 0.951304 0.946108 0.020870 0.023952
32 0.341739 0.767465 0.046957 0.125749
32 0.563478 0.269461 0.045217 0.111776
14 0.688160 0.615493 0.110698 0.131392