32 0.354630 0.187654 0.035185 0.093827
8 0.875926 0.445679 0.062963 0.081481
28 0.628704 0.665432 0.064815 0.032099
29 0.353704 0.854321 0.055556 0.039506
28 0.628704 0.335802 0.024074 0.083951
32 0.354630 0.665432 0.035185 0.096296
32 0.491667 0.666667 0.035185 0.093827
14 0.470370 0.448148 0.059259 0.130864
32 0.738889 0.518519 0.037037 0.098765
32 0.491667 0.186420 0.035185 0.096296
37 0.781481 0.295062 0.081481 0.066667
28 0.299074 0.446914 0.024074 0.083951
32 0.187963 0.445679 0.079630 0.051852
8 0.078704 0.629630 0.061111 0.083951
37 0.532843 0.303507 0.089391 0.074055
37 0.395131 0.412274 0.086786 0.070571
37 0.528267 0.524095 0.088126 0.071435
37 0.119055 0.408795 0.090716 0.081013