8 0.704318 0.660690 0.065536 0.115862
37 0.965305 0.577931 0.020046 0.035862
37 0.898612 0.282069 0.010023 0.017931
37 0.410177 0.024138 0.020046 0.031724
28 0.107556 0.377241 0.022359 0.114483
32 0.185428 0.179310 0.028527 0.121379
32 0.899383 0.720690 0.028527 0.120000
37 0.025829 0.882069 0.019275 0.034483
32 0.186199 0.751034 0.026985 0.122759
29 0.339630 0.933793 0.028527 0.030345
32 0.245181 0.504138 0.027756 0.120000
32 0.784888 0.453103 0.069391 0.053793
4 0.328450 0.377931 0.030840 0.080000
4 0.885891 0.453103 0.032382 0.081379
32 0.340401 0.751724 0.026985 0.121379
32 0.340786 0.130345 0.027756 0.117241
28 0.443716 0.262069 0.020817 0.115862
37 0.964148 0.849655 0.019275 0.033103
29 0.897070 0.901379 0.030069 0.034483
32 0.553200 0.564138 0.026985 0.124138
28 0.434850 0.754483 0.063223 0.038621
37 0.025829 0.374483 0.019275 0.034483