0 0.245826 0.271533 0.068646 0.067153
4 0.543599 0.899270 0.066790 0.067153
4 0.497217 0.343066 0.066790 0.067153
37 0.839518 0.412409 0.024119 0.018978
4 0.641929 0.621898 0.070501 0.067153
0 0.719852 0.272263 0.066790 0.065693
4 0.320037 0.621898 0.068646 0.067153
29 0.394249 0.975912 0.064935 0.027737
0 0.243970 0.132847 0.068646 0.067153
36 0.526902 0.131387 0.025974 0.014599
29 0.525974 0.421168 0.061224 0.024818
36 0.571429 0.826277 0.025974 0.014599
0 0.552876 0.202920 0.070501 0.064234
4 0.188312 0.689781 0.068646 0.068613
37 0.073284 0.689781 0.024119 0.018978
2 0.377551 0.480292 0.068646 0.064234
0 0.719852 0.134307 0.066790 0.067153
36 0.394249 0.826277 0.027829 0.014599
37 0.348794 0.400730 0.022263 0.018978
37 0.073284 0.829197 0.024119 0.020438
6 0.365492 0.900000 0.066790 0.065693
4 0.720779 0.551825 0.068646 0.067153
4 0.245826 0.552555 0.068646 0.068613
29 0.570501 0.975912 0.061224 0.027737
30 0.524119 0.066423 0.050093 0.016058
4 0.777365 0.689781 0.066790 0.068613
0 0.586271 0.483212 0.066790 0.070073
37 0.403525 0.343066 0.027829 0.020438
36 0.348794 0.270803 0.029685 0.016058
37 0.248156 0.898965 0.024122 0.020441