32 0.851515 0.120000 0.046465 0.080000
32 0.156566 0.438333 0.046465 0.080000
18 0.513131 0.819167 0.080808 0.115000
32 0.156566 0.279167 0.046465 0.081667
28 0.387879 0.629167 0.088889 0.025000
32 0.541414 0.662500 0.048485 0.085000
28 0.696970 0.564167 0.032323 0.071667
14 0.279798 0.660833 0.082828 0.111667
32 0.155556 0.755833 0.048485 0.081667
29 0.542424 0.983333 0.074747 0.033333
14 0.513131 0.343333 0.084848 0.110000
32 0.542424 0.470000 0.046465 0.080000
32 0.311111 0.438333 0.044444 0.076667
32 0.152525 0.565000 0.050505 0.080000
37 0.567582 0.220274 0.072076 0.065330
37 0.883145 0.030020 0.075587 0.060040