14 0.520446 0.485401 0.040892 0.094891
29 0.732342 0.925791 0.048327 0.041363
32 0.733271 0.745742 0.039033 0.099757
29 0.121747 0.879562 0.050186 0.046229
29 0.535316 0.927007 0.048327 0.038929
8 0.121747 0.665089 0.076208 0.119943
28 0.328067 0.486618 0.024164 0.063260
28 0.633829 0.627737 0.026022 0.063260
37 0.247212 0.721411 0.022305 0.026764
32 0.409851 0.324818 0.035316 0.090024
37 0.820632 0.627737 0.024164 0.029197
32 0.192379 0.486618 0.072491 0.048662
32 0.536245 0.746959 0.035316 0.097324
37 0.410077 0.117443 0.047063 0.054308
37 0.535351 0.236468 0.050263 0.060557