28 0.178631 0.278285 0.033389 0.071168
28 0.549249 0.875000 0.030050 0.071168
37 0.864775 0.769161 0.026711 0.027372
29 0.746244 0.507299 0.086811 0.040146
29 0.230384 0.514599 0.083472 0.040146
32 0.383973 0.771898 0.106845 0.076642
28 0.615192 0.576642 0.065109 0.032847
29 0.282972 0.831204 0.081803 0.038321
28 0.693656 0.275547 0.035058 0.069343
14 0.483306 0.332684 0.118531 0.127740
32 0.231219 0.390511 0.065109 0.127737
29 0.630217 0.936131 0.078464 0.036496
32 0.581803 0.772810 0.111853 0.074818
29 0.614357 0.651460 0.080134 0.036496
31 0.614357 0.171533 0.046745 0.138686
31 0.482471 0.600365 0.043406 0.135036
32 0.747078 0.380474 0.065109 0.129562
37 0.615314 0.050328 0.027218 0.027663