36 0.402778 0.133333 0.031481 0.029630
32 0.274074 0.572840 0.040741 0.118519
28 0.274074 0.745679 0.074074 0.034568
32 0.500926 0.396296 0.038889 0.111111
8 0.112037 0.613580 0.072222 0.091358
32 0.630556 0.223457 0.038889 0.111111
28 0.272222 0.223457 0.074074 0.037037
29 0.501852 0.881481 0.062963 0.044444
28 0.567593 0.308642 0.027778 0.098765
32 0.501852 0.743210 0.040741 0.113580
32 0.827778 0.393827 0.040741 0.111111
32 0.501852 0.223457 0.037037 0.106173
28 0.566667 0.656790 0.025926 0.098765
32 0.500926 0.571605 0.038889 0.116049
32 0.273148 0.395062 0.038889 0.113580
37 0.194701 0.098740 0.052631 0.090328
37 0.854927 0.100620 0.066720 0.089122