37 0.072251 0.309847 0.010471 0.018676
32 0.329319 0.141766 0.038743 0.103565
28 0.729319 0.323430 0.019895 0.062818
32 0.176440 0.156197 0.036649 0.101868
32 0.828796 0.127334 0.038743 0.105263
28 0.126178 0.314092 0.017801 0.061121
32 0.580628 0.815789 0.036649 0.103565
14 0.342932 0.549236 0.026178 0.093379
37 0.891623 0.438879 0.011518 0.018676
36 0.493194 0.764856 0.018848 0.066214
14 0.826178 0.560272 0.029319 0.105263
32 0.494241 0.646859 0.037696 0.108659
28 0.401047 0.314092 0.018848 0.061121
29 0.584293 0.918506 0.041885 0.027165
29 0.498953 0.909168 0.042932 0.028862
21 0.255497 0.312394 0.029319 0.061121
32 0.479581 0.151952 0.037696 0.103565
32 0.732461 0.438031 0.068063 0.061121
30 0.480612 0.073778 0.025497 0.026132