32 0.615741 0.350617 0.035185 0.093827
37 0.614815 0.066667 0.048148 0.039506
28 0.352778 0.561728 0.024074 0.081481
32 0.456481 0.703704 0.035185 0.093827
28 0.667593 0.456790 0.024074 0.083951
8 0.222222 0.703704 0.059259 0.079012
29 0.615741 0.882716 0.053704 0.037037
32 0.458333 0.422222 0.035185 0.093827
32 0.799074 0.667901 0.035185 0.101235
14 0.594444 0.562963 0.059259 0.128395
37 0.827041 0.426432 0.060734 0.067679
8 0.614815 0.177778 0.062963 0.083951
37 0.292345 0.532016 0.047771 0.073092