32 0.278428 0.490566 0.071906 0.046122
28 0.729933 0.623690 0.078595 0.044025
32 0.602843 0.623690 0.031773 0.090147
29 0.842809 0.604822 0.053512 0.044025
29 0.351171 0.320755 0.050167 0.050314
29 0.533445 0.889937 0.053512 0.048218
32 0.456522 0.622642 0.033445 0.088050
28 0.712375 0.384696 0.033445 0.098532
29 0.214883 0.737945 0.051839 0.046122
32 0.603679 0.302935 0.030100 0.085954
32 0.843645 0.489518 0.031773 0.090147
7 0.586120 0.464361 0.041806 0.081761
32 0.456522 0.301887 0.030100 0.088050
8 0.215719 0.623690 0.073579 0.094340
28 0.405518 0.490566 0.035117 0.100629
8 0.352007 0.204403 0.075251 0.094340
8 0.533445 0.776730 0.073579 0.094340