6 0.241772 0.809381 0.053165 0.105788
4 0.731646 0.586826 0.053165 0.107784
4 0.388608 0.581836 0.053165 0.109780
0 0.731646 0.196607 0.053165 0.105788
28 0.658861 0.474052 0.031646 0.089820
36 0.263291 0.731537 0.020253 0.021956
0 0.177215 0.195609 0.055696 0.107784
37 0.903797 0.472056 0.020253 0.033932
28 0.859494 0.586826 0.058228 0.047904
0 0.346203 0.195609 0.054430 0.107784
4 0.132911 0.578842 0.055696 0.107784
29 0.859494 0.718563 0.048101 0.043912
4 0.730380 0.807385 0.055696 0.109780
32 0.533544 0.475050 0.077215 0.063872
0 0.730380 0.362275 0.053165 0.105788
37 0.063291 0.737525 0.020253 0.033932
37 0.063291 0.580838 0.020253 0.031936
29 0.262658 0.918164 0.039241 0.019960
37 0.172471 0.810889 0.020251 0.033937
30 0.365924 0.095008 0.018133 0.039770
37 0.171813 0.918670 0.020248 0.033943