28 0.352778 0.469136 0.024074 0.083951
32 0.656481 0.249383 0.075926 0.049383
32 0.600926 0.138272 0.072222 0.049383
8 0.876852 0.504938 0.064815 0.086420
7 0.554630 0.507407 0.046296 0.091358
29 0.573148 0.877778 0.053704 0.037037
32 0.573148 0.725926 0.035185 0.098765
32 0.187963 0.396296 0.072222 0.046914
28 0.656481 0.393827 0.024074 0.086420
32 0.463889 0.688889 0.035185 0.093827
32 0.793519 0.616049 0.035185 0.101235
8 0.078704 0.541975 0.064815 0.086420
28 0.682407 0.577778 0.024074 0.088889