32 0.472222 0.663660 0.035714 0.100515
29 0.873016 0.663660 0.055556 0.043814
32 0.871032 0.524485 0.035714 0.095361
37 0.295635 0.525773 0.019841 0.025773
28 0.746032 0.403351 0.027778 0.090206
28 0.718254 0.643041 0.027778 0.090206
12 0.622024 0.768041 0.077381 0.103093
29 0.471230 0.820876 0.053571 0.043814
32 0.201389 0.524485 0.073413 0.043814
8 0.108135 0.666237 0.077381 0.100515
4 0.588294 0.528351 0.085317 0.097938
32 0.621032 0.280928 0.031746 0.092784
29 0.108135 0.819588 0.057540 0.046392
28 0.383929 0.525773 0.025794 0.092784
37 0.945437 0.405545 0.021825 0.032739
29 0.779762 0.740979 0.055556 0.043814
37 0.622542 0.910655 0.023441 0.050483
37 0.619724 0.147120 0.020091 0.047860