37 0.884888 0.381188 0.015213 0.029703
29 0.209432 0.857426 0.041582 0.051485
32 0.601420 0.272277 0.024341 0.100990
32 0.600913 0.677228 0.025355 0.106931
32 0.812373 0.525743 0.026369 0.108911
28 0.692698 0.697030 0.052738 0.039604
29 0.481744 0.856436 0.040568 0.049505
29 0.812880 0.704950 0.041582 0.051485
8 0.209432 0.677228 0.057809 0.114851
14 0.578600 0.480198 0.055781 0.124752
32 0.271298 0.477228 0.053753 0.047525
28 0.409736 0.477228 0.020284 0.102970
29 0.693712 0.856436 0.040568 0.049505
32 0.481744 0.273267 0.024341 0.102970
29 0.601420 0.856436 0.042596 0.049505
37 0.745436 0.381188 0.016227 0.029703
37 0.337728 0.476238 0.016227 0.029703
28 0.672921 0.382178 0.021298 0.102970
32 0.481237 0.678218 0.025355 0.108911
37 0.482062 0.102671 0.016958 0.047935
37 0.602340 0.103101 0.017401 0.045315