29 0.509016 0.831887 0.142623 0.080260
29 0.809016 0.843818 0.126230 0.060738
4 0.635246 0.481562 0.080328 0.177874
32 0.668852 0.270065 0.045902 0.071584
8 0.213115 0.639913 0.091803 0.125813
28 0.739344 0.396963 0.036066 0.121475
29 0.812295 0.832972 0.139344 0.082430
28 0.808197 0.651844 0.095082 0.049892
32 0.674590 0.670282 0.044262 0.082430
37 0.831148 0.402386 0.016393 0.023861
28 0.419672 0.479393 0.036066 0.125813
32 0.508197 0.618221 0.049180 0.078091
29 0.211475 0.801518 0.144262 0.075922
37 0.670559 0.119818 0.026319 0.039154
32 0.323031 0.476294 0.063907 0.060558
29 0.669895 0.889109 0.024994 0.037414