28 0.334620 0.481025 0.023166 0.081594
37 0.599743 0.126186 0.018018 0.036053
32 0.457529 0.618596 0.027027 0.087287
37 0.921493 0.350095 0.015444 0.024668
32 0.194981 0.481973 0.055341 0.037951
28 0.698842 0.684061 0.054054 0.032258
12 0.599743 0.715370 0.061776 0.091082
28 0.696268 0.351044 0.023166 0.079696
29 0.866152 0.576850 0.041184 0.037951
29 0.124196 0.776091 0.045045 0.041746
32 0.601030 0.244782 0.023166 0.079696
37 0.781853 0.350095 0.016731 0.024668
29 0.699485 0.776091 0.042471 0.041746
14 0.581725 0.480076 0.054054 0.125237
8 0.124196 0.622391 0.060489 0.087287
32 0.865508 0.454459 0.024453 0.085389
29 0.457529 0.775142 0.042471 0.039848
29 0.599861 0.840330 0.015987 0.042902