28 0.318093 0.525298 0.021401 0.080357
32 0.180934 0.523810 0.054475 0.035714
32 0.508755 0.681548 0.025292 0.083333
29 0.390078 0.819940 0.040856 0.038690
29 0.717899 0.700893 0.042802 0.044643
8 0.119650 0.680060 0.056420 0.092262
37 0.788911 0.450893 0.017510 0.026786
29 0.507782 0.818452 0.042802 0.041667
32 0.389105 0.680060 0.023346 0.086310
28 0.578794 0.452381 0.021401 0.083333
32 0.716926 0.561012 0.025292 0.086310
29 0.118677 0.821429 0.042802 0.041667
14 0.485409 0.528274 0.056420 0.098214
29 0.599222 0.818452 0.042802 0.041667
32 0.390078 0.367560 0.025292 0.080357
32 0.508755 0.367560 0.025292 0.080357
28 0.599222 0.696429 0.054475 0.035714
37 0.506989 0.236032 0.021782 0.039153
37 0.390604 0.235677 0.019438 0.039887