31 0.715714 0.751269 0.042857 0.121827
7 0.735714 0.479695 0.054286 0.116751
30 0.541429 0.043147 0.048571 0.025381
28 0.457143 0.568528 0.045714 0.040609
31 0.377143 0.784264 0.040000 0.116751
31 0.182857 0.482234 0.068571 0.081218
32 0.264286 0.621827 0.037143 0.096447
28 0.631429 0.395939 0.045714 0.040609
31 0.542857 0.167513 0.045714 0.121827
29 0.715714 0.906091 0.037143 0.045685
37 0.087143 0.479695 0.020000 0.035533
32 0.631429 0.586294 0.040000 0.096447
3 0.354286 0.477157 0.057143 0.121827
37 0.631661 0.711554 0.032115 0.044353
29 0.374286 0.941624 0.034286 0.045685
32 0.541429 0.657360 0.042857 0.096447
37 0.905714 0.611675 0.022857 0.035533
28 0.814286 0.614213 0.022857 0.091371
37 0.264568 0.747775 0.030381 0.049669
37 0.544756 0.826543 0.034269 0.064483