37 0.714793 0.375233 0.021302 0.027933
30 0.537278 0.093110 0.033136 0.026071
0 0.778698 0.375233 0.049704 0.098696
4 0.360355 0.553073 0.050888 0.100559
0 0.163314 0.348231 0.049704 0.100559
4 0.120118 0.551210 0.050888 0.100559
0 0.514793 0.350093 0.049704 0.096834
4 0.778698 0.786778 0.049704 0.098696
36 0.666272 0.631285 0.016568 0.022346
36 0.339053 0.346369 0.017751 0.018622
29 0.886982 0.746741 0.043787 0.037244
36 0.242604 0.692737 0.021302 0.022346
0 0.778107 0.193669 0.050888 0.100559
0 0.359763 0.192737 0.049704 0.098696
37 0.492899 0.634078 0.020118 0.027933
37 0.054438 0.553073 0.018935 0.029795
4 0.777515 0.635009 0.049704 0.100559
4 0.220118 0.816574 0.049704 0.098696
4 0.557396 0.786778 0.049704 0.098696
37 0.919527 0.517691 0.018935 0.029795
37 0.054438 0.698324 0.018935 0.029795
36 0.536686 0.192737 0.017751 0.020484
6 0.557396 0.635940 0.052071 0.098696
28 0.886982 0.624767 0.057988 0.046555
37 0.155855 0.925275 0.018936 0.029785
37 0.153216 0.821641 0.018937 0.029793
30 0.340388 0.095377 0.033142 0.026068