28 0.752441 0.612885 0.040039 0.095815
29 0.100098 0.927313 0.065430 0.039648
8 0.099609 0.722467 0.119141 0.136564
0 0.519043 0.486784 0.129883 0.193833
32 0.235352 0.486784 0.060547 0.039648
32 0.572754 0.713656 0.030273 0.070485
29 0.856934 0.970264 0.063477 0.039648
32 0.572754 0.255507 0.030273 0.066079
28 0.754883 0.362885 0.039062 0.093612
29 0.970703 0.500000 0.058594 0.039648
37 0.856722 0.839519 0.027713 0.031903
37 0.857043 0.611811 0.034785 0.033361
29 0.573108 0.899123 0.031507 0.045678
37 0.572829 0.095322 0.028559 0.047858