32 0.317987 0.706397 0.052282 0.082012
30 0.318182 0.076545 0.075302 0.020776
29 0.320913 0.948879 0.085447 0.065063
37 0.966641 0.370148 0.018338 0.026244
37 0.081350 0.573811 0.022240 0.032258
32 0.318182 0.470476 0.052673 0.088026
29 0.744635 0.717332 0.028482 0.034992
32 0.597347 0.370968 0.058525 0.072717
32 0.317597 0.255604 0.052282 0.083652
12 0.884120 0.535812 0.050722 0.068890
29 0.883925 0.716785 0.030823 0.034992
28 0.744440 0.534445 0.036676 0.030071
32 0.439719 0.370694 0.058525 0.073264