29 0.139810 0.736301 0.033175 0.030822
32 0.527251 0.598459 0.021327 0.066781
28 0.590640 0.670377 0.017773 0.059932
28 0.602488 0.339041 0.017773 0.061644
14 0.513626 0.452911 0.043839 0.094178
29 0.715640 0.512842 0.033175 0.029110
37 0.526659 0.164819 0.013033 0.026527
12 0.527251 0.753425 0.047393 0.068493
28 0.286730 0.453767 0.016588 0.061644
37 0.760664 0.339041 0.014218 0.017123
29 0.389810 0.736301 0.033175 0.030822
32 0.389810 0.601027 0.018957 0.061644
32 0.194905 0.452911 0.043839 0.029110
29 0.655213 0.741438 0.033175 0.030822
32 0.716232 0.419521 0.020142 0.065068
8 0.139218 0.587329 0.046209 0.068493
32 0.527251 0.255993 0.018957 0.063356
29 0.526705 0.849989 0.015894 0.038061