29 0.900538 0.891753 0.055556 0.036082
8 0.137097 0.358247 0.109319 0.154639
29 0.358423 0.578608 0.057348 0.038660
28 0.765233 0.567010 0.028674 0.082474
32 0.359319 0.373711 0.041219 0.123711
32 0.655018 0.688144 0.034050 0.113402
32 0.901434 0.689433 0.032258 0.110825
14 0.487455 0.219072 0.050179 0.113402
14 0.636201 0.394330 0.046595 0.108247
28 0.234767 0.220361 0.025090 0.074742
29 0.137097 0.578608 0.059140 0.043814
37 0.653836 0.028817 0.028400 0.050126
29 0.653503 0.915611 0.027584 0.048027