14 0.562766 0.516779 0.070213 0.127517
28 0.705319 0.733221 0.065957 0.043624
29 0.103191 0.894295 0.053191 0.057047
29 0.705319 0.894295 0.053191 0.050336
28 0.354255 0.513423 0.027660 0.100671
32 0.181915 0.513423 0.070213 0.046980
28 0.680851 0.416107 0.029787 0.107383
32 0.442553 0.714765 0.029787 0.107383
8 0.104255 0.714765 0.072340 0.114094
29 0.442553 0.894295 0.051064 0.050336
29 0.591489 0.894295 0.051064 0.050336
32 0.442553 0.307047 0.029787 0.104027
37 0.943617 0.417785 0.019149 0.030201
32 0.591489 0.714765 0.029787 0.107383
32 0.591489 0.307047 0.029787 0.104027
32 0.854255 0.562081 0.031915 0.110738
29 0.853191 0.741611 0.051064 0.053691
37 0.439158 0.134666 0.021204 0.047006
37 0.590112 0.141436 0.025151 0.060563