8 0.242188 0.654991 0.037109 0.066550
32 0.298340 0.550788 0.032227 0.029772
28 0.705566 0.415061 0.014648 0.059545
32 0.450684 0.731173 0.032227 0.124343
29 0.702637 0.855517 0.024414 0.022767
28 0.389648 0.553415 0.013672 0.059545
32 0.583496 0.296848 0.032227 0.124343
29 0.451172 0.855517 0.025391 0.022767
32 0.820801 0.520140 0.016602 0.059545
32 0.582031 0.731173 0.031250 0.124343
29 0.821289 0.610333 0.023438 0.022767
37 0.583008 0.140981 0.017578 0.029772
28 0.702148 0.764448 0.035156 0.026270
29 0.242676 0.820490 0.034180 0.029772
7 0.571091 0.531587 0.053872 0.106594
37 0.582217 0.876602 0.018193 0.041346