28 0.892157 0.718072 0.117647 0.067470
28 0.375817 0.496386 0.052288 0.159036
37 0.590686 0.078313 0.040850 0.050602
32 0.483660 0.681928 0.058824 0.202410
32 0.709967 0.679518 0.057190 0.207229
32 0.712418 0.281928 0.052288 0.197590
29 0.892157 0.950602 0.098039 0.069880
29 0.596405 0.966265 0.094771 0.067470
37 0.911765 0.397590 0.029412 0.048193
8 0.113562 0.675904 0.112745 0.161446
29 0.110294 0.901205 0.096405 0.072289
32 0.479575 0.315663 0.053922 0.202410
32 0.261980 0.489055 0.137673 0.075177