28 0.825681 0.260229 0.073171 0.032733
29 0.825681 0.411620 0.058824 0.040917
28 0.442611 0.353519 0.073171 0.032733
28 0.442611 0.750409 0.070301 0.031097
29 0.710904 0.411620 0.058824 0.040917
28 0.519369 0.518003 0.028694 0.083470
29 0.710904 0.839607 0.058824 0.039280
4 0.558106 0.276596 0.086083 0.085106
29 0.595409 0.839607 0.057389 0.039280
37 0.908895 0.121113 0.021521 0.026187
29 0.241033 0.841244 0.057389 0.039280
32 0.710187 0.259411 0.037303 0.090016
29 0.328551 0.338789 0.057389 0.039280
8 0.240316 0.752046 0.078910 0.090016
32 0.341463 0.672668 0.074605 0.039280
4 0.558824 0.671031 0.087518 0.085106
29 0.443329 0.840426 0.057389 0.037643
28 0.710187 0.673486 0.071736 0.034370
28 0.442611 0.198854 0.073171 0.034370