14 0.589339 0.452199 0.043544 0.082218
37 0.527027 0.077438 0.015015 0.017208
29 0.881381 0.732314 0.033033 0.022945
32 0.448198 0.600382 0.031532 0.084130
29 0.111111 0.816444 0.054054 0.038241
8 0.110360 0.608031 0.073574 0.103250
32 0.203453 0.453155 0.061562 0.042065
28 0.753003 0.386233 0.022523 0.072658
32 0.448198 0.303059 0.031532 0.086042
28 0.701952 0.608031 0.052553 0.030593
32 0.882132 0.483748 0.031532 0.087954
32 0.605856 0.239962 0.031532 0.086042
28 0.331081 0.451243 0.022523 0.072658
32 0.605856 0.621415 0.031532 0.084130