14 0.427711 0.365854 0.074010 0.109756
32 0.675559 0.467480 0.025818 0.069106
37 0.833046 0.143293 0.013769 0.018293
14 0.604991 0.738821 0.067126 0.115854
14 0.753873 0.568089 0.068847 0.115854
21 0.132530 0.580285 0.034423 0.046748
14 0.266781 0.490854 0.103270 0.079268
32 0.482788 0.204268 0.022375 0.071138
37 0.831325 0.462398 0.013769 0.014228
32 0.783993 0.205285 0.022375 0.069106
32 0.634251 0.625000 0.022375 0.067073
29 0.401893 0.875000 0.043029 0.026423
32 0.269363 0.203252 0.022375 0.069106
14 0.753873 0.364837 0.072289 0.115854
32 0.515491 0.626016 0.022375 0.069106
21 0.185026 0.580285 0.036145 0.046748
32 0.350258 0.204268 0.022375 0.071138
14 0.423408 0.516260 0.068847 0.113821
14 0.557659 0.316057 0.068847 0.115854
14 0.267995 0.337720 0.103267 0.079266
37 0.102261 0.516591 0.021765 0.020657
37 0.101413 0.364502 0.018332 0.017623
37 0.814363 0.840381 0.027139 0.025392