32 0.796029 0.385737 0.018051 0.051864
14 0.263538 0.713128 0.040915 0.081037
14 0.671480 0.237439 0.038508 0.079417
12 0.101083 0.794165 0.040915 0.087520
37 0.826113 0.435170 0.008424 0.011345
18 0.232852 0.487844 0.039711 0.081037
18 0.669675 0.666126 0.037304 0.081037
12 0.583032 0.132091 0.042118 0.092382
18 0.567990 0.334684 0.038508 0.079417
21 0.685319 0.474878 0.027677 0.038898
32 0.795427 0.490276 0.016847 0.050243
18 0.266546 0.200162 0.039711 0.085900
14 0.383875 0.713128 0.038508 0.081037
32 0.397714 0.812804 0.018051 0.053485
14 0.478941 0.543760 0.038508 0.082658
18 0.779182 0.593193 0.037304 0.084279
18 0.382671 0.200162 0.038508 0.079417
32 0.249699 0.814425 0.018051 0.053485
21 0.398917 0.473258 0.027677 0.035656
14 0.234055 0.339546 0.039711 0.079417
12 0.101083 0.132901 0.043321 0.094003
32 0.398917 0.110211 0.018051 0.048622
18 0.116727 0.490276 0.040915 0.085900
32 0.250903 0.109400 0.018051 0.050243
14 0.116125 0.337115 0.042118 0.081037
12 0.492178 0.795786 0.040915 0.087520
14 0.780385 0.289303 0.037304 0.076175
37 0.275898 0.415497 0.011597 0.015103
37 0.074192 0.414645 0.015702 0.018718
37 0.066471 0.042558 0.014356 0.012699
37 0.852776 0.042408 0.026387 0.022479
21 0.684148 0.408579 0.027673 0.038906
37 0.068117 0.867645 0.015321 0.017108
37 0.853151 0.869913 0.019436 0.018628
21 0.398769 0.407869 0.027685 0.038886