14 0.896791 0.468981 0.037433 0.058333
12 0.635829 0.914815 0.063102 0.053704
14 0.762032 0.825926 0.037433 0.062963
32 0.124064 0.083333 0.032086 0.066667
18 0.897326 0.589815 0.036364 0.061111
21 0.773797 0.648148 0.041711 0.037037
32 0.636898 0.381019 0.033155 0.065741
32 0.328877 0.085185 0.033155 0.066667
18 0.759893 0.292593 0.035294 0.059259
21 0.647382 0.087733 0.062679 0.043985
21 0.773797 0.411111 0.041711 0.038889
18 0.511765 0.293981 0.037433 0.062037
14 0.237968 0.738889 0.037433 0.062963
14 0.622995 0.736574 0.035294 0.060185
14 0.341176 0.560185 0.038503 0.062963
21 0.225668 0.441204 0.040642 0.037963
14 0.111230 0.559722 0.038503 0.063889
12 0.225668 0.914352 0.064171 0.054630
14 0.513369 0.826852 0.036364 0.062963
21 0.226106 0.322698 0.040640 0.037958