14 0.224764 0.516814 0.037685 0.067257
18 0.820996 0.704425 0.037685 0.070796
18 0.331090 0.231858 0.037685 0.067257
14 0.433378 0.515044 0.043069 0.067257
18 0.598923 0.374336 0.037685 0.069027
32 0.747645 0.132743 0.020188 0.063717
12 0.318304 0.902655 0.047106 0.092035
18 0.462988 0.231858 0.037685 0.067257
14 0.816958 0.384071 0.043069 0.067257
14 0.225437 0.835398 0.039031 0.070796
21 0.124495 0.697345 0.030956 0.042478
32 0.518170 0.132743 0.021534 0.067257
14 0.595559 0.875221 0.044415 0.069027
14 0.303499 0.655752 0.039031 0.072566
14 0.438089 0.761062 0.039031 0.070796
18 0.734186 0.300885 0.036339 0.070796
14 0.334455 0.515929 0.044415 0.069027
21 0.166891 0.696460 0.032301 0.044248
32 0.450202 0.133628 0.020188 0.061947
14 0.731494 0.593805 0.044415 0.069027
37 0.933378 0.969912 0.009421 0.014159
14 0.730821 0.453097 0.043069 0.067257
18 0.226110 0.835398 0.040377 0.070796
37 0.930013 0.525664 0.010767 0.017699
32 0.315612 0.134513 0.020188 0.063717
12 0.208614 0.190265 0.045760 0.093805
14 0.732840 0.807080 0.044415 0.070796
37 0.928079 0.055662 0.016544 0.019578