18 0.454354 0.750943 0.035112 0.083019
14 0.684691 0.841509 0.040730 0.086792
32 0.844101 0.324528 0.019663 0.067925
14 0.252107 0.840566 0.037921 0.084906
14 0.830758 0.841509 0.040730 0.086792
37 0.570225 0.751887 0.016854 0.024528
32 0.268258 0.338679 0.022472 0.073585
18 0.278792 0.122642 0.037921 0.086792
18 0.764045 0.573585 0.036517 0.086792
32 0.844101 0.470755 0.019663 0.066038
18 0.375702 0.715094 0.035112 0.079245
32 0.520365 0.391509 0.049157 0.028302
14 0.831461 0.214151 0.036517 0.081132
37 0.894663 0.033019 0.016854 0.020755
37 0.845506 0.940566 0.016854 0.024528
32 0.267556 0.550000 0.021067 0.066038
32 0.110253 0.838679 0.021067 0.066038
32 0.317416 0.623585 0.047753 0.028302
32 0.514747 0.836792 0.021067 0.066038
37 0.072331 0.750943 0.015449 0.022642
18 0.684691 0.123585 0.035112 0.084906
37 0.893258 0.393396 0.016854 0.020755
18 0.156601 0.749057 0.037921 0.083019
37 0.073736 0.463208 0.015449 0.020755
28 0.661517 0.625472 0.028090 0.069811
14 0.377107 0.842453 0.037921 0.081132
18 0.253511 0.712264 0.037921 0.081132
21 0.696113 0.453655 0.038090 0.054298
21 0.698816 0.515275 0.038091 0.054292