18 0.502308 0.556627 0.044615 0.115663
37 0.088462 0.607229 0.020000 0.028916
32 0.624615 0.454217 0.049231 0.036145
37 0.940769 0.045783 0.016923 0.028916
18 0.815385 0.637349 0.040000 0.118072
32 0.426923 0.454217 0.047692 0.036145
32 0.260000 0.139759 0.024615 0.077108
37 0.938462 0.938554 0.018462 0.031325
18 0.178462 0.608434 0.043077 0.113253
14 0.750769 0.837349 0.043077 0.118072
14 0.275385 0.834940 0.046154 0.122892
32 0.129231 0.768675 0.024615 0.077108
18 0.243846 0.557831 0.044615 0.113253
37 0.487692 0.393976 0.021538 0.031325
32 0.313846 0.454217 0.049231 0.036145
12 0.765385 0.146988 0.047692 0.072289
14 0.473846 0.837349 0.043077 0.118072
37 0.938462 0.454217 0.018462 0.031325
37 0.373846 0.392771 0.021538 0.028916
18 0.569231 0.609639 0.043077 0.115663
37 0.661538 0.608434 0.018462 0.031325
14 0.880769 0.253012 0.044615 0.115663
14 0.879231 0.839759 0.044615 0.118072
32 0.260000 0.314458 0.024615 0.074699
32 0.617692 0.749398 0.023077 0.072289
21 0.766923 0.356627 0.038462 0.057831
37 0.220000 0.225301 0.018462 0.031325
21 0.764438 0.539072 0.038471 0.057815