14 0.630469 0.500000 0.020313 0.041667
14 0.631250 0.650000 0.018750 0.041667
14 0.430469 0.316667 0.020313 0.041667
32 0.538281 0.127083 0.017188 0.045833
32 0.193750 0.432292 0.034375 0.022917
32 0.235937 0.508333 0.015625 0.045833
32 0.537500 0.741667 0.018750 0.050000
28 0.144531 0.434375 0.010937 0.027083
32 0.738281 0.491667 0.017188 0.045833
32 0.637500 0.741667 0.018750 0.050000
37 0.738281 0.826042 0.020313 0.018750
14 0.731250 0.301042 0.018750 0.039583
28 0.507031 0.433333 0.010937 0.025000
29 0.238281 0.593750 0.023438 0.016667
32 0.438281 0.741667 0.017188 0.050000
32 0.438281 0.126042 0.017188 0.047917
18 0.448698 0.218750 0.018743 0.041667
32 0.638281 0.126042 0.017188 0.047917
32 0.738281 0.376042 0.017188 0.047917
14 0.293750 0.483333 0.018750 0.041667
14 0.446094 0.652083 0.020313 0.045833
18 0.292969 0.383333 0.017188 0.041667
14 0.531250 0.651042 0.018750 0.039583
37 0.073798 0.432565 0.080279 0.026106
37 0.401433 0.932090 0.021553 0.078309
37 0.788145 0.934255 0.018284 0.073969
37 0.859289 0.432998 0.097898 0.028714
37 0.737929 0.043147 0.024042 0.024201
18 0.532982 0.219602 0.018751 0.041665
18 0.631784 0.217789 0.018754 0.041670
18 0.630886 0.370674 0.018744 0.041653
29 0.474992 0.511115 0.025183 0.018889
18 0.431084 0.551497 0.017190 0.041660