35 0.805932 0.447785 0.052542 0.025316
21 0.358475 0.901899 0.038983 0.034810
28 0.096610 0.571994 0.016949 0.033228
35 0.461864 0.071994 0.025424 0.045886
14 0.842373 0.364715 0.037288 0.064873
21 0.666102 0.434335 0.037288 0.036392
35 0.805932 0.831487 0.052542 0.023734
35 0.856780 0.496044 0.028814 0.049051
14 0.754237 0.281646 0.040678 0.063291
14 0.197458 0.570411 0.042373 0.064873
14 0.287288 0.570411 0.038983 0.064873
37 0.949153 0.571203 0.013559 0.015823
28 0.358475 0.612342 0.035593 0.012658
21 0.666102 0.337025 0.033898 0.034810
21 0.461017 0.831487 0.037288 0.036392
35 0.214407 0.715190 0.025424 0.047468
35 0.914407 0.617880 0.028814 0.049051
35 0.359322 0.783228 0.027119 0.047468
35 0.272881 0.714399 0.027119 0.049051
35 0.140678 0.618671 0.023729 0.047468
35 0.562712 0.263449 0.027119 0.049051
14 0.755932 0.680380 0.040678 0.063291
21 0.563559 0.091772 0.035593 0.034810
14 0.842373 0.749209 0.037288 0.064873
35 0.410169 0.571994 0.050847 0.026899
35 0.666949 0.083861 0.028814 0.047468
35 0.856780 0.893196 0.028814 0.049051
35 0.227966 0.935127 0.028814 0.050633
18 0.475424 0.447785 0.042373 0.066456
35 0.461864 0.921677 0.025424 0.049051
21 0.462712 0.749209 0.037288 0.036392
14 0.244068 0.830696 0.040678 0.063291
37 0.563559 0.310918 0.008475 0.007911
37 0.893220 0.968354 0.013559 0.015823
35 0.666949 0.522943 0.028814 0.045886
18 0.477863 0.214424 0.042371 0.066452
18 0.652364 0.215470 0.042389 0.066457
37 0.893397 0.037779 0.015593 0.019379
37 0.029742 0.569640 0.015603 0.019238
37 0.031468 0.666542 0.015921 0.018353
37 0.947545 0.666518 0.016191 0.018621