29 0.626923 0.532258 0.073077 0.040860
4 0.596154 0.798925 0.076923 0.113978
0 0.499038 0.260215 0.082692 0.116129
12 0.924038 0.824731 0.121154 0.139785
0 0.753846 0.261290 0.080769 0.118280
36 0.630769 0.717204 0.034615 0.023656
4 0.821154 0.556989 0.084615 0.120430
11 0.626923 0.393548 0.088462 0.077419
29 0.925000 0.973118 0.069231 0.045161
4 0.430769 0.555914 0.084615 0.118280
37 0.757272 0.919298 0.021155 0.021490
37 0.489276 0.799927 0.021163 0.021489
37 0.492625 0.918052 0.021139 0.021519