14 0.706306 0.793566 0.039640 0.069705
32 0.506306 0.883378 0.018018 0.061662
32 0.345946 0.883378 0.018018 0.061662
32 0.345946 0.095174 0.018018 0.061662
37 0.288288 0.451743 0.014414 0.024129
14 0.787387 0.789544 0.039640 0.072386
14 0.251351 0.792225 0.041441 0.072386
37 0.858559 0.384718 0.016216 0.024129
37 0.858559 0.030831 0.016216 0.024129
32 0.236036 0.095174 0.018018 0.061662
32 0.236036 0.577748 0.018018 0.067024
32 0.150450 0.879357 0.016216 0.064343
32 0.653153 0.384718 0.045045 0.029491
32 0.151351 0.095174 0.018018 0.061662
14 0.785586 0.158177 0.039640 0.069705
32 0.152252 0.573727 0.019820 0.064343
14 0.363063 0.792225 0.037838 0.067024
14 0.490090 0.790885 0.039640 0.069705
37 0.098198 0.509383 0.016216 0.021448
14 0.136937 0.447721 0.039640 0.069705
14 0.681081 0.225201 0.039640 0.069705
37 0.098198 0.447721 0.016216 0.021448
14 0.250450 0.453083 0.039640 0.069705
14 0.572072 0.286863 0.037838 0.069705
32 0.234234 0.883378 0.018018 0.061662
14 0.134234 0.790885 0.041441 0.075067
37 0.097297 0.639410 0.014414 0.024129
37 0.858559 0.943700 0.016216 0.021448
14 0.446847 0.285523 0.039640 0.067024
32 0.464865 0.092493 0.018018 0.061662
32 0.722523 0.884718 0.018018 0.064343
32 0.803604 0.883378 0.018018 0.061662
32 0.650450 0.447721 0.043243 0.026810
32 0.554955 0.095174 0.018018 0.061662
37 0.859459 0.487936 0.014414 0.021448