37 0.928105 0.491424 0.013072 0.015437
29 0.093954 0.431389 0.027778 0.025729
18 0.418301 0.492281 0.039216 0.061750
37 0.093954 0.367925 0.014706 0.015437
32 0.800654 0.439108 0.019608 0.041166
21 0.283497 0.222127 0.027778 0.029160
12 0.367525 0.140652 0.034320 0.054889
32 0.451797 0.131218 0.017974 0.039451
14 0.144608 0.584906 0.037582 0.065180
37 0.093954 0.397084 0.014706 0.015437
14 0.781863 0.751286 0.047386 0.065180
21 0.668301 0.589194 0.029412 0.032590
14 0.782680 0.265866 0.045752 0.065180
21 0.734477 0.796741 0.031046 0.032590
21 0.093954 0.290738 0.027778 0.032590
12 0.451797 0.298456 0.034314 0.054889
29 0.310458 0.570326 0.026144 0.025729
18 0.333333 0.254717 0.035948 0.060034
37 0.928105 0.085763 0.013072 0.017153
14 0.202614 0.532590 0.039216 0.066895
28 0.568627 0.639794 0.016340 0.034305
18 0.720588 0.620926 0.039216 0.061750
37 0.093954 0.581475 0.014706 0.017153
14 0.531863 0.751286 0.037582 0.065180
21 0.093954 0.329331 0.027778 0.030875
21 0.450980 0.221269 0.029412 0.030875
32 0.470588 0.904803 0.019608 0.039451
32 0.876634 0.895369 0.017974 0.041166
32 0.126634 0.254717 0.037582 0.018868
32 0.588235 0.491424 0.039216 0.018868
29 0.546569 0.590909 0.027778 0.025729
32 0.875817 0.439108 0.019608 0.041166
29 0.254085 0.322470 0.027778 0.027444
18 0.456699 0.591767 0.037582 0.061750
32 0.281863 0.397942 0.017974 0.037736
14 0.654412 0.810463 0.037582 0.063465
14 0.296569 0.820755 0.037582 0.063465
32 0.281863 0.131218 0.017974 0.039451
32 0.366830 0.418525 0.017974 0.037736
32 0.282680 0.904803 0.019608 0.039451
14 0.857843 0.324185 0.045752 0.065180
21 0.508987 0.529160 0.027778 0.029160
21 0.545752 0.534305 0.029412 0.029160
14 0.361928 0.752144 0.037582 0.063465
37 0.928105 0.948542 0.013072 0.017153
21 0.669118 0.449400 0.027778 0.027444
14 0.455882 0.820755 0.039216 0.063465
12 0.375817 0.902230 0.035948 0.054889
32 0.404412 0.419383 0.017974 0.039451
18 0.352941 0.492281 0.039216 0.061750
32 0.800654 0.894511 0.019608 0.039451
32 0.669118 0.904803 0.017974 0.039451
14 0.857843 0.810463 0.045752 0.063465
18 0.400327 0.254717 0.039216 0.063465
37 0.093954 0.531732 0.014706 0.017153
32 0.470588 0.398799 0.016340 0.039451
32 0.309641 0.526587 0.017974 0.037736
12 0.547035 0.901453 0.035935 0.054886
12 0.216004 0.901449 0.035962 0.054875
12 0.159650 0.901442 0.035948 0.054887
18 0.268241 0.638283 0.039220 0.061749
14 0.254348 0.268403 0.072124 0.045277
21 0.281336 0.179665 0.031047 0.032604
21 0.450451 0.183149 0.031041 0.032598
21 0.668472 0.398962 0.031031 0.032600
12 0.669748 0.141913 0.034325 0.054888