32 0.423983 0.709707 0.038544 0.053114
32 0.524625 0.184982 0.038544 0.051282
32 0.665953 0.710623 0.038544 0.054945
29 0.088865 0.547619 0.049251 0.021978
32 0.188437 0.361722 0.038544 0.053114
37 0.815846 0.442308 0.021413 0.020147
8 0.087794 0.490842 0.064240 0.054945
29 0.597430 0.876374 0.051392 0.023810
18 0.648822 0.285714 0.042827 0.062271
18 0.342612 0.284799 0.042827 0.064103
32 0.359743 0.186813 0.038544 0.051282
14 0.508565 0.365385 0.049251 0.060440
32 0.664882 0.186813 0.036403 0.051282
28 0.259101 0.683150 0.042827 0.018315
32 0.188437 0.709707 0.038544 0.053114
28 0.259101 0.205128 0.042827 0.018315
14 0.410064 0.442308 0.044968 0.060440
32 0.597430 0.830586 0.038544 0.053114
29 0.768737 0.560440 0.051392 0.021978
32 0.769807 0.500916 0.036403 0.053114
18 0.507495 0.521062 0.042827 0.060440
14 0.649893 0.608059 0.044968 0.062271
32 0.187366 0.186813 0.036403 0.051282
18 0.284797 0.443223 0.047109 0.062271
32 0.524625 0.709707 0.038544 0.053114
37 0.187316 0.826264 0.021599 0.019721
21 0.526062 0.647938 0.042399 0.042777
21 0.186922 0.647208 0.042407 0.042786
14 0.409903 0.608054 0.044955 0.060443
21 0.526069 0.249804 0.042406 0.042783
21 0.186904 0.248686 0.042412 0.042786
37 0.189888 0.056296 0.027550 0.022367