0 0.738844 0.161705 0.072953 0.075327
0 0.062282 0.121786 0.071789 0.072170
29 0.638921 0.765900 0.019790 0.015336
18 0.563252 0.813261 0.057819 0.085701
4 0.353900 0.430537 0.056655 0.073523
0 0.740396 0.294542 0.072177 0.074876
32 0.584206 0.682003 0.034536 0.120884
0 0.359721 0.291610 0.070625 0.070816
4 0.061118 0.533604 0.059371 0.078484
29 0.311215 0.966396 0.038805 0.031123
0 0.357392 0.162833 0.070625 0.073072
4 0.552386 0.430537 0.055491 0.074425
4 0.355840 0.568110 0.057431 0.073523
4 0.553551 0.567433 0.064028 0.075778
0 0.541715 0.291836 0.070625 0.070365
0 0.064222 0.252368 0.071013 0.072621
0 0.538611 0.161931 0.068296 0.070365
18 0.060147 0.810555 0.053551 0.083897
18 0.355840 0.812359 0.056655 0.082995
4 0.057237 0.390618 0.055491 0.074876
37 0.861103 0.404520 0.018715 0.015713
4 0.239110 0.353384 0.056654 0.073521