32 0.266281 0.280109 0.017366 0.041971
14 0.814761 0.306569 0.037627 0.062044
21 0.180897 0.133212 0.026049 0.029197
14 0.727931 0.377737 0.037627 0.058394
21 0.180174 0.279197 0.027496 0.029197
18 0.421852 0.652372 0.039074 0.052920
14 0.757598 0.654197 0.039074 0.056569
14 0.319103 0.374088 0.033285 0.054745
21 0.180897 0.344891 0.026049 0.029197
32 0.480463 0.229015 0.017366 0.041971
14 0.892909 0.376825 0.034732 0.060219
21 0.180897 0.209854 0.026049 0.029197
32 0.830680 0.445255 0.017366 0.043796
14 0.093343 0.719891 0.036179 0.049270
32 0.840810 0.651460 0.028944 0.021898
32 0.661360 0.476277 0.017366 0.040146
21 0.267004 0.134124 0.024602 0.027372
18 0.728654 0.169708 0.039074 0.058394
14 0.589725 0.375000 0.039074 0.060219
37 0.746191 0.943812 0.038335 0.048343
37 0.940938 0.653284 0.037256 0.053085
37 0.942670 0.513624 0.037948 0.052238
37 0.027121 0.366038 0.043145 0.052943
37 0.942468 0.280841 0.035892 0.048732
37 0.942461 0.100691 0.038661 0.048731
37 0.479724 0.044215 0.036561 0.053952
21 0.745538 0.865547 0.026059 0.029197
18 0.590102 0.166760 0.039072 0.058393
21 0.531215 0.372407 0.023630 0.036079
14 0.371637 0.720939 0.036175 0.049261
14 0.288243 0.720339 0.036169 0.049281
14 0.177536 0.720334 0.036185 0.049263
37 0.026348 0.714896 0.036902 0.045914
37 0.022272 0.818244 0.039287 0.051976