7 0.595000 0.612245 0.063333 0.106122
14 0.300833 0.833673 0.071667 0.153061
3 0.595000 0.301020 0.060000 0.104082
32 0.402500 0.433673 0.041667 0.112245
32 0.438333 0.747959 0.046667 0.112245
29 0.620833 0.933673 0.068333 0.046939
14 0.228333 0.523469 0.073333 0.153061
29 0.439167 0.887755 0.068333 0.044898
29 0.256667 0.664286 0.066667 0.046939
29 0.329167 0.975510 0.068333 0.044898
32 0.256667 0.343878 0.043333 0.112245
36 0.401667 0.252041 0.030000 0.026531
37 0.939256 0.440212 0.121488 0.100833
32 0.256667 0.165306 0.043333 0.110204
37 0.032670 0.488388 0.065339 0.093058
37 0.656388 0.039851 0.079586 0.079701
37 0.067470 0.799048 0.075898 0.100372