0 0.572306 0.220000 0.058663 0.092174
28 0.890177 0.704348 0.064120 0.041739
37 0.937926 0.606957 0.023192 0.027826
36 0.245566 0.746957 0.021828 0.019130
4 0.572306 0.848696 0.055935 0.093913
0 0.751023 0.509565 0.058663 0.090435
4 0.345157 0.606957 0.057299 0.093913
29 0.888813 0.815652 0.050477 0.034783
4 0.143247 0.606087 0.057299 0.095652
29 0.547749 0.981739 0.053206 0.026087
4 0.572988 0.703478 0.057299 0.095652
36 0.547749 0.384348 0.020464 0.020870
4 0.751705 0.847826 0.057299 0.095652
4 0.221692 0.847826 0.055935 0.088696
37 0.659618 0.185217 0.020464 0.029565
37 0.046385 0.751304 0.021828 0.027826
0 0.751023 0.218261 0.058663 0.092174
37 0.045703 0.606957 0.020464 0.027826
37 0.661664 0.475652 0.021828 0.029565
0 0.571623 0.508696 0.057299 0.092174
37 0.679400 0.668696 0.021828 0.029565
36 0.624147 0.698261 0.023192 0.019130
37 0.145975 0.848696 0.024557 0.027826
4 0.750341 0.702609 0.057299 0.093913