3 0.342682 0.125420 0.060312 0.087770
37 0.906369 0.661151 0.025306 0.036930
36 0.468579 0.741727 0.015183 0.023501
37 0.773302 0.552518 0.030789 0.027818
7 0.120835 0.581295 0.062843 0.085372
3 0.881906 0.296882 0.061577 0.086331
7 0.118515 0.294964 0.059890 0.088249
29 0.727963 0.903357 0.049768 0.041727
32 0.636862 0.630216 0.035428 0.059472
7 0.613243 0.446283 0.059047 0.085851
32 0.637284 0.733573 0.035428 0.059952
28 0.518347 0.636451 0.037115 0.026859
28 0.726908 0.680576 0.035850 0.025899
3 0.393280 0.742404 0.060315 0.087768
3 0.392361 0.579498 0.060312 0.087771
3 0.340934 0.297540 0.060316 0.087770
7 0.662343 0.123149 0.059046 0.085853
7 0.120538 0.121063 0.059891 0.088247
3 0.880900 0.128373 0.061575 0.086332
36 0.521376 0.742545 0.015185 0.023501
7 0.663262 0.302766 0.059047 0.085852
3 0.121456 0.737181 0.060314 0.087770