32 0.162109 0.394531 0.037109 0.085938
28 0.260254 0.686198 0.055664 0.028646
37 0.841309 0.177083 0.043945 0.033854
31 0.357422 0.298828 0.033203 0.095052
29 0.743652 0.884766 0.045898 0.032552
14 0.386719 0.557943 0.050781 0.115885
32 0.162598 0.686849 0.034180 0.087240
32 0.404785 0.781901 0.030273 0.082031
28 0.452786 0.227415 0.055963 0.068608
28 0.623047 0.493490 0.019531 0.075521
37 0.140625 0.139323 0.009766 0.013021
28 0.550346 0.615691 0.057723 0.070702
8 0.792480 0.139974 0.053711 0.071615
36 0.553223 0.492839 0.014648 0.024740
37 0.802641 0.464716 0.072453 0.067454
37 0.139648 0.847656 0.009766 0.010417
32 0.479004 0.493490 0.065430 0.044271
28 0.453613 0.359571 0.057617 0.059504
37 0.763864 0.817893 0.034807 0.058735