14 0.339921 0.547782 0.039526 0.085324
29 0.089921 0.665529 0.025692 0.034130
37 0.751976 0.211604 0.017787 0.027304
28 0.209486 0.846416 0.027668 0.027304
29 0.209486 0.909556 0.027668 0.030717
7 0.734190 0.648464 0.041502 0.102389
29 0.325099 0.665529 0.025692 0.034130
29 0.392292 0.663823 0.025692 0.030717
28 0.393281 0.602389 0.027668 0.030717
32 0.210474 0.547782 0.025692 0.085324
32 0.327075 0.276451 0.025692 0.088737
32 0.671937 0.546075 0.055336 0.047782
37 0.750988 0.085324 0.027668 0.034130
32 0.090909 0.276451 0.027668 0.088737
37 0.750988 0.307167 0.015810 0.027304
28 0.089921 0.551195 0.025692 0.030717
29 0.751976 0.907850 0.029644 0.034130
32 0.460474 0.551195 0.051383 0.044369
21 0.149705 0.418415 0.024770 0.049319
37 0.413554 0.881433 0.007285 0.015426
37 0.410413 0.785262 0.010349 0.018867
37 0.428643 0.786085 0.009916 0.015598
37 0.429460 0.882317 0.007070 0.019202