14 0.322549 0.469404 0.045098 0.111111
29 0.246078 0.663446 0.025490 0.025765
32 0.602941 0.479871 0.025490 0.077295
32 0.247059 0.379227 0.027451 0.082126
8 0.825490 0.729469 0.045098 0.070853
32 0.247059 0.547504 0.025490 0.080515
32 0.699020 0.236715 0.047059 0.041868
29 0.916667 0.580515 0.025490 0.024155
32 0.339216 0.147343 0.025490 0.075684
29 0.520588 0.697262 0.025490 0.025765
14 0.381863 0.739936 0.040196 0.104670
8 0.092647 0.497585 0.046078 0.077295
14 0.476471 0.471014 0.043137 0.107890
29 0.601961 0.695652 0.025490 0.025765
32 0.536275 0.237520 0.045098 0.043478
32 0.196078 0.546699 0.027451 0.082126
32 0.460294 0.146538 0.026471 0.077295
14 0.309804 0.839775 0.041176 0.104670
29 0.093627 0.612721 0.028431 0.027375
8 0.825490 0.262480 0.045098 0.070853
32 0.521078 0.562802 0.026471 0.082126
32 0.536275 0.369565 0.045098 0.043478
27 0.650700 0.352778 0.049007 0.073190
14 0.436668 0.603712 0.039400 0.111111
18 0.226553 0.764028 0.062939 0.069976
14 0.363242 0.603706 0.039400 0.111110