29 0.397826 0.767925 0.030435 0.041509
32 0.100000 0.460377 0.026087 0.113208
29 0.250000 0.930189 0.034783 0.041509
32 0.592391 0.683019 0.023913 0.113208
32 0.580435 0.158491 0.026087 0.120755
32 0.709783 0.171698 0.028261 0.116981
8 0.078373 0.808303 0.138906 0.190191
32 0.251087 0.792453 0.028261 0.113208
32 0.250000 0.450943 0.026087 0.116981
37 0.906522 0.224528 0.017391 0.033962
29 0.592391 0.835849 0.032609 0.041509
29 0.101087 0.935849 0.032609 0.037736
29 0.710870 0.703774 0.034783 0.041509
32 0.521739 0.592453 0.065217 0.045283
23 0.395652 0.601887 0.082609 0.139623
32 0.100000 0.166038 0.026087 0.113208
21 0.708657 0.349653 0.037552 0.056465
21 0.823433 0.344626 0.037546 0.056423
21 0.713298 0.512013 0.074284 0.085408
37 0.908249 0.483632 0.025246 0.036509
21 0.580181 0.302744 0.037543 0.056458
21 0.784439 0.343381 0.037525 0.056437