23 0.290833 0.564063 0.118333 0.215625
32 0.895833 0.606250 0.058333 0.050000
29 0.980833 0.692187 0.038333 0.046875
21 0.616667 0.504687 0.030000 0.053125
18 0.598333 0.204687 0.043333 0.140625
32 0.270833 0.364063 0.061667 0.053125
36 0.487500 0.803125 0.018333 0.025000
18 0.706667 0.804688 0.043333 0.146875
21 0.617500 0.704688 0.028333 0.053125
32 0.486667 0.567187 0.026667 0.103125
32 0.143333 0.364063 0.060000 0.053125
29 0.185833 0.895312 0.041667 0.046875
14 0.706667 0.404687 0.043333 0.140625
32 0.185000 0.725000 0.026667 0.112500
18 0.504167 0.203125 0.045000 0.137500
29 0.100000 0.571875 0.040000 0.043750
37 0.056507 0.329379 0.050320 0.078741
37 0.636799 0.087202 0.046403 0.073189
37 0.466938 0.083767 0.043618 0.074830
37 0.743327 0.085778 0.048734 0.077433
37 0.742390 0.963608 0.036659 0.072783
37 0.506391 0.962727 0.042709 0.074545
37 0.041229 0.447536 0.082459 0.084394