29 0.471922 0.969251 0.071274 0.045455
0 0.658747 0.528075 0.077754 0.120321
37 0.184665 0.784759 0.032397 0.040107
37 0.394168 0.530749 0.028078 0.034759
2 0.286177 0.276738 0.079914 0.125668
4 0.286177 0.529412 0.079914 0.122995
37 0.184665 0.529412 0.032397 0.037433
0 0.491361 0.529412 0.079914 0.122995
37 0.150108 0.402406 0.028078 0.034759
37 0.443844 0.100267 0.028078 0.040107
4 0.285097 0.784759 0.077754 0.125668
11 0.726782 0.697861 0.084233 0.080214
0 0.542117 0.274064 0.077754 0.125668
37 0.186144 0.274716 0.028094 0.040120