21 0.910935 0.725192 0.077426 0.077545
32 0.759259 0.235802 0.037037 0.091358
29 0.600926 0.802469 0.050000 0.039506
8 0.601852 0.516049 0.059259 0.079012
32 0.654630 0.377778 0.068519 0.044444
14 0.308333 0.587654 0.057407 0.128395
32 0.287037 0.237037 0.033333 0.088889
32 0.889815 0.550617 0.031481 0.088889
8 0.076852 0.375309 0.061111 0.079012
32 0.497222 0.587654 0.072222 0.044444
8 0.785185 0.551852 0.059259 0.076543
18 0.868519 0.376543 0.055556 0.125926
32 0.390741 0.691358 0.033333 0.088889
21 0.303149 0.407138 0.083807 0.080431