28 0.164872 0.653676 0.017497 0.031887
31 0.670256 0.619575 0.012113 0.048716
32 0.705249 0.430027 0.037685 0.020372
28 0.329071 0.063773 0.017497 0.031887
28 0.809556 0.336581 0.018843 0.031887
29 0.128533 0.696634 0.022880 0.018601
7 0.653432 0.430469 0.036339 0.077945
29 0.773217 0.662090 0.022880 0.018601
7 0.268506 0.560230 0.036339 0.077059
32 0.340848 0.123118 0.037012 0.021258
31 0.679341 0.914969 0.012786 0.047830
32 0.234859 0.748893 0.017497 0.046944
7 0.661844 0.796280 0.035666 0.077945
31 0.504374 0.794066 0.039704 0.016829
28 0.098250 0.797166 0.018843 0.030115
32 0.513795 0.737821 0.038358 0.021258
28 0.772880 0.594331 0.024899 0.024801
29 0.677322 0.980514 0.023553 0.019486
31 0.177658 0.794066 0.040377 0.018601
30 0.667227 0.034987 0.054509 0.016829
37 0.031629 0.797166 0.041723 0.030115
29 0.292396 0.081931 0.023553 0.018601
37 0.947510 0.336581 0.044415 0.033658
32 0.522880 0.336138 0.037685 0.022143
31 0.669919 0.265722 0.012786 0.047830
31 0.542396 0.427812 0.040377 0.017715
32 0.667564 0.170505 0.017497 0.046944
28 0.399333 0.582610 0.024157 0.025513
29 0.282366 0.660416 0.023874 0.020699