32 0.500833 0.365979 0.055000 0.051546
23 0.645833 0.323024 0.111667 0.226804
32 0.500833 0.280069 0.055000 0.051546
32 0.815000 0.323024 0.053333 0.054983
18 0.378333 0.453608 0.040000 0.151203
29 0.436667 0.328179 0.040000 0.044674
29 0.647500 0.460481 0.041667 0.048110
8 0.688333 0.192440 0.046667 0.096220
32 0.395000 0.754296 0.053333 0.058419
29 0.290000 0.761168 0.040000 0.051546
32 0.625833 0.022337 0.055000 0.044674
32 0.248333 0.280069 0.056667 0.051546
29 0.981667 0.372852 0.036667 0.044674
29 0.478333 0.977663 0.040000 0.044674
29 0.730833 0.243986 0.038333 0.048110
8 0.478333 0.841924 0.046667 0.096220
21 0.305755 0.447263 0.058177 0.090403
8 0.143333 0.280069 0.046667 0.099656
8 0.898333 0.323024 0.050000 0.096220
29 0.018333 0.329897 0.036667 0.048110