38 0.583684 0.715201 0.068421 0.060440
32 0.428421 0.730769 0.086316 0.058608
29 0.343684 0.668498 0.028421 0.036630
21 0.570526 0.366300 0.046316 0.076923
14 0.418421 0.461538 0.060000 0.146520
32 0.141579 0.463370 0.087368 0.058608
29 0.262105 0.951465 0.031579 0.034799
29 0.570000 0.456044 0.030526 0.036630
37 0.646842 0.212454 0.017895 0.029304
32 0.343684 0.556777 0.030526 0.146520
21 0.442632 0.189560 0.047368 0.078755
29 0.444211 0.596154 0.029474 0.038462
37 0.873366 0.045272 0.014584 0.022466
37 0.262026 0.803042 0.021992 0.042638
37 0.265276 0.873526 0.021518 0.035691
37 0.709862 0.728031 0.026012 0.036548