32 0.478704 0.492593 0.068519 0.046914
28 0.552877 0.618403 0.065014 0.061959
32 0.404630 0.781481 0.031481 0.086420
32 0.162037 0.396296 0.038889 0.086420
36 0.553704 0.493827 0.014815 0.029630
28 0.457505 0.357785 0.063158 0.064677
31 0.357407 0.300000 0.033333 0.096296
14 0.387037 0.558025 0.051852 0.118519
28 0.260185 0.687654 0.057407 0.032099
29 0.743519 0.885185 0.046296 0.037037
29 0.840741 0.177778 0.044444 0.034568
32 0.162963 0.688889 0.037037 0.088889
37 0.804630 0.461728 0.072222 0.059259
37 0.140741 0.140741 0.011111 0.014815
28 0.623148 0.492593 0.020370 0.076543
8 0.791667 0.139506 0.053704 0.071605
28 0.453637 0.227651 0.063162 0.064691
37 0.763760 0.816599 0.041361 0.062658