36 0.401448 0.797036 0.014481 0.014175
0 0.791633 0.139820 0.030571 0.057990
6 0.695495 0.876933 0.029767 0.057990
6 0.734111 0.877577 0.028158 0.056701
36 0.784795 0.795103 0.012068 0.012887
2 0.331858 0.139175 0.031376 0.059278
36 0.517297 0.719716 0.011263 0.014175
37 0.184634 0.876289 0.012068 0.018041
36 0.803298 0.351160 0.012068 0.011598
36 0.248994 0.136598 0.012068 0.015464
36 0.555109 0.351804 0.012872 0.012887
36 0.516895 0.351804 0.012068 0.012887
36 0.305712 0.443299 0.014481 0.012887
36 0.362832 0.795103 0.012872 0.012887
4 0.236525 0.877577 0.030571 0.059278
36 0.343926 0.443943 0.013677 0.014175
4 0.887369 0.568299 0.028962 0.059278
36 0.746581 0.566366 0.012872 0.014175
2 0.504425 0.261598 0.030571 0.059278
36 0.440064 0.444588 0.012872 0.012887
36 0.746581 0.273840 0.011263 0.011598
36 0.861223 0.350515 0.012068 0.012887
36 0.708367 0.274485 0.012068 0.012887
36 0.401448 0.351804 0.014481 0.012887
6 0.504425 0.876933 0.028962 0.057990
4 0.260660 0.568299 0.028962 0.059278
2 0.504023 0.139820 0.029767 0.060567
0 0.772727 0.833763 0.028158 0.056701
0 0.261062 0.354381 0.031376 0.059278
6 0.695495 0.755155 0.029767 0.056701
36 0.554304 0.228737 0.012872 0.014175
4 0.887772 0.876289 0.029767 0.059278
37 0.032180 0.507732 0.011263 0.018041
2 0.695495 0.139820 0.031376 0.057990
36 0.612631 0.719716 0.012068 0.014175
0 0.887369 0.445232 0.028962 0.060567
36 0.707965 0.351804 0.012872 0.012887
36 0.802896 0.274485 0.011263 0.012887
0 0.312550 0.644330 0.029767 0.059278
0 0.083266 0.505799 0.031376 0.060567
4 0.734513 0.755799 0.028962 0.055412
6 0.600161 0.876933 0.028962 0.057990
2 0.121078 0.139820 0.032985 0.060567
0 0.835479 0.644974 0.029767 0.057990
36 0.612228 0.444588 0.012872 0.012887
6 0.452534 0.876289 0.028158 0.056701
36 0.440467 0.351804 0.013677 0.012887
6 0.388576 0.756443 0.025744 0.051546
36 0.746179 0.795747 0.010459 0.011598
0 0.543041 0.261598 0.030571 0.056701
2 0.427997 0.139820 0.030571 0.057990
37 0.032180 0.382732 0.011263 0.018041
0 0.184232 0.506443 0.030571 0.059278
36 0.746581 0.351804 0.011263 0.012887
29 0.478681 0.965206 0.025744 0.023196
4 0.580451 0.184278 0.029767 0.059278
36 0.593725 0.228093 0.012872 0.012887
36 0.612228 0.351804 0.012872 0.012887
36 0.364039 0.720361 0.012068 0.012887
37 0.939662 0.508376 0.011263 0.019330
36 0.783990 0.719716 0.012068 0.011598
2 0.543041 0.140464 0.030571 0.059278
4 0.644006 0.277062 0.029767 0.056701
36 0.440467 0.720361 0.012068 0.012887
6 0.427997 0.755799 0.027353 0.055412
36 0.343926 0.351160 0.013677 0.014175
0 0.887772 0.352448 0.029767 0.057990
6 0.236122 0.877577 0.029767 0.059278
36 0.803298 0.566366 0.012068 0.014175
36 0.401850 0.567655 0.013677 0.014175
0 0.261062 0.443943 0.029767 0.057990
36 0.707965 0.443299 0.012872 0.012887
36 0.343926 0.565722 0.013677 0.015464
6 0.413516 0.877577 0.028962 0.056701
0 0.375302 0.833119 0.028158 0.057990
36 0.822738 0.720428 0.012875 0.012882
36 0.745988 0.718628 0.012869 0.012885
36 0.707797 0.719822 0.012872 0.012886
30 0.250256 0.079126 0.012357 0.019186
30 0.344869 0.080082 0.012352 0.019184
30 0.402145 0.078278 0.012348 0.019198
30 0.439962 0.078281 0.012353 0.019209
30 0.517082 0.078280 0.012357 0.019204
30 0.556768 0.077682 0.012355 0.019188
30 0.590842 0.080079 0.012356 0.019188
30 0.708393 0.081277 0.012357 0.019187
30 0.746206 0.075879 0.012360 0.019192
30 0.805361 0.078874 0.012356 0.019188
37 0.478887 0.053101 0.014230 0.020381
36 0.555424 0.720597 0.011264 0.014171
37 0.271405 0.752489 0.011260 0.019328
36 0.745293 0.443991 0.012872 0.012881
36 0.802948 0.443984 0.012872 0.012885
36 0.325254 0.721950 0.012872 0.012880
36 0.400848 0.721286 0.012874 0.012886
36 0.247887 0.720415 0.012876 0.012892
36 0.133848 0.380483 0.012871 0.012895
36 0.554355 0.443994 0.012866 0.012887
36 0.400342 0.443268 0.012879 0.012887