28 0.453704 0.419753 0.022222 0.069136
32 0.410185 0.240741 0.027778 0.076543
8 0.072222 0.420988 0.051852 0.066667
36 0.366667 0.572840 0.018519 0.029630
32 0.522222 0.240741 0.029630 0.076543
32 0.185185 0.240741 0.029630 0.076543
29 0.074074 0.754321 0.044444 0.032099
32 0.297222 0.240741 0.027778 0.076543
32 0.635185 0.360494 0.062963 0.039506
14 0.227778 0.630864 0.048148 0.111111
14 0.460185 0.630864 0.046296 0.111111
28 0.250000 0.420988 0.022222 0.071605
18 0.751852 0.361728 0.048148 0.106173
21 0.922954 0.627767 0.063959 0.067027
21 0.787866 0.626890 0.063963 0.067002
21 0.652084 0.623006 0.063965 0.067016
37 0.922155 0.456070 0.042056 0.063239