37 0.753000 0.292308 0.016000 0.023932
28 0.389000 0.588889 0.028000 0.025641
32 0.082500 0.261538 0.027000 0.085470
32 0.672500 0.532479 0.053000 0.046154
29 0.389000 0.650427 0.026000 0.032479
37 0.753500 0.198291 0.017000 0.027350
14 0.334500 0.534188 0.037000 0.080342
29 0.319000 0.652991 0.026000 0.034188
7 0.734500 0.634188 0.043000 0.105983
29 0.081000 0.652137 0.026000 0.032479
29 0.753500 0.896581 0.027000 0.032479
28 0.202500 0.835043 0.027000 0.025641
29 0.202500 0.898291 0.025000 0.032479
32 0.457000 0.535897 0.050000 0.046154
32 0.321500 0.261538 0.027000 0.085470
28 0.081000 0.536752 0.028000 0.027350
32 0.204000 0.533333 0.026000 0.082051
37 0.409138 0.870363 0.010600 0.021157
37 0.425041 0.773673 0.010601 0.021151
37 0.406295 0.772781 0.010592 0.021140
37 0.755130 0.068376 0.029320 0.037607
37 0.426464 0.870975 0.010610 0.021145