4 0.644778 0.471398 0.048418 0.046308
29 0.497627 0.556295 0.035759 0.025424
4 0.644462 0.799334 0.048418 0.046005
30 0.497943 0.032385 0.048418 0.012107
0 0.604430 0.678269 0.047468 0.045400
0 0.806804 0.121217 0.047785 0.045097
4 0.352215 0.799031 0.046203 0.046005
4 0.394146 0.349879 0.045886 0.047215
0 0.925316 0.121217 0.048734 0.046913
29 0.494146 0.982748 0.035127 0.029661
4 0.473892 0.916616 0.047785 0.046308
0 0.393038 0.678420 0.046835 0.044492
0 0.392880 0.121217 0.047152 0.046308
30 0.498259 0.605781 0.050316 0.011199
4 0.351899 0.470490 0.046835 0.046308
0 0.070728 0.120914 0.048418 0.046913
4 0.603006 0.350636 0.046519 0.046308
0 0.603323 0.120914 0.047152 0.046308
0 0.189082 0.121065 0.046519 0.045400
37 0.276560 0.798538 0.025007 0.013430
37 0.398983 0.917936 0.019743 0.015532
37 0.721253 0.798095 0.017379 0.015612