35 0.913754 0.806539 0.020739 0.059462
14 0.393476 0.637761 0.014733 0.037465
14 0.253907 0.719958 0.014744 0.037465
14 0.841030 0.303910 0.014731 0.037483
14 0.908244 0.386715 0.014736 0.037451
14 0.777011 0.384287 0.014728 0.037477
14 0.646084 0.469499 0.014714 0.037515
14 0.581424 0.551671 0.014728 0.037469
18 0.325373 0.142545 0.028415 0.021025
35 0.651836 0.053394 0.046107 0.028695
35 0.194033 0.554816 0.046094 0.028724
35 0.717677 0.721917 0.046093 0.028707
35 0.520399 0.636531 0.046080 0.028714
37 0.048030 0.049708 0.018053 0.030459
37 0.047621 0.141588 0.018066 0.030470
37 0.046291 0.302000 0.018066 0.030459
37 0.048285 0.552625 0.018048 0.030452
37 0.050271 0.723054 0.018067 0.030427
37 0.049615 0.890978 0.018050 0.030489
37 0.458487 0.956139 0.018061 0.030471
37 0.804977 0.961146 0.018074 0.030481
37 0.954992 0.884696 0.018065 0.030442
37 0.951010 0.640350 0.018053 0.030447
37 0.947021 0.219296 0.018054 0.030454
37 0.947686 0.136595 0.018054 0.030440
28 0.324488 0.553865 0.013825 0.046101
35 0.519891 0.219834 0.020736 0.059473
35 0.587177 0.218804 0.020754 0.059467
35 0.650895 0.220062 0.020753 0.059459
35 0.782331 0.221321 0.020740 0.059474
35 0.909774 0.301523 0.020747 0.059463
35 0.390704 0.221307 0.020746 0.059476
35 0.258617 0.385471 0.020744 0.059482
35 0.128514 0.638600 0.020741 0.059473
35 0.259945 0.806533 0.020735 0.059479
35 0.390039 0.805277 0.020739 0.059465
35 0.585851 0.802752 0.020761 0.059471
35 0.652230 0.804037 0.020752 0.059473
35 0.780993 0.804029 0.020733 0.059470
35 0.846709 0.804030 0.020737 0.059468