32 0.444118 0.280967 0.023529 0.084592
29 0.405147 0.974320 0.048529 0.045317
0 0.735294 0.222054 0.035294 0.066465
32 0.750735 0.121601 0.027941 0.089124
0 0.578676 0.799849 0.036765 0.064955
29 0.041176 0.359517 0.047059 0.042296
0 0.244853 0.720544 0.036765 0.066465
4 0.367647 0.579305 0.035294 0.064955
0 0.171324 0.321752 0.033824 0.066465
0 0.578676 0.103474 0.033824 0.064955
32 0.443382 0.122356 0.025000 0.084592
29 0.038971 0.373112 0.039706 0.021148
4 0.106618 0.121601 0.033824 0.064955
32 0.256618 0.182024 0.025000 0.086103
32 0.444118 0.678248 0.023529 0.081571
32 0.828676 0.800604 0.027941 0.087613
12 0.011765 0.062689 0.023529 0.043807
7 0.950000 0.580816 0.035294 0.064955
32 0.965441 0.221299 0.030882 0.086103
0 0.303676 0.262085 0.033824 0.064955
4 0.025000 0.639728 0.035294 0.067976
0 0.952941 0.102719 0.038235 0.066465
32 0.828676 0.659366 0.027941 0.086103
0 0.840441 0.101964 0.036765 0.067976
4 0.431618 0.580060 0.033824 0.063444
0 0.245588 0.062689 0.035294 0.064955
4 0.841176 0.320997 0.035294 0.064955
28 0.533088 0.680514 0.039706 0.028701
0 0.172059 0.061934 0.032353 0.066465
32 0.630147 0.441088 0.039706 0.090634
4 0.105882 0.219789 0.032353 0.064955
0 0.643382 0.221299 0.033824 0.067976
29 0.081618 0.520393 0.045588 0.049849
32 0.355147 0.122356 0.025000 0.084592
0 0.303676 0.063444 0.033824 0.063444
0 0.171324 0.720544 0.036765 0.066465
0 0.244853 0.322508 0.033824 0.064955
32 0.355882 0.281722 0.026471 0.083082
7 0.762388 0.582153 0.035303 0.064963
32 0.413679 0.822296 0.048258 0.125842
4 0.040316 0.217277 0.034743 0.063516
4 0.080568 0.380458 0.034733 0.063544