28 0.259737 0.444000 0.013609 0.053091
28 0.785077 0.309091 0.033787 0.017455
28 0.784608 0.684000 0.032848 0.013818
35 0.141718 0.597818 0.042234 0.034909
35 0.090802 0.442182 0.022055 0.069818
28 0.431488 0.952727 0.010793 0.053818
23 0.289066 0.563636 0.088221 0.142545
29 0.514782 0.381091 0.022525 0.013091
31 0.654857 0.561091 0.049273 0.021091
28 0.463867 0.094182 0.033318 0.013818
28 0.063820 0.517455 0.008447 0.047273
35 0.411544 0.781818 0.021586 0.065455
14 0.559596 0.689455 0.047396 0.069818
35 0.736509 0.564364 0.044580 0.036364
18 0.422925 0.198469 0.047398 0.069823
28 0.257169 0.689278 0.013611 0.053093
21 0.866216 0.507801 0.022932 0.031188
18 0.401142 0.564340 0.047392 0.069815
14 0.560625 0.432592 0.047396 0.069818
21 0.918625 0.312721 0.022928 0.031186
18 0.505131 0.198470 0.047399 0.069819
21 0.918157 0.507800 0.022929 0.031189
35 0.428990 0.896047 0.044582 0.036368
21 0.867839 0.313843 0.022932 0.031186
35 0.286817 0.775950 0.021585 0.065455
35 0.286842 0.193117 0.022055 0.069824
35 0.515234 0.308119 0.022054 0.069818
35 0.515911 0.091953 0.022052 0.069819