29 0.830065 0.718245 0.026144 0.027714
14 0.741176 0.617783 0.015686 0.048499
32 0.196732 0.951501 0.024837 0.018476
32 0.736601 0.172055 0.011765 0.057737
32 0.420915 0.653580 0.010458 0.055427
12 0.336601 0.644342 0.032680 0.060046
29 0.336601 0.718245 0.024837 0.027714
12 0.830719 0.644342 0.032680 0.060046
29 0.137255 0.848730 0.023529 0.030023
32 0.915033 0.654734 0.010458 0.057737
29 0.462745 0.718245 0.023529 0.027714
32 0.922876 0.951501 0.026144 0.018476
32 0.169281 0.894919 0.011765 0.057737
12 0.367974 0.580831 0.032680 0.057737
23 0.849673 0.377598 0.044444 0.080831
32 0.894118 0.896074 0.010458 0.055427
32 0.367320 0.242494 0.031373 0.027714
28 0.788235 0.951501 0.010458 0.032333
32 0.420915 0.524249 0.010458 0.055427
32 0.273203 0.896074 0.010458 0.055427
32 0.022222 0.747113 0.013072 0.057737
28 0.062745 0.951501 0.010458 0.032333
32 0.241830 0.132794 0.013072 0.057737
8 0.546405 0.654734 0.033987 0.062356
28 0.600000 0.215935 0.018301 0.025404
29 0.420915 0.718245 0.026144 0.027714
29 0.915033 0.718245 0.026144 0.027714
14 0.237255 0.728637 0.014379 0.043880
32 0.598693 0.356813 0.013072 0.057737
32 0.021569 0.412240 0.014379 0.057737
8 0.862092 0.579677 0.032680 0.055427
29 0.546405 0.718245 0.023529 0.027714
28 0.462092 0.287529 0.024837 0.039261
28 0.367974 0.189376 0.011765 0.036952
11 0.430719 0.891455 0.024837 0.036952
32 0.861438 0.244804 0.028758 0.023095
32 0.136601 0.951501 0.030065 0.018476
32 0.914379 0.524249 0.011765 0.055427
29 0.862092 0.847575 0.024837 0.027714
11 0.494118 0.565820 0.023529 0.036952
23 0.790196 0.821016 0.045752 0.080831
32 0.698693 0.897229 0.011765 0.053118
32 0.598693 0.654734 0.013072 0.057737
32 0.662745 0.172055 0.013072 0.057737
11 0.494118 0.714781 0.023529 0.034642
28 0.020261 0.255196 0.019608 0.030023
32 0.809804 0.173210 0.011765 0.055427
28 0.862683 0.189501 0.013671 0.031708
18 0.667382 0.280781 0.015594 0.047142
18 0.731000 0.284083 0.015601 0.047128
14 0.280149 0.823229 0.014381 0.043873
23 0.358002 0.374210 0.048268 0.099189
14 0.615860 0.578227 0.015694 0.048490
14 0.658279 0.617509 0.015693 0.048498
14 0.781413 0.581854 0.015687 0.048509
32 0.860248 0.952609 0.031075 0.018474
14 0.694828 0.823495 0.015696 0.048485
14 0.196607 0.693844 0.015681 0.048518
23 0.065072 0.819202 0.045296 0.085406