37 0.685649 0.213037 0.072893 0.025437
37 0.686788 0.770270 0.070615 0.027027
29 0.425968 0.600159 0.027335 0.017488
29 0.119590 0.600159 0.025057 0.017488
37 0.946469 0.869634 0.070615 0.025437
37 0.600228 0.016693 0.029613 0.017488
37 0.944191 0.279014 0.070615 0.023847
32 0.752847 0.831479 0.025057 0.034976
14 0.738041 0.338633 0.045558 0.057234
28 0.181093 0.492051 0.025057 0.027027
32 0.600228 0.705882 0.025057 0.034976
28 0.534169 0.189984 0.029613 0.027027
37 0.445330 0.747218 0.025057 0.022258
37 0.753986 0.016693 0.027335 0.017488
32 0.118451 0.537361 0.022779 0.031797
37 0.048975 0.492051 0.070615 0.023847
21 0.535308 0.748013 0.031891 0.030207
29 0.601367 0.958665 0.027335 0.015898
29 0.338269 0.600159 0.029613 0.017488
32 0.600228 0.148649 0.025057 0.033386
21 0.536677 0.233551 0.034629 0.032103
37 0.945330 0.492051 0.068337 0.023847
28 0.536446 0.792528 0.025057 0.027027
32 0.337130 0.537361 0.022779 0.031797
29 0.753986 0.958665 0.027335 0.015898
32 0.600228 0.278219 0.025057 0.034976
28 0.755125 0.064388 0.038724 0.023847
28 0.602506 0.065183 0.038724 0.015898
32 0.752847 0.537361 0.025057 0.038156
32 0.753986 0.445946 0.022779 0.036566
32 0.277904 0.491256 0.050114 0.015898
18 0.736902 0.643084 0.047836 0.055644
37 0.945330 0.107313 0.068337 0.023847
37 0.445330 0.236089 0.025057 0.020668
28 0.424829 0.538156 0.038724 0.014308
32 0.753986 0.147854 0.022779 0.034976
28 0.755125 0.910970 0.038724 0.019078
37 0.944191 0.705087 0.070615 0.023847
28 0.601367 0.910970 0.041002 0.012719
14 0.584282 0.582671 0.043280 0.052464
18 0.584282 0.399046 0.043280 0.057234
32 0.600228 0.831479 0.025057 0.034976