29 0.937988 0.623926 0.028320 0.024355
28 0.240723 0.436246 0.024414 0.018625
32 0.111816 0.489971 0.041992 0.017192
29 0.408203 0.613181 0.027344 0.022923
23 0.431641 0.478510 0.037109 0.068768
23 0.189453 0.500716 0.037109 0.067335
32 0.338867 0.503582 0.011719 0.047278
29 0.164551 0.633238 0.026367 0.022923
29 0.240234 0.474928 0.027344 0.021490
32 0.459473 0.653295 0.034180 0.017192
32 0.187012 0.354585 0.036133 0.018625
32 0.331543 0.654728 0.036133 0.017192
28 0.165039 0.594556 0.025391 0.020057
29 0.478516 0.452722 0.027344 0.022923
29 0.383301 0.782951 0.028320 0.024355
32 0.083496 0.637536 0.010742 0.051576
37 0.210449 0.396848 0.010742 0.014327
29 0.083008 0.713467 0.027344 0.022923
28 0.478516 0.414756 0.025391 0.021490
32 0.383789 0.707020 0.011719 0.053009
37 0.221191 0.575931 0.010742 0.017192
37 0.633301 0.381089 0.010742 0.017192
32 0.854004 0.479943 0.036133 0.020057
29 0.338379 0.578080 0.028320 0.024355
28 0.408203 0.575931 0.025391 0.020057
32 0.083984 0.559530 0.011719 0.050292
25 0.633616 0.476431 0.033461 0.064739
37 0.650397 0.625529 0.010359 0.020964
37 0.464159 0.559079 0.011434 0.021404
37 0.449369 0.373115 0.013730 0.019302
37 0.927214 0.481766 0.013335 0.011611