7 0.940000 0.875235 0.014054 0.039400
14 0.687568 0.353659 0.041081 0.110694
8 0.033514 0.787054 0.032432 0.065666
28 0.802505 0.229346 0.028107 0.026268
28 0.345405 0.865854 0.029189 0.028143
35 0.701833 0.519223 0.019457 0.065663
35 0.702234 0.654771 0.019457 0.065674
35 0.284865 0.082552 0.037838 0.033771
28 0.401292 0.170254 0.027031 0.028150
35 0.579459 0.904315 0.019459 0.063790
35 0.472432 0.081614 0.038919 0.031895
29 0.155676 0.342402 0.025946 0.024390
35 0.428108 0.584428 0.038919 0.031895
29 0.401622 0.246717 0.022703 0.028143
21 0.580541 0.403377 0.028108 0.048780
28 0.775135 0.582552 0.017297 0.050657
28 0.156216 0.265478 0.027027 0.028143
18 0.565405 0.256098 0.036757 0.106942
35 0.345946 0.728893 0.019459 0.065666
35 0.211255 0.268696 0.022704 0.065654
35 0.835885 0.789522 0.021626 0.065670
28 0.139459 0.545028 0.015135 0.050657
35 0.212432 0.788931 0.020541 0.065666
35 0.345081 0.172934 0.018378 0.063803
29 0.802162 0.303940 0.023784 0.022514
14 0.331351 0.487805 0.040000 0.108818
8 0.924654 0.480920 0.032857 0.059175
21 0.578872 0.500434 0.028005 0.048295
18 0.688404 0.839431 0.036749 0.114759