35 0.169242 0.525943 0.040730 0.028302
14 0.732444 0.807783 0.023876 0.068396
35 0.505618 0.327830 0.016854 0.066038
29 0.417135 0.824292 0.039326 0.035377
35 0.657303 0.129717 0.016854 0.066038
14 0.329354 0.752358 0.023876 0.066038
28 0.573034 0.581368 0.028090 0.025943
35 0.808989 0.582547 0.016854 0.066038
14 0.379916 0.527123 0.023876 0.068396
35 0.505618 0.867925 0.016854 0.066038
37 0.936096 0.923349 0.057584 0.040094
18 0.648174 0.695755 0.023876 0.066038
37 0.060393 0.415094 0.056180 0.037736
29 0.875000 0.823113 0.039326 0.037736
35 0.337079 0.867925 0.016854 0.066038
37 0.935393 0.525943 0.053371 0.037736
35 0.741573 0.582547 0.016854 0.066038
28 0.167837 0.650943 0.023876 0.023585
35 0.741573 0.469340 0.016854 0.066038
37 0.935393 0.725236 0.053371 0.040094
28 0.606039 0.738208 0.023876 0.023585
37 0.933989 0.073113 0.056180 0.037736
28 0.809691 0.680425 0.026685 0.021226
29 0.807584 0.284198 0.039326 0.035377
28 0.808287 0.795991 0.023876 0.021226
37 0.060393 0.330189 0.056180 0.042453
37 0.060393 0.527123 0.056180 0.040094
21 0.287921 0.850236 0.022472 0.044811
37 0.060393 0.753538 0.056180 0.040094
35 0.657303 0.865566 0.016854 0.066038
14 0.295646 0.524764 0.023876 0.068396
35 0.202247 0.667453 0.016854 0.066038
28 0.454354 0.228774 0.026685 0.023585
35 0.250000 0.527123 0.039326 0.025943
37 0.061096 0.242925 0.057584 0.037736
28 0.415730 0.726415 0.028090 0.023585
14 0.648174 0.271226 0.023876 0.066038
35 0.302669 0.129717 0.018258 0.066038
29 0.202949 0.823113 0.040730 0.037736
14 0.563904 0.384434 0.023876 0.066038
28 0.117275 0.525943 0.015449 0.047170
28 0.808287 0.173349 0.023876 0.021226
35 0.507022 0.753538 0.016854 0.063679
18 0.731742 0.186321 0.022472 0.066038
35 0.415730 0.641509 0.016854 0.066038
35 0.169263 0.413148 0.040724 0.028308
35 0.170042 0.328631 0.040730 0.028303
35 0.168493 0.243426 0.040734 0.028301
35 0.254576 0.751382 0.040729 0.028285
35 0.454659 0.525516 0.040739 0.028300
18 0.497497 0.187207 0.022473 0.070435