32 0.082338 0.727359 0.022287 0.037863
37 0.596114 0.570307 0.012259 0.022322
37 0.596486 0.603386 0.011514 0.029493
37 0.792859 0.793242 0.011588 0.025827
37 0.955818 0.305588 0.013374 0.031885
37 0.075338 0.128877 0.012896 0.026752
37 0.071467 0.445303 0.010831 0.025468
37 0.152510 0.438328 0.012640 0.026012
37 0.297220 0.441372 0.010574 0.026571
37 0.031154 0.721481 0.010579 0.026572
37 0.294774 0.681628 0.010576 0.026569
37 0.162706 0.865960 0.010576 0.026570
37 0.425036 0.865957 0.010575 0.026573
37 0.557619 0.720927 0.010573 0.026568
37 0.441893 0.444280 0.010574 0.026566
37 0.515068 0.448264 0.010575 0.026566
37 0.719731 0.390875 0.010577 0.026570
37 0.940739 0.386093 0.010579 0.026571
37 0.829305 0.270509 0.010576 0.026575
37 0.514498 0.130495 0.010574 0.026572
37 0.332864 0.187886 0.010575 0.026565
37 0.238519 0.187089 0.010579 0.026574
29 0.658479 0.745272 0.034547 0.039056
29 0.040410 0.413796 0.019189 0.030556
29 0.550055 0.413200 0.021666 0.037866
29 0.658083 0.431133 0.033431 0.037856
32 0.634217 0.570363 0.022287 0.037862
32 0.634523 0.606534 0.022287 0.037868
32 0.505318 0.728738 0.022286 0.037864
32 0.196260 0.336397 0.019315 0.052686
32 0.151838 0.508848 0.019312 0.052691
32 0.162108 0.811876 0.019315 0.052685
32 0.115253 0.866975 0.019313 0.052685
32 0.389323 0.332539 0.019317 0.052683
32 0.445162 0.517113 0.019315 0.052690
32 0.425267 0.809121 0.019318 0.052687
32 0.472762 0.865592 0.019316 0.052687
32 0.828347 0.866972 0.019315 0.052691
28 0.660449 0.669950 0.025631 0.033479
28 0.451075 0.759860 0.013370 0.052610
28 0.426560 0.587686 0.013370 0.050697
28 0.040439 0.336275 0.025257 0.028692
28 0.168066 0.584812 0.011142 0.055000
28 0.137053 0.762968 0.013000 0.054205
28 0.549313 0.337935 0.024070 0.027737
4 0.104513 0.445480 0.022659 0.060573
4 0.188570 0.764881 0.022286 0.062173
4 0.235557 0.624990 0.021176 0.067757
4 0.352190 0.624987 0.019687 0.062973
4 0.352748 0.497054 0.018574 0.065366
4 0.234629 0.497053 0.019318 0.065364
0 0.102991 0.121776 0.024886 0.064567
0 0.484460 0.123372 0.022657 0.064569
0 0.740752 0.152864 0.021918 0.066157
0 0.916444 0.152466 0.021914 0.065366
4 0.766940 0.389207 0.022284 0.065369
4 0.805199 0.390002 0.018574 0.063771
4 0.852742 0.388013 0.021542 0.062972
4 0.892485 0.390800 0.022286 0.073336
4 0.928887 0.606020 0.020800 0.060581
4 0.877814 0.603624 0.021169 0.062169
4 0.783655 0.604822 0.020800 0.067757
4 0.725340 0.607610 0.020799 0.068550
4 0.822286 0.796527 0.021544 0.068546
4 0.400254 0.762015 0.020801 0.055796
4 0.464140 0.590634 0.023031 0.068551
4 0.481228 0.448353 0.023032 0.066163
4 0.123494 0.591910 0.021916 0.063765
28 0.660252 0.502276 0.022597 0.029228