35 0.255427 0.747692 0.018813 0.080000
29 0.951520 0.924615 0.015919 0.064615
35 0.145441 0.744615 0.021708 0.080000
28 0.861795 0.306154 0.015919 0.058462
35 0.788712 0.770769 0.020260 0.076923
35 0.374096 0.072308 0.039074 0.040000
28 0.662084 0.447692 0.015919 0.058462
37 0.908104 0.309231 0.015919 0.033846
28 0.656295 0.153846 0.027496 0.030769
14 0.776411 0.452308 0.039074 0.129231
35 0.873372 0.072308 0.036179 0.040000
35 0.494935 0.593846 0.037627 0.043077
35 0.562229 0.450769 0.036179 0.040000
28 0.417511 0.707692 0.015919 0.061538
28 0.082489 0.564615 0.014472 0.058462
35 0.390014 0.589231 0.024602 0.089231
35 0.146165 0.224615 0.020260 0.080000
35 0.599132 0.589231 0.026049 0.089231
29 0.089001 0.247692 0.021708 0.027692
35 0.390014 0.815385 0.018813 0.080000
28 0.417511 0.473846 0.015919 0.049231
29 0.655572 0.247692 0.023155 0.027692
35 0.739508 0.309231 0.037627 0.040000
28 0.322721 0.440000 0.026049 0.036923
37 0.033646 0.568630 0.004765 0.013510
14 0.243126 0.449231 0.040521 0.129231
28 0.089001 0.156923 0.024602 0.036923
28 0.601302 0.366154 0.024602 0.036923
35 0.390014 0.363077 0.018813 0.080000
28 0.601302 0.816923 0.024602 0.033846
35 0.788712 0.203077 0.020260 0.080000
37 0.044908 0.921023 0.004768 0.013543