28 0.166667 0.671182 0.025862 0.022167
29 0.202586 0.848522 0.043103 0.036946
35 0.512931 0.450739 0.017241 0.068966
28 0.118534 0.539409 0.012931 0.049261
35 0.304598 0.125616 0.017241 0.068966
35 0.752874 0.480296 0.017241 0.068966
18 0.658046 0.714286 0.022989 0.064039
35 0.666667 0.894089 0.017241 0.068966
29 0.421695 0.849754 0.041667 0.039409
29 0.820402 0.288177 0.040230 0.039409
37 0.056753 0.775862 0.058908 0.044335
35 0.339080 0.895320 0.017241 0.071429
35 0.821121 0.598522 0.015805 0.068966
28 0.821121 0.818966 0.024425 0.022167
37 0.948994 0.067734 0.056034 0.041872
35 0.752155 0.598522 0.015805 0.068966
14 0.381466 0.538177 0.021552 0.066502
14 0.330460 0.774631 0.022989 0.071429
14 0.572557 0.390394 0.021552 0.066502
35 0.666667 0.125616 0.017241 0.068966
14 0.296695 0.538177 0.024425 0.071429
37 0.949713 0.539409 0.057471 0.039409
28 0.579741 0.598522 0.027299 0.029557
37 0.950431 0.746305 0.056034 0.039409
21 0.288075 0.876847 0.021552 0.049261
35 0.511494 0.333744 0.017241 0.066502
28 0.821121 0.701970 0.024425 0.019704
14 0.658046 0.274631 0.022989 0.071429
28 0.614224 0.759852 0.024425 0.022167
28 0.459052 0.229064 0.024425 0.019704
35 0.419540 0.660099 0.017241 0.068966
35 0.201149 0.687192 0.017241 0.068966
28 0.419540 0.747537 0.028736 0.027094
14 0.503592 0.184729 0.021552 0.064039
28 0.820402 0.169951 0.022989 0.019704
35 0.511494 0.894089 0.017241 0.068966
14 0.743534 0.832512 0.021552 0.068966
29 0.889368 0.848522 0.040230 0.036946
18 0.744253 0.183498 0.020115 0.066502
35 0.512213 0.775862 0.018678 0.068966
37 0.056034 0.539409 0.057471 0.049261
35 0.253036 0.775894 0.040134 0.028817
35 0.167726 0.540035 0.040127 0.028823
35 0.248440 0.540453 0.040141 0.028841
35 0.460199 0.539038 0.040121 0.028834