28 0.487716 0.567742 0.017184 0.077419
3 0.861719 0.340323 0.051562 0.177419
35 0.771875 0.159677 0.031250 0.158065
14 0.635156 0.372581 0.060937 0.203226
35 0.550781 0.158065 0.029687 0.154839
21 0.220312 0.467742 0.037500 0.064516
35 0.771875 0.614516 0.028125 0.151613
21 0.329688 0.466129 0.037500 0.067742
35 0.771875 0.845161 0.028125 0.154839
21 0.551562 0.729032 0.043750 0.070968
35 0.882812 0.743548 0.031250 0.151613
35 0.660937 0.843548 0.031250 0.158065
21 0.330469 0.140323 0.039062 0.067742
21 0.219531 0.140323 0.035937 0.067742
28 0.439844 0.337097 0.039062 0.067742
31 0.138639 0.319118 0.035534 0.188218
31 0.095221 0.318863 0.035554 0.188211