35 0.399437 0.846854 0.014065 0.074503
35 0.080520 0.159768 0.014768 0.074503
29 0.024613 0.298013 0.021097 0.029801
29 0.241561 0.197020 0.021800 0.029801
29 0.474332 0.749172 0.018987 0.031457
29 0.400141 0.192881 0.019691 0.031457
7 0.522855 0.684603 0.021800 0.071192
35 0.478551 0.274834 0.030239 0.033113
35 0.399086 0.718543 0.011955 0.069536
35 0.308368 0.509106 0.031646 0.034768
35 0.155415 0.571192 0.015471 0.072848
28 0.269339 0.381623 0.019691 0.028146
28 0.399789 0.111755 0.020394 0.034768
35 0.080169 0.349338 0.014065 0.072848
28 0.446203 0.365066 0.020394 0.038079
35 0.480661 0.661424 0.028833 0.031457
37 0.154008 0.683775 0.009845 0.023179
21 0.400492 0.392384 0.018987 0.029801
28 0.433793 0.784768 0.012453 0.046358
7 0.522504 0.254967 0.021097 0.069536
37 0.589662 0.466060 0.007736 0.018212
28 0.706399 0.660596 0.021800 0.046358
29 0.685654 0.538079 0.021097 0.033113
29 0.241913 0.461921 0.019691 0.029801
28 0.474684 0.851821 0.021097 0.038079
28 0.706399 0.249172 0.020394 0.048013
28 0.048523 0.259934 0.012658 0.046358
21 0.838478 0.426392 0.021771 0.049111
21 0.811802 0.490478 0.021773 0.049116
21 0.838183 0.491777 0.021772 0.049118
37 0.968681 0.436436 0.008213 0.020513
37 0.969550 0.515569 0.008223 0.022338
28 0.201657 0.162777 0.013002 0.048972
28 0.202610 0.422848 0.012999 0.048974
23 0.177980 0.277797 0.031528 0.088778
35 0.634836 0.510755 0.031522 0.032826
21 0.400180 0.323670 0.018990 0.029805
21 0.400726 0.561105 0.018989 0.029793
21 0.400454 0.618037 0.018983 0.029802
21 0.810141 0.426137 0.022264 0.051186