35 0.693149 0.298711 0.035439 0.026111
35 0.342380 0.173392 0.035445 0.026096
37 0.880703 0.071309 0.016562 0.030470
37 0.885039 0.459942 0.018404 0.035540
37 0.886414 0.506338 0.018424 0.034078
35 0.316039 0.833836 0.020702 0.062241
35 0.581693 0.867690 0.020719 0.062231
18 0.293310 0.221549 0.046926 0.073906
4 0.515493 0.753713 0.046921 0.068909
4 0.647399 0.752684 0.046934 0.068906
2 0.751937 0.300990 0.054772 0.080388
18 0.402966 0.175446 0.051718 0.073884
18 0.629657 0.225572 0.046924 0.073907
18 0.245873 0.459335 0.054072 0.075242
18 0.323434 0.457403 0.046928 0.073877
35 0.761338 0.389015 0.020702 0.062252
35 0.255583 0.833851 0.020703 0.062232
37 0.881629 0.924939 0.015637 0.028999
37 0.069257 0.458489 0.017119 0.024372
37 0.067872 0.503754 0.017678 0.027849
29 0.409602 0.410221 0.019178 0.023695
35 0.823495 0.573204 0.020719 0.062251
35 0.760664 0.528089 0.020719 0.062248
35 0.638163 0.525594 0.020716 0.062253
35 0.386031 0.520564 0.020722 0.062238
35 0.523626 0.524320 0.020714 0.062262
35 0.409096 0.355151 0.020714 0.062246
35 0.409887 0.271207 0.020730 0.062240
35 0.638165 0.127087 0.020731 0.062275
35 0.526014 0.127087 0.020698 0.062273
35 0.285804 0.127085 0.020709 0.062256
18 0.534212 0.224330 0.046929 0.073907
35 0.110665 0.571398 0.020732 0.062235
29 0.144792 0.739712 0.019168 0.023674
29 0.825120 0.636005 0.019173 0.023683
29 0.885872 0.638173 0.019194 0.023694
28 0.824050 0.504006 0.022633 0.019956
28 0.175353 0.573845 0.020156 0.019665
28 0.094796 0.457509 0.016947 0.035742
28 0.375006 0.620676 0.020787 0.021156
28 0.490404 0.686897 0.013093 0.027688
28 0.671116 0.687309 0.014193 0.032027
35 0.815176 0.068536 0.056341 0.034443
35 0.467262 0.457853 0.035432 0.026125
35 0.814165 0.928473 0.056337 0.034467
35 0.144920 0.457686 0.035450 0.026108
35 0.693149 0.618252 0.035456 0.026110