35 0.739252 0.328972 0.024299 0.044860
8 0.959813 0.360748 0.061682 0.059813
35 0.778505 0.296262 0.046729 0.024299
35 0.648598 0.218692 0.022430 0.044860
21 0.053271 0.557009 0.035514 0.033645
35 0.414953 0.931776 0.022430 0.046729
35 0.313084 0.142056 0.024299 0.048598
14 0.503738 0.801869 0.039252 0.056075
14 0.328037 0.556075 0.039252 0.057944
35 0.415888 0.490654 0.020561 0.046729
21 0.649533 0.131776 0.031776 0.031776
14 0.115888 0.205607 0.041121 0.056075
14 0.327103 0.361682 0.041121 0.057944
35 0.415888 0.634579 0.024299 0.046729
35 0.817757 0.328972 0.020561 0.044860
14 0.400935 0.840187 0.039252 0.054206
35 0.131776 0.490654 0.024299 0.046729
35 0.700935 0.271028 0.044860 0.022430
35 0.054206 0.142056 0.022430 0.044860
35 0.818692 0.729907 0.026168 0.046729
14 0.557944 0.722430 0.039252 0.057944
35 0.131776 0.821495 0.024299 0.046729
28 0.455140 0.761682 0.042991 0.024299
14 0.328037 0.840187 0.039252 0.057944
35 0.817757 0.432710 0.024299 0.046729
14 0.725234 0.180374 0.037383 0.054206
18 0.327103 0.206542 0.041121 0.057944
8 0.957944 0.076636 0.061682 0.059813
35 0.131776 0.296262 0.024299 0.046729
14 0.168224 0.619626 0.041121 0.057944
14 0.430841 0.414019 0.039252 0.054206
35 0.519626 0.678505 0.022430 0.044860
35 0.312150 0.749533 0.022430 0.044860
14 0.246729 0.361682 0.041121 0.057944
35 0.416822 0.749533 0.022430 0.044860
18 0.504673 0.205607 0.041121 0.056075
14 0.801869 0.230841 0.037383 0.054206
14 0.613084 0.296262 0.037383 0.054206
8 0.958879 0.969159 0.059813 0.057944
35 0.520561 0.142991 0.024299 0.046729