28 0.789172 0.814884 0.102230 0.030274
37 0.031501 0.191137 0.063001 0.076061
29 0.250622 0.703140 0.069602 0.044354
29 0.542379 0.821495 0.083381 0.044387
29 0.789701 0.980578 0.074181 0.038845
32 0.544922 0.185481 0.047481 0.105270
32 0.250701 0.307026 0.047491 0.105260
32 0.250708 0.543866 0.047497 0.105264
32 0.535622 0.661664 0.047484 0.105268
32 0.788897 0.665427 0.047501 0.105264
28 0.749052 0.307881 0.039567 0.096080
28 0.125784 0.419100 0.035171 0.101276
14 0.510960 0.421819 0.083541 0.132621
37 0.956484 0.270057 0.083135 0.073907
37 0.579083 0.036341 0.077781 0.072683
37 0.291269 0.150533 0.079347 0.074621