28 0.486719 0.747692 0.029687 0.036923
35 0.745313 0.603077 0.018750 0.086154
23 0.366406 0.433846 0.064062 0.160000
35 0.486719 0.255385 0.020313 0.086154
37 0.878125 0.158462 0.075000 0.058462
21 0.165625 0.500000 0.031250 0.046154
28 0.602344 0.232308 0.029687 0.033846
29 0.602344 0.718462 0.039062 0.027692
35 0.550000 0.504615 0.043750 0.036923
23 0.692969 0.469231 0.064062 0.156923
29 0.803906 0.718462 0.039062 0.033846
35 0.601562 0.600000 0.018750 0.086154
37 0.877344 0.469231 0.073438 0.052308
29 0.249219 0.718462 0.042188 0.033846
35 0.550781 0.432308 0.042188 0.033846
37 0.879687 0.672308 0.075000 0.052308
37 0.109375 0.393846 0.071875 0.055385
29 0.602344 0.316923 0.039062 0.030769
37 0.878906 0.829231 0.076563 0.058462
35 0.249091 0.521617 0.020319 0.086180
35 0.487369 0.505311 0.020322 0.086158
35 0.804481 0.471183 0.043746 0.036944
37 0.108735 0.612751 0.073468 0.052696