28 0.201369 0.665282 0.019550 0.084718
37 0.461388 0.193522 0.015640 0.028239
28 0.717009 0.676080 0.053763 0.036545
29 0.717009 0.916944 0.057674 0.036545
35 0.461877 0.400332 0.030303 0.112957
35 0.386608 0.527409 0.067449 0.054817
29 0.462366 0.918605 0.056696 0.036545
28 0.629032 0.526578 0.022483 0.086379
28 0.351417 0.312292 0.020528 0.086379
37 0.947214 0.527409 0.015640 0.028239
28 0.814272 0.527409 0.021505 0.088040
29 0.265241 0.390926 0.056695 0.036548
14 0.451358 0.668180 0.083997 0.140730