35 0.195364 0.441948 0.024283 0.104869
37 0.897351 0.084270 0.086093 0.063670
35 0.432671 0.756554 0.026490 0.104869
18 0.656733 0.355805 0.037528 0.104869
14 0.658940 0.668539 0.037528 0.101124
29 0.779249 0.327715 0.061810 0.056180
28 0.778146 0.172285 0.041943 0.037453
37 0.076159 0.578652 0.086093 0.063670
37 0.897351 0.486891 0.086093 0.067416
18 0.366446 0.580524 0.035320 0.104869
21 0.539079 0.148882 0.031801 0.058064
35 0.248344 0.574906 0.059603 0.041199
28 0.156733 0.580524 0.017660 0.059925
29 0.144592 0.417603 0.059603 0.056180
35 0.143312 0.174069 0.022426 0.103607
35 0.486755 0.350187 0.059603 0.041199
35 0.538631 0.758427 0.026490 0.101124
35 0.672185 0.174157 0.028698 0.101124
35 0.486755 0.485019 0.059603 0.041199
37 0.897351 0.848315 0.086093 0.063670
21 0.538631 0.249064 0.030905 0.063670
28 0.433775 0.576779 0.041943 0.037453
28 0.301325 0.260300 0.041943 0.041199
29 0.779719 0.915566 0.061798 0.056155