35 0.616530 0.544291 0.007911 0.030361
35 0.565886 0.676034 0.007914 0.030356
35 0.392134 0.553358 0.007914 0.030363
35 0.361187 0.552747 0.007917 0.030352
35 0.357664 0.786627 0.007918 0.030367
35 0.232104 0.787228 0.007915 0.030355
35 0.195175 0.789042 0.007913 0.030361
35 0.565240 0.413514 0.007917 0.030360
35 0.661269 0.489390 0.017586 0.012694
35 0.660204 0.290840 0.017584 0.012689
35 0.832547 0.426213 0.017592 0.012684
35 0.288439 0.370008 0.017586 0.012690
35 0.090421 0.370606 0.017585 0.012690
21 0.167290 0.130271 0.012216 0.018049
21 0.167292 0.190511 0.012208 0.018044
21 0.322147 0.120846 0.012214 0.018046
21 0.518282 0.230799 0.012216 0.018049
21 0.565621 0.322703 0.012208 0.018052
21 0.519771 0.557482 0.012218 0.018047
31 0.833938 0.308225 0.016115 0.008450
18 0.208072 0.231140 0.015605 0.032641
18 0.189559 0.370255 0.015607 0.032646
18 0.237631 0.370754 0.015602 0.032638
18 0.694734 0.596673 0.015606 0.032641
18 0.744324 0.547120 0.015606 0.032639
18 0.525092 0.491184 0.015604 0.032639
18 0.386028 0.211046 0.015605 0.032635
14 0.525214 0.288984 0.016410 0.031219
14 0.692735 0.170041 0.016411 0.031221
14 0.745491 0.212950 0.016413 0.031213
14 0.455326 0.509067 0.016416 0.031222
14 0.398346 0.655920 0.016414 0.031231
14 0.316744 0.656521 0.016413 0.031221
21 0.565353 0.544429 0.012208 0.018041
28 0.427390 0.433902 0.012946 0.013852
29 0.521402 0.941812 0.012206 0.010784
29 0.751320 0.937585 0.012388 0.010495
29 0.832056 0.937150 0.011700 0.011363
29 0.565576 0.728086 0.011396 0.009090
29 0.900500 0.584273 0.012457 0.011750
29 0.957168 0.521533 0.011973 0.014687
29 0.832582 0.182300 0.012824 0.012244
29 0.431667 0.182093 0.010175 0.012936
29 0.010159 0.460930 0.011774 0.011319
29 0.033159 0.461355 0.011779 0.011316
29 0.068168 0.460655 0.011781 0.011315
29 0.115182 0.460652 0.011783 0.011316
29 0.264787 0.540043 0.011782 0.011313
29 0.167074 0.322297 0.011780 0.011315
37 0.009852 0.371234 0.004832 0.008508
37 0.009968 0.410292 0.005534 0.008499
37 0.981224 0.070930 0.006104 0.008813
37 0.981863 0.371758 0.005432 0.009921
37 0.982117 0.446218 0.005259 0.010780
37 0.982184 0.847625 0.006309 0.011551
28 0.113838 0.410120 0.012013 0.014340
28 0.431013 0.127606 0.012005 0.016445
28 0.289370 0.249453 0.012211 0.016792
28 0.660038 0.322396 0.008548 0.021828
28 0.900745 0.528791 0.012216 0.015100
28 0.660649 0.450827 0.008140 0.023081
28 0.461832 0.628627 0.010505 0.013847
28 0.750336 0.891450 0.011871 0.013122
28 0.521308 0.894569 0.011312 0.011660
29 0.565609 0.461652 0.010899 0.010455
35 0.033037 0.409520 0.007914 0.030360
35 0.068201 0.410129 0.007920 0.030355
35 0.265871 0.429465 0.007915 0.030354
35 0.167389 0.268714 0.007922 0.030362
35 0.214516 0.290473 0.007918 0.030349
35 0.213815 0.159332 0.007912 0.030364
35 0.322844 0.249983 0.007915 0.030348
35 0.392486 0.269928 0.007912 0.030364
35 0.323199 0.181088 0.007914 0.030363
35 0.391785 0.130326 0.007912 0.030358
35 0.616529 0.231849 0.007914 0.030365
35 0.699890 0.249983 0.007913 0.030348
35 0.901424 0.446384 0.007918 0.030363
35 0.750535 0.331568 0.007915 0.030362
35 0.750891 0.411336 0.007915 0.030358
35 0.699889 0.520722 0.007914 0.030347