28 0.082558 0.678125 0.020930 0.062500
0 0.297674 0.650000 0.060465 0.118750
35 0.504651 0.392188 0.041860 0.121875
35 0.505814 0.825000 0.044186 0.125000
28 0.444186 0.406250 0.046512 0.025000
29 0.905814 0.932813 0.053488 0.046875
28 0.104651 0.381250 0.023256 0.062500
29 0.726744 0.932813 0.053488 0.046875
29 0.326744 0.932813 0.053488 0.046875
14 0.593023 0.545312 0.079070 0.171875
35 0.223256 0.798438 0.041860 0.121875
37 0.034884 0.381250 0.032558 0.068750
29 0.625581 0.932813 0.051163 0.046875
35 0.163953 0.528125 0.039535 0.118750
29 0.506977 0.934375 0.055814 0.043750
37 0.006977 0.671875 0.009302 0.018750
28 0.725581 0.784375 0.046512 0.031250
29 0.226744 0.934375 0.053488 0.043750
35 0.625581 0.796875 0.041860 0.125000
37 0.844186 0.676562 0.088372 0.059375
31 0.327907 0.179688 0.041860 0.146875
14 0.298070 0.382989 0.079071 0.171860
37 0.163803 0.870141 0.048060 0.128468
11 0.905739 0.500334 0.088381 0.080581
37 0.007904 0.084788 0.015808 0.015804