29 0.532558 0.893750 0.051163 0.043750
37 0.536047 0.045312 0.025581 0.034375
28 0.861628 0.376563 0.025581 0.071875
14 0.512791 0.503125 0.058140 0.131250
35 0.536047 0.735938 0.030233 0.109375
32 0.477907 0.251563 0.034884 0.146875
28 0.047674 0.220312 0.058140 0.034375
28 0.187209 0.314063 0.058140 0.034375
28 0.697674 0.501563 0.055814 0.034375
28 0.582558 0.251563 0.053488 0.034375
35 0.303488 0.298438 0.030233 0.103125
28 0.605814 0.501563 0.053488 0.034375
29 0.047674 0.390625 0.053488 0.043750
28 0.094147 0.501476 0.046623 0.077706