14 0.454141 0.784481 0.045536 0.144127
37 0.077273 0.406614 0.153760 0.071448
37 0.942837 0.253127 0.099007 0.087726
28 0.241783 0.372491 0.021542 0.093985
28 0.545374 0.370948 0.021985 0.096582
32 0.286372 0.702829 0.025352 0.108312
32 0.742564 0.913326 0.025359 0.108297
32 0.632484 0.910342 0.025362 0.108281
32 0.569099 0.788547 0.050679 0.054127
29 0.611975 0.211658 0.037398 0.048034
29 0.674751 0.500454 0.037402 0.048041
29 0.981985 0.875819 0.036031 0.048038
14 0.616806 0.583307 0.045524 0.144084
14 0.728035 0.657913 0.045543 0.144059
11 0.610757 0.083240 0.049026 0.119091
11 0.874209 0.912593 0.058177 0.119104
12 0.741990 0.165239 0.049113 0.093253