28 0.273077 0.433263 0.050769 0.027542
28 0.753846 0.472458 0.018462 0.063559
28 0.319231 0.126059 0.020000 0.065678
28 0.685385 0.343220 0.050769 0.029661
35 0.365385 0.381356 0.063077 0.042373
29 0.446154 0.929025 0.040000 0.031780
35 0.609231 0.345339 0.030769 0.088983
35 0.582308 0.793432 0.032308 0.091102
28 0.123846 0.592161 0.020000 0.065678
28 0.446923 0.787076 0.050769 0.027542
37 0.058462 0.592161 0.018462 0.040254
14 0.431157 0.595029 0.074622 0.105312
35 0.272308 0.298729 0.033846 0.088983
35 0.537692 0.472458 0.063077 0.042373
21 0.410769 0.216102 0.036923 0.055085
28 0.184615 0.725636 0.052308 0.027542
29 0.271538 0.524364 0.041538 0.031780
21 0.405385 0.126059 0.038462 0.057203
37 0.609180 0.128789 0.027508 0.044339