28 0.746945 0.371429 0.021385 0.033498
29 0.386117 0.809113 0.024100 0.016256
23 0.601918 0.402217 0.101325 0.113793
37 0.017481 0.427833 0.022064 0.022167
29 0.718601 0.281281 0.024440 0.018719
28 0.837067 0.483251 0.035981 0.024631
28 0.657332 0.232759 0.022064 0.035961
35 0.597590 0.120690 0.026137 0.045320
37 0.597081 0.042611 0.014257 0.017241
35 0.837067 0.566010 0.025798 0.046305
28 0.536999 0.232512 0.021045 0.036453
29 0.145282 0.670936 0.025119 0.017734
28 0.266124 0.532266 0.033944 0.022167
28 0.476239 0.622414 0.023761 0.035961
35 0.326714 0.537192 0.026137 0.043842
35 0.144773 0.538424 0.026816 0.043350
28 0.476409 0.760591 0.022743 0.033498
29 0.478276 0.281773 0.024440 0.017734
37 0.817549 0.369212 0.025458 0.023153
35 0.566870 0.846305 0.025798 0.044335
35 0.626103 0.566010 0.026137 0.045320
29 0.265614 0.636946 0.024779 0.016749
28 0.085370 0.427094 0.022743 0.035468
29 0.838117 0.646136 0.024440 0.018721
37 0.567248 0.933791 0.017850 0.016753
29 0.326347 0.644476 0.024780 0.016752