32 0.168033 0.387652 0.051913 0.143725
28 0.444672 0.787449 0.069672 0.056680
29 0.851776 0.364372 0.056011 0.052632
32 0.167350 0.743927 0.050546 0.143725
32 0.555328 0.784413 0.053279 0.139676
23 0.288934 0.175101 0.143443 0.208502
8 0.851776 0.234818 0.102459 0.145749
32 0.445355 0.236842 0.054645 0.145749
36 0.444672 0.341093 0.031421 0.034413
37 0.113388 0.172065 0.024590 0.040486
29 0.851093 0.713563 0.057377 0.050607
11 0.701503 0.422065 0.069672 0.082996
11 0.702186 0.901822 0.071038 0.082996
8 0.702186 0.569838 0.101093 0.143725
29 0.446038 0.928138 0.058743 0.050607
37 0.608607 0.656883 0.025956 0.038462
29 0.166667 0.926113 0.060109 0.050607
29 0.252732 0.929150 0.057377 0.048583
29 0.377049 0.314777 0.057377 0.050607
8 0.701503 0.753036 0.099727 0.145749
29 0.553962 0.928138 0.058743 0.050607
32 0.574454 0.128543 0.094262 0.078947
23 0.339481 0.656883 0.140710 0.204453