14 0.176000 0.504698 0.038000 0.085906
29 0.295500 0.767114 0.067000 0.044295
32 0.886500 0.712752 0.027000 0.110067
29 0.531000 0.607383 0.062000 0.044295
32 0.164500 0.201342 0.029000 0.112752
28 0.293500 0.613423 0.053000 0.032215
30 0.888500 0.222148 0.033000 0.012081
29 0.889000 0.944966 0.064000 0.042953
29 0.163000 0.766443 0.064000 0.042953
30 0.163500 0.045638 0.037000 0.013423
32 0.386000 0.292617 0.084000 0.032215
32 0.887500 0.430872 0.029000 0.110067
32 0.780000 0.292617 0.082000 0.034899
28 0.531000 0.448993 0.056000 0.030872
21 0.639759 0.609903 0.069902 0.121827
37 0.006333 0.380782 0.007066 0.009332