31 0.634511 0.371462 0.021739 0.162736
32 0.354620 0.589623 0.021739 0.080189
21 0.968071 0.787736 0.025815 0.047170
32 0.968071 0.923349 0.023098 0.082547
8 0.100904 0.337411 0.047549 0.080189
32 0.693614 0.773585 0.023098 0.084906
21 0.968071 0.569575 0.025815 0.049528
21 0.968071 0.679245 0.025815 0.047170
14 0.490489 0.665094 0.032609 0.089623
14 0.618207 0.589623 0.032609 0.089623
8 0.038454 0.338092 0.049735 0.086561
21 0.141984 0.226415 0.028533 0.047170
28 0.862092 0.600236 0.050272 0.049528
8 0.037364 0.517689 0.047554 0.077830
32 0.503397 0.371462 0.023098 0.082547
21 0.756114 0.482311 0.028533 0.049528
28 0.692255 0.601415 0.050272 0.042453
8 0.101223 0.520202 0.047554 0.077846
11 0.292922 0.501681 0.053760 0.043808
11 0.291496 0.357569 0.053758 0.043844
18 0.417839 0.206596 0.053776 0.055220