28 0.146991 0.610606 0.020833 0.069697
37 0.096065 0.687879 0.016204 0.024242
28 0.478009 0.566667 0.025463 0.066667
28 0.143519 0.224242 0.050926 0.030303
37 0.096065 0.612121 0.016204 0.018182
37 0.836806 0.134848 0.011574 0.021212
35 0.320602 0.798485 0.030093 0.087879
28 0.789352 0.483333 0.023148 0.069697
38 0.850694 0.748485 0.025463 0.084848
35 0.521991 0.213636 0.030093 0.087879
21 0.523148 0.477273 0.041667 0.063636
28 0.388889 0.542424 0.050926 0.030303
18 0.304398 0.612121 0.043981 0.103030
18 0.598380 0.563636 0.043981 0.103030
28 0.790509 0.227273 0.048611 0.030303
29 0.792824 0.310606 0.030093 0.015152
35 0.613426 0.803030 0.032407 0.090909
14 0.681713 0.292424 0.043981 0.100000
18 0.304398 0.612121 0.043981 0.103030
28 0.771991 0.646970 0.020833 0.063636
14 0.505787 0.687879 0.048611 0.103030
14 0.681713 0.690909 0.043981 0.103030
35 0.287037 0.134848 0.069444 0.039394
35 0.458333 0.403030 0.069444 0.042424
37 0.875257 0.899354 0.010136 0.021902
37 0.089121 0.901030 0.010183 0.021933
35 0.386747 0.799412 0.030097 0.087856
29 0.144719 0.305670 0.030096 0.013514