35 0.765000 0.110930 0.070000 0.045677
21 0.127500 0.418434 0.077000 0.083197
28 0.543500 0.184339 0.063000 0.039152
29 0.833000 0.961664 0.072000 0.060359
29 0.638500 0.320555 0.075000 0.060359
7 0.394500 0.254486 0.049000 0.101142
35 0.829000 0.805057 0.032000 0.102773
37 0.009500 0.530179 0.013000 0.026101
29 0.543000 0.320555 0.078000 0.060359
37 0.960500 0.716966 0.013000 0.024470
35 0.735000 0.433116 0.032000 0.106036
35 0.413000 0.479608 0.036000 0.104405
32 0.288500 0.586460 0.035000 0.184339
35 0.828500 0.250408 0.035000 0.102773
30 0.864000 0.067700 0.040000 0.017945
28 0.639500 0.184339 0.061000 0.039152
29 0.289500 0.876020 0.073000 0.058728
28 0.927000 0.414356 0.062000 0.042414
29 0.931500 0.550571 0.071000 0.057096
28 0.415500 0.646819 0.063000 0.040783
14 0.816000 0.528548 0.042000 0.104405
29 0.128000 0.876020 0.074000 0.061990
21 0.126000 0.689233 0.080000 0.079935