32 0.344055 0.520225 0.056530 0.038202
14 0.255361 0.271910 0.077973 0.080899
14 0.295322 0.644944 0.076023 0.080899
21 0.161793 0.383146 0.042885 0.047191
37 0.115984 0.676404 0.013645 0.013483
32 0.255361 0.143820 0.027290 0.089888
32 0.652047 0.720225 0.083821 0.042697
14 0.707602 0.313483 0.070175 0.096629
37 0.802144 0.779775 0.025341 0.031461
32 0.622807 0.143820 0.033138 0.094382
37 0.801170 0.064045 0.027290 0.029213
37 0.830088 0.454116 0.008187 0.010565
14 0.435673 0.673034 0.072125 0.096629
14 0.704678 0.517978 0.068226 0.092135
14 0.529240 0.303371 0.068226 0.094382
32 0.739766 0.143820 0.029240 0.094382
29 0.493177 0.843820 0.054581 0.038202
21 0.213450 0.725843 0.040936 0.044944
21 0.735867 0.410112 0.037037 0.047191
37 0.114512 0.302585 0.008187 0.010560