21 0.173913 0.480460 0.041739 0.059770
37 0.088696 0.480460 0.017391 0.022989
29 0.597391 0.898851 0.053913 0.036782
28 0.276522 0.759770 0.041739 0.029885
32 0.733043 0.243678 0.040000 0.119540
37 0.915652 0.357471 0.019130 0.025287
21 0.471304 0.749425 0.048696 0.059770
21 0.174783 0.211494 0.043478 0.059770
37 0.732174 0.109195 0.020870 0.025287
37 0.088696 0.344828 0.017391 0.022989
32 0.371304 0.656322 0.092174 0.052874
14 0.713043 0.479310 0.086957 0.108046
21 0.174783 0.345977 0.043478 0.057471
37 0.090435 0.213793 0.017391 0.022989
32 0.380000 0.480460 0.088696 0.050575
14 0.577391 0.654023 0.086957 0.108046