21 0.222955 0.793919 0.071240 0.060811
37 0.153034 0.584459 0.026385 0.033784
29 0.709763 0.979730 0.047493 0.040541
32 0.585752 0.797297 0.026385 0.087838
14 0.278144 0.478663 0.068602 0.077685
32 0.585752 0.172297 0.026385 0.081081
14 0.823219 0.684122 0.058047 0.091216
14 0.824538 0.331081 0.055409 0.087838
37 0.931398 0.582770 0.026385 0.030405
14 0.564644 0.506757 0.058047 0.087838
32 0.846966 0.173986 0.026385 0.077703
37 0.155673 0.081081 0.026385 0.033784
21 0.845646 0.483108 0.065963 0.060811
32 0.274406 0.172297 0.031662 0.087838