37 0.876528 0.052045 0.026895 0.037175
37 0.876528 0.323420 0.026895 0.037175
28 0.865526 0.767658 0.058680 0.055762
32 0.165037 0.189591 0.031785 0.104089
32 0.749389 0.767658 0.036675 0.107807
32 0.574572 0.723048 0.034230 0.107807
28 0.101467 0.485130 0.036675 0.085502
37 0.039120 0.905204 0.024450 0.040892
32 0.341076 0.724907 0.031785 0.104089
14 0.305623 0.483271 0.117359 0.171004
32 0.573350 0.189591 0.031785 0.104089
29 0.864303 0.975836 0.056235 0.040892
32 0.341076 0.191450 0.031785 0.107807
37 0.039120 0.481413 0.024450 0.033457
28 0.485330 0.483271 0.036675 0.089219
32 0.166259 0.723048 0.034230 0.100372
32 0.749389 0.189591 0.031785 0.111524
14 0.714511 0.482956 0.117342 0.171007