14 0.374302 0.443370 0.055866 0.091160
14 0.551210 0.334254 0.052142 0.093923
14 0.686220 0.415746 0.054004 0.091160
14 0.685289 0.616022 0.055866 0.093923
21 0.202980 0.707182 0.033520 0.049724
32 0.571695 0.785912 0.029795 0.107735
37 0.828678 0.555249 0.014898 0.022099
32 0.393855 0.183702 0.027933 0.107735
32 0.227188 0.185083 0.029795 0.110497
37 0.073557 0.580110 0.013035 0.027624
32 0.394786 0.785912 0.029795 0.107735
37 0.836127 0.095304 0.018622 0.030387
32 0.707635 0.185083 0.029795 0.116022
21 0.162942 0.707182 0.031657 0.049724
37 0.836127 0.933702 0.018622 0.027624
37 0.072747 0.485859 0.013043 0.027628
15 0.205296 0.415035 0.115302 0.092582