32 0.120619 0.176329 0.039175 0.091787
29 0.272165 0.560386 0.045361 0.028986
28 0.294845 0.250000 0.028866 0.050725
32 0.119588 0.823671 0.041237 0.096618
32 0.531959 0.832126 0.041237 0.094203
8 0.271134 0.452899 0.080412 0.099034
14 0.650515 0.345411 0.051546 0.101449
32 0.426804 0.173913 0.037113 0.091787
29 0.748454 0.438406 0.041237 0.031401
14 0.405155 0.353865 0.051546 0.103865
32 0.631959 0.172705 0.039175 0.089372
37 0.878351 0.248792 0.012371 0.014493
28 0.820619 0.247585 0.028866 0.050725
14 0.513402 0.660628 0.053608 0.103865
37 0.703093 0.916667 0.016495 0.016908
37 0.071536 0.090067 0.012363 0.014493
37 0.068094 0.917812 0.012366 0.014474
37 0.701124 0.090858 0.012366 0.014506