14 0.555405 0.663818 0.148649 0.153846
21 0.654054 0.572650 0.048649 0.062678
29 0.581081 0.961538 0.091892 0.042735
21 0.240541 0.782051 0.054054 0.065527
32 0.321622 0.428775 0.054054 0.156695
37 0.104054 0.783476 0.035135 0.034188
32 0.581081 0.313390 0.059459 0.159544
14 0.717568 0.457265 0.148649 0.156695
32 0.741892 0.279202 0.062162 0.159544
37 0.104054 0.910256 0.035135 0.037037
37 0.105405 0.662393 0.032432 0.031339
37 0.868919 0.574074 0.035135 0.037037
21 0.387838 0.663818 0.056757 0.062678
32 0.451351 0.780627 0.054054 0.153846
21 0.240541 0.665242 0.054054 0.065527
37 0.867568 0.156695 0.032432 0.034188