32 0.251152 0.224080 0.023041 0.066890
32 0.124424 0.780936 0.023041 0.070234
21 0.734979 0.413839 0.042039 0.061299
14 0.455088 0.844482 0.041474 0.110368
14 0.845622 0.844482 0.046083 0.103679
18 0.171659 0.637124 0.043779 0.096990
37 0.211982 0.299331 0.018433 0.030100
14 0.262673 0.841137 0.046083 0.110368
18 0.547235 0.640468 0.043779 0.103679
32 0.593318 0.764214 0.020737 0.063545
32 0.301843 0.501672 0.046083 0.033445
37 0.358295 0.448161 0.020737 0.026756
14 0.845622 0.844482 0.046083 0.103679
32 0.251152 0.379599 0.023041 0.063545
37 0.086406 0.637124 0.020737 0.030100
18 0.782258 0.663880 0.039171 0.103679
37 0.900922 0.503344 0.018433 0.030100
18 0.237327 0.588642 0.041475 0.103654
32 0.600230 0.501672 0.048387 0.033445
18 0.481567 0.593645 0.041475 0.103679
32 0.410138 0.501672 0.046083 0.033445
14 0.844470 0.322742 0.043779 0.103679
14 0.720046 0.844482 0.039171 0.103679
37 0.633641 0.638796 0.018433 0.026756
12 0.735023 0.230769 0.046083 0.066890
37 0.468894 0.448161 0.020737 0.026756
37 0.900922 0.931438 0.018433 0.030100
37 0.902074 0.138796 0.020737 0.030100
21 0.734809 0.575082 0.042052 0.061285