0 0.180049 0.197895 0.058394 0.130526
36 0.612530 0.326316 0.025547 0.029474
0 0.361922 0.196842 0.057178 0.124211
37 0.287105 0.531579 0.021898 0.040000
0 0.807178 0.333684 0.057178 0.128421
37 0.290146 0.397895 0.023114 0.042105
4 0.180657 0.825263 0.059611 0.130526
30 0.613747 0.105263 0.035280 0.025263
28 0.760949 0.530526 0.035280 0.113684
12 0.156326 0.567368 0.086375 0.149474
4 0.475061 0.726316 0.057178 0.130526
4 0.360706 0.396842 0.057178 0.128421
4 0.807786 0.828421 0.058394 0.128421
4 0.588808 0.530526 0.058394 0.126316
36 0.385036 0.523158 0.025547 0.031579
37 0.906326 0.528421 0.021898 0.042105
36 0.499392 0.817895 0.023114 0.027368
30 0.386127 0.101695 0.035280 0.025261