37 0.778261 0.038272 0.021739 0.022222
32 0.780435 0.150617 0.034783 0.098765
14 0.735870 0.370370 0.089130 0.138272
29 0.861957 0.580247 0.050000 0.034568
32 0.600000 0.645679 0.086957 0.037037
14 0.761957 0.369136 0.141304 0.140741
29 0.780435 0.975309 0.043478 0.029630
29 0.481522 0.972840 0.050000 0.034568
28 0.483696 0.511111 0.058696 0.039506
37 0.777174 0.238272 0.019565 0.022222
21 0.357609 0.724691 0.050000 0.061728
21 0.480435 0.886420 0.047826 0.059259
32 0.367391 0.644444 0.091304 0.039506
28 0.713043 0.644444 0.030435 0.059259
32 0.369565 0.362963 0.086957 0.039506
14 0.844565 0.425926 0.054348 0.125926
32 0.243478 0.493827 0.034783 0.103704
37 0.031522 0.359259 0.019565 0.022222
32 0.782609 0.860494 0.034783 0.106173