14 0.769388 0.640805 0.065306 0.155172
32 0.686735 0.423851 0.038776 0.112069
30 0.043878 0.382184 0.071429 0.017241
32 0.487755 0.813218 0.040816 0.109195
37 0.853061 0.554598 0.020408 0.022989
14 0.464286 0.514368 0.063265 0.149425
32 0.304082 0.336207 0.036735 0.109195
29 0.488776 0.959770 0.071429 0.051724
32 0.488776 0.336207 0.034694 0.103448
14 0.617347 0.728448 0.067347 0.158046
40 0.100337 0.512931 0.058950 0.071839
21 0.214286 0.660920 0.044898 0.057471
29 0.043878 0.614943 0.071429 0.051724
14 0.305249 0.481633 0.115233 0.092530
37 0.486951 0.079330 0.020413 0.022987