32 0.253759 0.211462 0.026316 0.090909
14 0.700501 0.502964 0.032581 0.088933
28 0.862782 0.335968 0.021303 0.063241
32 0.711779 0.742095 0.027569 0.088933
28 0.835213 0.738142 0.041353 0.033597
32 0.254386 0.740119 0.025063 0.092885
32 0.500627 0.740119 0.026316 0.088933
29 0.711153 0.931818 0.041353 0.033597
37 0.958647 0.335968 0.007519 0.015810
32 0.711153 0.210474 0.026316 0.088933
28 0.122807 0.365613 0.022556 0.067194
14 0.488722 0.363636 0.032581 0.090909
37 0.040371 0.363686 0.007525 0.015798
30 0.500992 0.007008 0.077472 0.014017