35 0.739270 0.893348 0.023416 0.039394
35 0.849363 0.406239 0.023408 0.039396
35 0.903908 0.404605 0.023427 0.039405
35 0.308865 0.496206 0.023412 0.039413
35 0.012349 0.891731 0.023410 0.039400
35 0.011045 0.717470 0.022090 0.039411
35 0.256306 0.892533 0.023410 0.039387
35 0.499292 0.892538 0.023418 0.039396
35 0.847386 0.890111 0.023411 0.039405
35 0.904908 0.893351 0.023410 0.039399
35 0.659730 0.450926 0.050268 0.020826
29 0.037233 0.498239 0.026197 0.014689
29 0.307806 0.278154 0.031794 0.019339
29 0.308911 0.542242 0.031048 0.021736
29 0.605064 0.541641 0.036245 0.022955
12 0.361859 0.088751 0.061384 0.077356
12 0.742628 0.107993 0.061387 0.077345
12 0.469028 0.240355 0.061382 0.077357
12 0.200626 0.331595 0.061388 0.077347
12 0.118519 0.816807 0.061366 0.077349
12 0.203543 0.816205 0.061374 0.077340
12 0.390634 0.883887 0.061364 0.077371
12 0.579923 0.883887 0.061392 0.077369
37 0.978858 0.009783 0.026476 0.019566
37 0.072129 0.098117 0.030824 0.025167
37 0.036817 0.476079 0.021047 0.023936
37 0.044778 0.539026 0.024661 0.023096
37 0.045556 0.627997 0.022082 0.019741
37 0.010385 0.654017 0.017447 0.019711
37 0.978858 0.938238 0.032063 0.026207
37 0.977615 0.449849 0.026636 0.025226
37 0.627754 0.670854 0.021045 0.019295
37 0.439060 0.759822 0.023619 0.019296
21 0.254387 0.108696 0.032051 0.026192
21 0.255423 0.153219 0.032033 0.026196
21 0.472943 0.108904 0.032035 0.026192
21 0.471084 0.152718 0.032023 0.026173
21 0.173464 0.197028 0.032022 0.026177
21 0.172844 0.241350 0.032053 0.026174
21 0.551803 0.483586 0.032046 0.026183
21 0.606652 0.483076 0.032043 0.026183
21 0.740368 0.395450 0.032049 0.026177
21 0.740982 0.329990 0.032034 0.026192
21 0.742833 0.573235 0.032029 0.026178
21 0.795196 0.705174 0.032049 0.026186
35 0.255253 0.053167 0.023401 0.039409
35 0.254318 0.363285 0.023415 0.039405
35 0.415990 0.385978 0.023416 0.039402
35 0.363418 0.383544 0.023447 0.039404
35 0.499277 0.364089 0.023428 0.039401
18 0.323748 0.185068 0.037492 0.048824
14 0.837754 0.275506 0.037122 0.049006
14 0.890784 0.318263 0.037116 0.049008
14 0.266791 0.230692 0.037107 0.049011
14 0.186929 0.541915 0.037090 0.049000
14 0.107066 0.629554 0.037120 0.049027
14 0.839115 0.668825 0.037106 0.049010
14 0.889397 0.717181 0.037087 0.049013
14 0.566260 0.692401 0.037103 0.049003
14 0.729679 0.784853 0.037102 0.049002
14 0.485655 0.829572 0.037112 0.049009
14 0.375479 0.786068 0.037091 0.048998
14 0.051610 0.847720 0.037083 0.049000
37 0.069548 0.781587 0.022031 0.026104
14 0.160673 0.097000 0.037086 0.048997
29 0.470223 0.296116 0.038742 0.011586
29 0.200686 0.385986 0.038766 0.011581
28 0.565640 0.627285 0.026611 0.025234
18 0.783400 0.627710 0.037465 0.048839
18 0.266980 0.825251 0.037459 0.048837
18 0.021003 0.781743 0.037490 0.048826
18 0.243554 0.693848 0.037483 0.048826
18 0.484180 0.584207 0.037467 0.048820
18 0.426686 0.451061 0.037460 0.048817
18 0.346823 0.448445 0.037466 0.048829
18 0.400751 0.186538 0.037463 0.048823