0 0.365650 0.499375 0.096585 0.115285
32 0.099973 0.849240 0.010366 0.038761
32 0.887253 0.848942 0.010366 0.038824
0 0.144012 0.569552 0.096584 0.115287
0 0.842383 0.568298 0.096589 0.115292
0 0.638070 0.501883 0.096584 0.115288
0 0.722271 0.328324 0.096583 0.121557
0 0.271542 0.330203 0.096585 0.115289
4 0.363807 0.680450 0.100302 0.124049
4 0.636831 0.676696 0.100304 0.117803
4 0.137806 0.743738 0.100300 0.117803
4 0.366887 0.847748 0.100298 0.117798
4 0.641783 0.847746 0.100296 0.117797
4 0.838669 0.744988 0.100294 0.117802
0 0.484521 0.135967 0.100301 0.117802
30 0.526603 0.042160 0.040640 0.020141
37 0.372544 0.137006 0.015349 0.016789
37 0.868242 0.329582 0.016922 0.014099
37 0.758267 0.571063 0.013934 0.017628
37 0.638587 0.588184 0.015424 0.016615
37 0.510196 0.468073 0.016422 0.018130
37 0.509203 0.644588 0.015425 0.014606
37 0.236250 0.570307 0.015922 0.016114
37 0.134384 0.327870 0.016918 0.016118
37 0.236001 0.743651 0.015425 0.020646
37 0.748214 0.744754 0.015426 0.018130
29 0.098198 0.882100 0.056728 0.027796
29 0.321813 0.975748 0.074629 0.035029
29 0.884936 0.882087 0.056727 0.027798
29 0.681305 0.973947 0.074631 0.035029