32 0.469697 0.809109 0.049242 0.091085
29 0.066288 0.787791 0.079545 0.048450
32 0.723485 0.682171 0.045455 0.085271
37 0.905303 0.555233 0.018939 0.021318
32 0.854167 0.435078 0.045455 0.087209
12 0.855114 0.655039 0.077652 0.077519
32 0.642992 0.186047 0.081439 0.046512
12 0.535038 0.671512 0.077652 0.079457
12 0.394886 0.672481 0.077652 0.077519
37 0.345644 0.318798 0.020833 0.021318
32 0.394886 0.412791 0.047348 0.089147
32 0.854167 0.115310 0.041667 0.083333
8 0.469697 0.925388 0.075758 0.079457
8 0.132576 0.605620 0.075758 0.079457
32 0.067235 0.674419 0.043561 0.085271
29 0.395833 0.136925 0.079545 0.047855
29 0.854167 0.020455 0.079545 0.040911
32 0.854167 0.807171 0.045455 0.087209
32 0.240530 0.674419 0.045455 0.085271
32 0.569129 0.252907 0.047348 0.083333
12 0.395833 0.250969 0.075758 0.079457
8 0.395833 0.538760 0.075758 0.077519
37 0.992481 0.875851 0.015037 0.021317
37 0.992818 0.991306 0.014363 0.017388