37 0.308871 0.193983 0.017742 0.026971
30 0.199194 0.559129 0.066129 0.031120
28 0.551613 0.517635 0.032258 0.064315
30 0.670161 0.094398 0.062903 0.031120
2 0.643548 0.198133 0.064516 0.089212
4 0.222581 0.804979 0.067742 0.091286
29 0.199194 0.906639 0.040323 0.053942
32 0.781452 0.341286 0.046774 0.068465
0 0.644355 0.337137 0.066129 0.089212
4 0.644355 0.698133 0.069355 0.089212
37 0.865323 0.516598 0.020968 0.029046
28 0.412097 0.197095 0.030645 0.062241
37 0.587097 0.695021 0.022581 0.029046
4 0.642742 0.802905 0.072581 0.091286
12 0.199194 0.651452 0.066129 0.082988
37 0.587097 0.338174 0.022581 0.029046
29 0.670161 0.905602 0.040323 0.051867