28 0.638725 0.715909 0.047226 0.030749
4 0.541322 0.431818 0.064935 0.096257
8 0.160567 0.524733 0.075561 0.086898
32 0.568477 0.568182 0.041322 0.088235
32 0.568477 0.235294 0.041322 0.088235
28 0.329398 0.428476 0.025974 0.052139
32 0.793388 0.596257 0.040142 0.088235
32 0.402007 0.270722 0.041322 0.089572
32 0.408501 0.576872 0.044864 0.092246
32 0.566116 0.725267 0.038961 0.086898
28 0.648170 0.504679 0.025974 0.052139
29 0.162338 0.651070 0.057851 0.034759
29 0.793979 0.698529 0.057851 0.036096
32 0.240260 0.432487 0.079103 0.049465
28 0.642857 0.227273 0.048406 0.034759