32 0.562353 0.262803 0.047059 0.110512
29 0.274118 0.578167 0.054118 0.035040
29 0.743529 0.549865 0.056471 0.032345
29 0.368235 0.892183 0.054118 0.032345
29 0.107059 0.889488 0.054118 0.032345
32 0.196471 0.671159 0.091765 0.053908
28 0.741176 0.788410 0.056471 0.035040
32 0.562353 0.796496 0.042353 0.105121
29 0.742353 0.889488 0.054118 0.032345
37 0.562353 0.890836 0.028235 0.029650
32 0.369412 0.264151 0.047059 0.107817
28 0.274118 0.471698 0.058824 0.037736
37 0.465882 0.076819 0.023529 0.029650
32 0.369412 0.547170 0.047059 0.107817
0 0.540000 0.408356 0.049412 0.078167
28 0.650588 0.332884 0.030588 0.061995
28 0.290588 0.669811 0.030588 0.061995
32 0.368235 0.784367 0.044706 0.107817
32 0.743529 0.443396 0.042353 0.105121
8 0.105882 0.761456 0.075294 0.088949
37 0.815294 0.332884 0.025882 0.029650
4 0.540706 0.673814 0.057888 0.078148