28 0.811578 0.640652 0.052213 0.042882
37 0.864926 0.502573 0.018161 0.027444
0 0.573212 0.216981 0.049943 0.094340
29 0.119183 0.967410 0.043133 0.037736
29 0.813280 0.769297 0.044268 0.036021
0 0.137911 0.215266 0.048808 0.094340
11 0.904086 0.215266 0.051078 0.060034
4 0.728717 0.717839 0.049943 0.090909
0 0.289444 0.216123 0.049943 0.092624
29 0.056186 0.654374 0.041998 0.036021
29 0.370602 0.656089 0.044268 0.036021
11 0.372304 0.902230 0.049943 0.061750
8 0.816118 0.122642 0.074915 0.111492
0 0.453462 0.216123 0.051078 0.092624
6 0.194098 0.716123 0.049943 0.090909
29 0.372304 0.965695 0.045403 0.034305
4 0.612372 0.407376 0.048808 0.094340
6 0.572077 0.714408 0.052213 0.094340
11 0.118615 0.783019 0.051078 0.060034
6 0.413734 0.715266 0.051078 0.092624
29 0.905221 0.324185 0.044268 0.037736
0 0.729285 0.313894 0.048808 0.089194
4 0.329739 0.544597 0.048808 0.094340
4 0.097616 0.544597 0.049943 0.094340
28 0.672531 0.502573 0.028377 0.078902
30 0.309894 0.120887 0.021848 0.027021
30 0.592056 0.126906 0.021859 0.027022
30 0.748090 0.123891 0.021857 0.027017
30 0.435095 0.126895 0.021850 0.027010