37 0.118354 0.474801 0.013924 0.015915
14 0.457595 0.483422 0.074684 0.160477
29 0.484177 0.946286 0.077215 0.038462
32 0.239873 0.269231 0.054430 0.116711
28 0.552532 0.368700 0.031646 0.079576
28 0.186709 0.474138 0.031646 0.078249
32 0.818987 0.427719 0.055696 0.118037
18 0.451934 0.249376 0.075950 0.177379
32 0.483544 0.698276 0.055696 0.120690
29 0.818354 0.708223 0.074684 0.037135
37 0.479114 0.035146 0.074684 0.049072
32 0.239241 0.696286 0.058228 0.119363
37 0.362658 0.242042 0.029114 0.030504
28 0.639241 0.687666 0.083544 0.041114