28 0.589349 0.708719 0.043134 0.030383
37 0.898327 0.589828 0.018486 0.027741
4 0.669014 0.500000 0.082746 0.178336
37 0.513204 0.110964 0.019366 0.029062
32 0.327465 0.332893 0.033451 0.121532
8 0.075704 0.638646 0.065141 0.096443
28 0.757923 0.589828 0.021127 0.067371
28 0.236796 0.501321 0.022887 0.067371
32 0.148327 0.498018 0.083627 0.050198
32 0.468750 0.712021 0.032570 0.121532
37 0.590669 0.896301 0.021127 0.030383
32 0.326585 0.659181 0.035211 0.126816
32 0.848592 0.714663 0.033451 0.124174
32 0.468750 0.291942 0.032570 0.124174
32 0.703345 0.705416 0.033451 0.126816
29 0.847711 0.844122 0.047535 0.034346
29 0.074384 0.750991 0.046655 0.033025
4 0.432218 0.502642 0.082746 0.175694