37 0.452922 0.097087 0.022727 0.023301
28 0.607955 0.369903 0.027597 0.067961
32 0.454545 0.750485 0.042208 0.130097
29 0.168831 0.759223 0.064935 0.034951
37 0.452922 0.882524 0.022727 0.025243
32 0.453734 0.232039 0.040584 0.122330
29 0.767045 0.634951 0.063312 0.034951
8 0.169643 0.640777 0.086039 0.104854
28 0.662338 0.693204 0.058442 0.031068
32 0.283279 0.499029 0.112013 0.054369
29 0.663149 0.766019 0.063312 0.036893
37 0.869318 0.369903 0.021104 0.025243
14 0.423701 0.502913 0.077922 0.155340
32 0.768669 0.498058 0.047078 0.130097