28 0.457303 0.415323 0.047191 0.024194
21 0.671910 0.114247 0.049438 0.045699
14 0.778652 0.673387 0.074157 0.153226
35 0.544944 0.669355 0.087640 0.048387
35 0.671910 0.752688 0.040449 0.112903
35 0.670787 0.243280 0.038202 0.110215
8 0.050562 0.727151 0.078652 0.094086
35 0.544944 0.323925 0.087640 0.045699
8 0.358427 0.634409 0.078652 0.096774
28 0.457303 0.556452 0.047191 0.026882
18 0.779775 0.325269 0.071910 0.145161
8 0.049438 0.239247 0.080899 0.096774
21 0.670787 0.879032 0.047191 0.048387
29 0.978652 0.705645 0.042697 0.034946
29 0.361798 0.752688 0.053933 0.037634
37 0.106742 0.520161 0.051685 0.034946
35 0.980899 0.590054 0.038202 0.110215