21 0.492009 0.429766 0.034247 0.043478
29 0.485160 0.974916 0.057078 0.036789
28 0.231735 0.516722 0.015982 0.050167
32 0.492009 0.844482 0.034247 0.096990
12 0.058219 0.632107 0.061644 0.093645
29 0.592466 0.973244 0.047945 0.040134
32 0.925799 0.633779 0.034247 0.096990
29 0.925799 0.782609 0.043379 0.040134
18 0.571918 0.729097 0.057078 0.140468
12 0.767123 0.145485 0.063927 0.090301
21 0.492009 0.600334 0.034247 0.043478
14 0.573059 0.347826 0.059361 0.140468
29 0.768265 0.254181 0.043379 0.040134
29 0.059361 0.740803 0.045662 0.043478
32 0.492009 0.210702 0.034247 0.100334
28 0.839041 0.540134 0.015982 0.050167