28 0.756856 0.680825 0.040219 0.036408
28 0.681901 0.447816 0.021938 0.050971
32 0.199269 0.283981 0.025594 0.072816
28 0.034735 0.283981 0.040219 0.029126
32 0.199269 0.787621 0.025594 0.075243
29 0.361974 0.956311 0.036563 0.024272
28 0.363803 0.283981 0.040219 0.029126
32 0.545704 0.126214 0.016453 0.063107
29 0.197441 0.956311 0.036563 0.024272
31 0.546618 0.347087 0.014625 0.063107
31 0.545704 0.126214 0.016453 0.063107
29 0.756856 0.956311 0.036563 0.024272
29 0.888483 0.956311 0.036563 0.024272
14 0.353086 0.597742 0.034980 0.083169
37 0.888491 0.729396 0.020488 0.031016
37 0.889278 0.632391 0.020482 0.031037