4 0.892766 0.769981 0.064721 0.120858
28 0.765863 0.401559 0.036802 0.101365
0 0.406726 0.218324 0.062183 0.116959
37 0.951142 0.519493 0.024112 0.037037
37 0.087563 0.517544 0.022843 0.037037
36 0.629442 0.514620 0.025381 0.023392
0 0.218274 0.216374 0.060914 0.116959
4 0.629442 0.438596 0.073604 0.093567
36 0.432107 0.396686 0.026650 0.025341
4 0.289975 0.767057 0.062183 0.118908
30 0.628807 0.099415 0.034264 0.027290
0 0.842005 0.218324 0.059645 0.120858
36 0.629442 0.216374 0.022843 0.023392
4 0.167513 0.517544 0.060914 0.118908
4 0.456853 0.519493 0.058376 0.118908
37 0.214248 0.893847 0.024115 0.037031
37 0.212900 0.769481 0.024118 0.037038
30 0.431341 0.100043 0.034273 0.027289