32 0.511000 0.768000 0.026000 0.052000
32 0.278000 0.371000 0.048000 0.026000
30 0.580000 0.216000 0.056000 0.016000
32 0.278000 0.504000 0.044000 0.032000
29 0.579000 0.620000 0.034000 0.032000
32 0.578000 0.054000 0.044000 0.032000
23 0.599000 0.398000 0.106000 0.116000
29 0.508000 0.910000 0.052000 0.028000
37 0.915183 0.400157 0.129635 0.041254
37 0.091624 0.848974 0.103588 0.041281
37 0.092834 0.370572 0.103577 0.041286
37 0.913844 0.848637 0.123148 0.041281
37 0.093703 0.505452 0.103568 0.041255