32 0.424863 0.191120 0.024590 0.119691
28 0.169399 0.635135 0.032787 0.088803
32 0.426230 0.843629 0.027322 0.119691
29 0.894809 0.602317 0.057377 0.046332
28 0.702186 0.293436 0.032787 0.084942
28 0.172131 0.370656 0.027322 0.084942
32 0.896175 0.488417 0.027322 0.127413
14 0.409836 0.366795 0.038251 0.092664
32 0.314208 0.185328 0.027322 0.115830
37 0.103825 0.635135 0.021858 0.027027
29 0.426230 0.955598 0.060109 0.050193
32 0.312842 0.849421 0.030055 0.123552
29 0.311475 0.959459 0.060109 0.050193
29 0.042017 0.431385 0.062440 0.063871
37 0.834167 0.260087 0.021858 0.027037
37 0.421816 0.069597 0.021865 0.027007