8 0.131268 0.386250 0.085546 0.072500
32 0.314159 0.193750 0.026549 0.057500
29 0.889381 0.713750 0.044248 0.017500
32 0.314159 0.770000 0.026549 0.060000
29 0.132743 0.577500 0.047198 0.020000
32 0.890855 0.547500 0.029499 0.055000
30 0.551338 0.085000 0.087926 0.015000
21 0.313038 0.485601 0.048609 0.036802
14 0.658868 0.387687 0.040593 0.065249
14 0.299782 0.300387 0.040594 0.065273
29 0.532625 0.908421 0.091725 0.016193
21 0.315546 0.634847 0.048584 0.036822
18 0.659587 0.575030 0.040594 0.065245