7 0.555556 0.302402 0.047619 0.058952
35 0.716270 0.456332 0.027778 0.061135
35 0.227183 0.306769 0.053571 0.028384
37 0.050595 0.218341 0.013889 0.013100
28 0.653770 0.373362 0.021825 0.048035
29 0.432540 0.629913 0.027778 0.019651
35 0.573413 0.457424 0.027778 0.058952
37 0.796627 0.372271 0.013889 0.015284
29 0.129960 0.426856 0.025794 0.019651
28 0.312500 0.306769 0.021825 0.045852
29 0.718254 0.588428 0.027778 0.019651
35 0.383802 0.195732 0.028844 0.060964
21 0.431295 0.429051 0.036226 0.030120
21 0.433341 0.197886 0.036222 0.030125
35 0.382095 0.428373 0.027082 0.062054
37 0.431166 0.046146 0.013889 0.013094
35 0.480696 0.306356 0.052909 0.030096