28 0.128590 0.298984 0.014678 0.063861
36 0.415763 0.148041 0.012125 0.020319
36 0.656669 0.148766 0.012763 0.021771
0 0.646139 0.377358 0.027441 0.072569
36 0.656669 0.637881 0.011487 0.018868
4 0.349713 0.752540 0.025526 0.074020
0 0.572431 0.502903 0.029355 0.056604
36 0.507020 0.636430 0.010849 0.018868
36 0.360881 0.824383 0.010849 0.020319
4 0.476388 0.639332 0.024888 0.074020
36 0.415763 0.823657 0.012125 0.021771
0 0.383854 0.300435 0.026165 0.072569
36 0.201340 0.146589 0.012125 0.020319
0 0.139119 0.224238 0.025526 0.071118
36 0.597639 0.825109 0.009572 0.018868
4 0.495852 0.450653 0.025526 0.074020
4 0.910976 0.754717 0.024888 0.072569
4 0.139119 0.674891 0.025526 0.072569
6 0.139119 0.828737 0.026803 0.075472
36 0.440013 0.937591 0.012125 0.020319
6 0.495533 0.829463 0.026165 0.074020
0 0.210913 0.261974 0.024888 0.074020
23 0.076260 0.222787 0.056796 0.126270
2 0.312699 0.375181 0.026803 0.076923
2 0.454690 0.376633 0.027441 0.074020
37 0.032546 0.195936 0.010211 0.023222
4 0.645820 0.772134 0.024250 0.072569
2 0.904595 0.149492 0.027441 0.072569
36 0.180600 0.823657 0.012763 0.021771
36 0.573070 0.825109 0.011487 0.018868
36 0.572750 0.693759 0.010849 0.020319
36 0.573708 0.148041 0.014040 0.020319
4 0.944480 0.830189 0.025526 0.075472
6 0.312380 0.830189 0.026165 0.075472
0 0.414167 0.477504 0.034461 0.058055
36 0.738992 0.640058 0.011487 0.020319
36 0.573070 0.636430 0.011487 0.018868
0 0.749202 0.301161 0.026803 0.076923
36 0.573389 0.375181 0.012125 0.021771
0 0.246650 0.262700 0.026165 0.075472
36 0.739311 0.149492 0.012125 0.020319
36 0.465539 0.147315 0.013401 0.021771
6 0.841098 0.830189 0.025526 0.075472
36 0.394703 0.146589 0.012125 0.020319
6 0.782706 0.643687 0.026165 0.071118
36 0.681876 0.825835 0.010849 0.017417
4 0.873644 0.754717 0.025526 0.072569
0 0.172942 0.147315 0.025526 0.076923
36 0.656669 0.826560 0.011487 0.018868
0 0.853542 0.566763 0.027441 0.074020
36 0.507020 0.373730 0.012125 0.021771
37 0.032227 0.253266 0.009572 0.021771
28 0.448947 0.450653 0.014678 0.065312
6 0.749202 0.828737 0.025526 0.072569
36 0.464582 0.825109 0.010211 0.018868
36 0.920868 0.826560 0.010211 0.015965
36 0.863433 0.637881 0.012763 0.018868
36 0.258137 0.372279 0.012125 0.018868
6 0.218890 0.829463 0.026803 0.074020
0 0.932355 0.566038 0.026803 0.072569
4 0.268666 0.563861 0.026803 0.076923
4 0.749202 0.829463 0.025526 0.074020
36 0.507658 0.147315 0.013401 0.021771
36 0.506701 0.522496 0.011487 0.017417
28 0.530951 0.526125 0.015316 0.059507
36 0.258137 0.146589 0.012125 0.020319
2 0.783344 0.150218 0.026165 0.074020
36 0.361519 0.373004 0.013401 0.020319
2 0.284620 0.149492 0.026803 0.075472
4 0.691768 0.775036 0.025526 0.066763
36 0.322910 0.146589 0.011487 0.020319
4 0.189215 0.561684 0.026165 0.075472
4 0.608488 0.774311 0.024888 0.074020
4 0.645501 0.512337 0.026165 0.072569
2 0.350670 0.150218 0.027441 0.076923
37 0.092799 0.829370 0.009570 0.021765
36 0.322822 0.563270 0.011487 0.017422
36 0.361368 0.564478 0.011490 0.017413
36 0.415751 0.562081 0.011486 0.017410
36 0.862551 0.829657 0.011485 0.017407
36 0.771732 0.827854 0.011487 0.017417
36 0.771993 0.562992 0.011484 0.017416
36 0.739258 0.562400 0.011487 0.017425
36 0.656358 0.564202 0.011485 0.017409
36 0.597751 0.564201 0.011489 0.017423
36 0.573730 0.564202 0.011491 0.017406
37 0.954406 0.149515 0.009571 0.021779
37 0.875688 0.981386 0.009569 0.021762
30 0.893339 0.080775 0.008718 0.018617
30 0.772956 0.082576 0.008710 0.018594
30 0.739688 0.079574 0.008715 0.018612
30 0.656260 0.078975 0.008711 0.018618
30 0.574155 0.073564 0.008712 0.018621
30 0.507626 0.076566 0.008713 0.018600
30 0.465648 0.075366 0.008710 0.018619
30 0.417071 0.078369 0.008707 0.018597
30 0.393836 0.077169 0.008716 0.018611
30 0.361368 0.078965 0.008710 0.018625
30 0.324141 0.076564 0.008711 0.018612
30 0.294838 0.075974 0.008710 0.018617
30 0.258666 0.074767 0.008710 0.018601
30 0.200585 0.075973 0.008709 0.018608
30 0.162936 0.076353 0.008716 0.018602
36 0.180176 0.903301 0.012761 0.021783
37 0.093183 0.904593 0.009572 0.021783