32 0.174830 0.616044 0.020408 0.054517
32 0.374150 0.235202 0.019048 0.049844
29 0.341497 0.931464 0.070748 0.043614
32 0.606122 0.160436 0.020408 0.052960
29 0.174830 0.323988 0.072109 0.046729
28 0.174830 0.186137 0.058503 0.032710
32 0.606122 0.730530 0.020408 0.052960
28 0.258503 0.502336 0.024490 0.070093
29 0.174830 0.742212 0.069388 0.045171
18 0.590476 0.501558 0.046259 0.087227
29 0.605442 0.929907 0.073469 0.043614
32 0.342177 0.728193 0.020408 0.051402
28 0.804082 0.756231 0.059864 0.035826
28 0.821088 0.160436 0.025850 0.068536
29 0.176410 0.935701 0.071953 0.051667