29 0.473475 0.935000 0.034483 0.023333
37 0.884615 0.333333 0.029178 0.040000
32 0.672414 0.823333 0.023873 0.066667
32 0.354111 0.343333 0.023873 0.066667
29 0.885942 0.666667 0.037135 0.026667
32 0.245358 0.095000 0.023873 0.063333
18 0.350133 0.203403 0.063660 0.070001
37 0.884615 0.473333 0.029178 0.033333
14 0.474801 0.733333 0.058355 0.073333
37 0.051724 0.495000 0.029178 0.036667
37 0.050398 0.351667 0.026525 0.036667
32 0.586207 0.738333 0.053050 0.030000
29 0.050398 0.628333 0.031830 0.023333
29 0.350133 0.935000 0.037135 0.023333
29 0.671088 0.955000 0.037135 0.023333
14 0.356325 0.602645 0.063667 0.076071
21 0.672059 0.484846 0.040150 0.045556