32 0.578000 0.054000 0.044000 0.032000
21 0.371605 0.649604 0.035210 0.035207
30 0.580000 0.216000 0.056000 0.016000
29 0.509000 0.910000 0.050000 0.028000
32 0.511000 0.768000 0.026000 0.052000
37 0.093000 0.849000 0.102000 0.038000
23 0.599000 0.397000 0.106000 0.118000
29 0.580000 0.620000 0.036000 0.032000
21 0.232000 0.649000 0.040000 0.038000
32 0.278000 0.371000 0.048000 0.026000
37 0.912829 0.847464 0.126813 0.037998
37 0.914222 0.398126 0.126776 0.038011
37 0.093129 0.372327 0.101995 0.037991