32 0.895939 0.463108 0.027411 0.103611
21 0.367513 0.603611 0.028426 0.051805
30 0.896447 0.102041 0.026396 0.015699
32 0.571066 0.714286 0.027411 0.103611
29 0.783249 0.894819 0.041624 0.028257
21 0.307107 0.713501 0.033503 0.045526
37 0.143147 0.603611 0.048731 0.045526
18 0.773096 0.603611 0.029442 0.073783
30 0.539594 0.102826 0.027411 0.017268
32 0.672589 0.400314 0.027411 0.103611
28 0.427919 0.730769 0.039594 0.029827
14 0.773096 0.603611 0.029442 0.073783
32 0.673096 0.602826 0.067005 0.050235
28 0.245685 0.601256 0.018274 0.062794
3 0.784893 0.260905 0.048488 0.050890
21 0.784756 0.209520 0.018385 0.028576