32 0.951571 0.406863 0.020942 0.086275
32 0.743455 0.513725 0.040576 0.031373
32 0.180301 0.688725 0.042539 0.026471
30 0.422120 0.075490 0.031414 0.015686
29 0.362893 0.568627 0.018979 0.021569
14 0.906414 0.560784 0.039267 0.064706
32 0.180599 0.619608 0.043253 0.027451
32 0.273887 0.749510 0.043848 0.028431
7 0.713678 0.719118 0.041230 0.063725
32 0.520288 0.503922 0.047120 0.031373
29 0.643652 0.912745 0.018979 0.023529
32 0.361911 0.392157 0.018325 0.074510
7 0.549411 0.718627 0.041230 0.062745
7 0.548429 0.425490 0.041885 0.062745
7 0.713678 0.433824 0.039921 0.061765
29 0.917866 0.656863 0.020288 0.023529
32 0.278469 0.492647 0.049084 0.030392
14 0.349144 0.493181 0.040577 0.063730
30 0.671139 0.262255 0.030759 0.016667
37 0.919922 0.623098 0.006673 0.010924
37 0.919855 0.610942 0.006672 0.010935
37 0.140454 0.690863 0.006659 0.010926
37 0.140247 0.622821 0.006665 0.010929
18 0.409951 0.326570 0.045413 0.066276
18 0.909920 0.287991 0.046795 0.061871
31 0.625595 0.564085 0.058505 0.026731