38 0.805521 0.195906 0.060226 0.044834
28 0.058971 0.383041 0.022585 0.021442
32 0.341907 0.416179 0.018821 0.076023
32 0.182560 0.752437 0.018821 0.077973
14 0.320076 0.630219 0.035384 0.059658
18 0.453952 0.558480 0.037139 0.056530
32 0.341907 0.787524 0.018821 0.074074
29 0.340652 0.915205 0.023839 0.021442
28 0.240276 0.417154 0.013802 0.035088
28 0.420326 0.786550 0.022585 0.021442
32 0.478043 0.330409 0.015056 0.076023
28 0.668758 0.295322 0.022585 0.021442
29 0.476788 0.687135 0.022585 0.021442
29 0.272898 0.509747 0.023839 0.021442
29 0.691343 0.705653 0.022585 0.023392
28 0.589711 0.294347 0.020075 0.019493
32 0.058344 0.648148 0.016311 0.076023
29 0.590339 0.404483 0.021330 0.021442
28 0.601631 0.488304 0.013802 0.033138
29 0.183187 0.915205 0.025094 0.021442
4 0.160618 0.542024 0.047156 0.074660
37 0.691987 0.488793 0.007004 0.012668
37 0.692106 0.595240 0.006982 0.012669