36 0.313404 0.285981 0.019286 0.026168
4 0.273385 0.675701 0.043394 0.114019
37 0.963838 0.559813 0.018322 0.035514
4 0.746384 0.794393 0.046287 0.112150
0 0.626326 0.211215 0.045323 0.112150
3 0.626808 0.443925 0.046287 0.114019
37 0.177917 0.293458 0.018322 0.037383
4 0.535198 0.677570 0.044359 0.114019
0 0.233365 0.442991 0.046287 0.112150
28 0.855834 0.678505 0.049180 0.052336
28 0.493250 0.559813 0.026037 0.095327
29 0.932015 0.805607 0.043394 0.048598
0 0.392960 0.442991 0.045323 0.115888
4 0.090164 0.793458 0.047252 0.114019
12 0.071842 0.515888 0.068467 0.130841
29 0.855352 0.816822 0.040501 0.044860
2 0.534233 0.210280 0.046287 0.114019
14 0.751688 0.325234 0.039537 0.145794
36 0.554966 0.786916 0.020251 0.026168
36 0.374156 0.786916 0.021215 0.026168
36 0.644648 0.787850 0.020251 0.028037
36 0.253616 0.787850 0.019286 0.028037
32 0.931051 0.677570 0.035680 0.128972
37 0.177917 0.443925 0.018322 0.035514
4 0.353905 0.675701 0.044359 0.114019
0 0.089682 0.207477 0.048216 0.115888
36 0.688525 0.320561 0.021215 0.028037
2 0.293635 0.209346 0.045323 0.112150
30 0.313404 0.097196 0.030858 0.026168
30 0.552049 0.096123 0.014460 0.028024
30 0.686064 0.093573 0.014464 0.028041
30 0.645983 0.098661 0.014462 0.028025