28 0.198000 0.505515 0.016000 0.055147
37 0.126000 0.503676 0.028000 0.036765
32 0.545000 0.674632 0.022000 0.091912
14 0.903000 0.516544 0.046000 0.143382
14 0.379000 0.503676 0.046000 0.132353
32 0.295000 0.659926 0.022000 0.091912
14 0.630000 0.518382 0.044000 0.132353
32 0.520000 0.176471 0.056000 0.051471
32 0.427000 0.702206 0.022000 0.102941
28 0.798000 0.273897 0.016000 0.055147
32 0.818000 0.674632 0.024000 0.099265
37 0.867000 0.273897 0.030000 0.040441
37 0.383000 0.174632 0.030000 0.040441
32 0.677000 0.718750 0.022000 0.099265
32 0.951000 0.716912 0.022000 0.095588
28 0.435000 0.123162 0.030000 0.025735
37 0.423269 0.877121 0.013234 0.038579
37 0.946329 0.891801 0.013231 0.038653
37 0.673410 0.891061 0.013241 0.038593
37 0.434988 0.038450 0.021255 0.024678
31 0.674652 0.249035 0.019527 0.076948
31 0.647235 0.231550 0.020749 0.133255
37 0.754995 0.109905 0.021244 0.024628