32 0.329157 0.567493 0.025057 0.060606
14 0.869021 0.844353 0.075171 0.090909
32 0.454442 0.148760 0.025057 0.060606
32 0.263098 0.889807 0.025057 0.060606
32 0.588838 0.104683 0.025057 0.060606
21 0.160592 0.826446 0.043280 0.055096
28 0.117312 0.749311 0.025057 0.071625
32 0.563781 0.794766 0.025057 0.057851
32 0.677677 0.794766 0.025057 0.057851
32 0.828018 0.341598 0.025057 0.066116
32 0.718679 0.305785 0.025057 0.055096
21 0.627563 0.260331 0.029613 0.035813
37 0.851936 0.695592 0.013667 0.019284
37 0.068337 0.749311 0.013667 0.016529
28 0.448747 0.261708 0.059226 0.033058
32 0.978360 0.891185 0.025057 0.063361
32 0.563781 0.891185 0.025057 0.057851
29 0.546697 0.512397 0.045558 0.027548
32 0.677677 0.888430 0.025057 0.057851
32 0.978360 0.550964 0.025057 0.060606
21 0.627563 0.314050 0.029613 0.038567
32 0.718679 0.070248 0.025057 0.057851
37 0.293850 0.695592 0.013667 0.019284
32 0.376993 0.429752 0.025057 0.060606
32 0.799898 0.628944 0.026214 0.060616
14 0.358770 0.842975 0.075171 0.088154
21 0.712124 0.407856 0.049882 0.060321
14 0.773349 0.844353 0.075171 0.090909
14 0.691344 0.212121 0.075171 0.088154
18 0.801822 0.117080 0.077449 0.090909
14 0.455581 0.844353 0.072893 0.090909
32 0.263098 0.794766 0.025057 0.057851
32 0.441913 0.629477 0.027335 0.063361
29 0.555809 0.973829 0.045558 0.030303
14 0.524067 0.381550 0.075150 0.088147