37 0.741743 0.344446 0.009847 0.016793
35 0.291667 0.797872 0.030000 0.148936
28 0.661667 0.345745 0.020000 0.131206
36 0.294167 0.289007 0.015000 0.046099
35 0.212500 0.459220 0.071667 0.060284
28 0.820833 0.459220 0.061667 0.046099
35 0.291667 0.118794 0.030000 0.152482
36 0.479167 0.289007 0.015000 0.046099
28 0.106667 0.459220 0.020000 0.124113
36 0.295000 0.457447 0.013333 0.042553
11 0.926667 0.459220 0.063333 0.131206
28 0.106667 0.289007 0.020000 0.124113
29 0.425000 0.971631 0.050000 0.056738
23 0.472500 0.512411 0.145000 0.294326
35 0.212500 0.289007 0.068333 0.060284
35 0.556667 0.289007 0.070000 0.067376
37 0.002544 0.456434 0.005088 0.016821
37 0.954129 0.908000 0.009848 0.016799
37 0.002793 0.908396 0.005587 0.016817
37 0.002500 0.288433 0.005000 0.016813