35 0.337338 0.566502 0.042514 0.123153
29 0.440850 0.857143 0.046211 0.044335
35 0.438078 0.689655 0.044362 0.123153
37 0.063771 0.336207 0.024030 0.027094
35 0.414048 0.343596 0.092421 0.056650
35 0.325323 0.200739 0.092421 0.061576
37 0.904806 0.385468 0.035120 0.036946
35 0.547135 0.556650 0.092421 0.064039
35 0.248614 0.586207 0.049908 0.128079
29 0.595194 0.469212 0.033272 0.036946
28 0.139556 0.342365 0.042514 0.128079
23 0.605360 0.379310 0.168207 0.147783
37 0.724118 0.201339 0.035128 0.036937