35 0.863750 0.419075 0.052500 0.213873
37 0.951250 0.280347 0.012500 0.028902
23 0.761250 0.280347 0.157500 0.387283
37 0.986887 0.975146 0.009737 0.026586
37 0.016250 0.494220 0.017500 0.028902
28 0.392500 0.263006 0.035000 0.202312
28 0.567500 0.589595 0.035000 0.196532
23 0.377500 0.589595 0.155000 0.393064
35 0.862500 0.765896 0.055000 0.213873
35 0.192177 0.495342 0.119354 0.121557
37 0.020684 0.977095 0.009768 0.026582
35 0.401030 0.085882 0.153460 0.121577
35 0.632592 0.757429 0.055365 0.212366