8 0.104790 0.209790 0.086826 0.130536
37 0.889970 0.266900 0.016467 0.025641
29 0.211826 0.954545 0.055389 0.062937
23 0.316617 0.770396 0.148204 0.254079
35 0.500749 0.324009 0.043413 0.139860
35 0.356287 0.209790 0.083832 0.065268
35 0.355539 0.432401 0.088323 0.067599
35 0.714072 0.096737 0.089820 0.062937
23 0.713323 0.268065 0.148204 0.251748
35 0.212575 0.321678 0.041916 0.139860
29 0.607784 0.452214 0.056886 0.060606
21 0.316934 0.600103 0.049997 0.080416
21 0.501087 0.603939 0.049999 0.080429