35 0.325926 0.728395 0.040741 0.128395
35 0.433333 0.629630 0.040741 0.128395
35 0.831481 0.632099 0.040741 0.128395
29 0.325926 0.879012 0.070370 0.049383
29 0.108333 0.830864 0.068519 0.046914
36 0.616667 0.383951 0.033333 0.032099
35 0.651852 0.098765 0.096296 0.054321
29 0.252778 0.830864 0.068519 0.046914
23 0.466667 0.387654 0.207407 0.261728
29 0.434259 0.879012 0.072222 0.049383
35 0.107407 0.679012 0.040741 0.133333
28 0.398148 0.097531 0.029630 0.111111
29 0.833333 0.782716 0.070370 0.044444
28 0.253704 0.680247 0.085185 0.041975