28 0.598500 0.633673 0.057000 0.030612
23 0.529500 0.449490 0.411000 0.458163
35 0.713000 0.743367 0.096000 0.035714
28 0.189500 0.345408 0.031000 0.058163
28 0.716500 0.887245 0.033000 0.060204
28 0.487500 0.884184 0.033000 0.060204
28 0.772000 0.458673 0.032000 0.060204
37 0.522500 0.669388 0.029000 0.030612
28 0.289000 0.556633 0.032000 0.060204
35 0.579500 0.818367 0.037000 0.102041
37 0.525000 0.053571 0.028000 0.027551
28 0.185500 0.921939 0.055000 0.027551
29 0.608500 0.315306 0.063000 0.038776
29 0.601000 0.703061 0.060000 0.040816
37 0.129000 0.344388 0.030000 0.029592
29 0.189000 0.979082 0.064000 0.039796
28 0.460000 0.743878 0.030000 0.061224
35 0.187500 0.654082 0.037000 0.106122
37 0.983000 0.458673 0.030000 0.029592
35 0.521000 0.265306 0.038000 0.100000
35 0.187000 0.832143 0.036000 0.103061
28 0.604500 0.235204 0.059000 0.031633