32 0.639929 0.184693 0.025542 0.057284
32 0.977807 0.173817 0.025551 0.057297
32 0.811016 0.174153 0.025563 0.057282
29 0.397109 0.989982 0.039707 0.020037
37 0.029473 0.689720 0.027104 0.024184
37 0.049900 0.118216 0.027106 0.024190
37 0.154166 0.031096 0.027114 0.024162
14 0.627174 0.581658 0.045541 0.061038
32 0.709491 0.852597 0.025558 0.057299
14 0.797838 0.583150 0.045548 0.061042
32 0.395746 0.847520 0.025548 0.057287
37 0.713430 0.110279 0.027100 0.024177
3 0.194289 0.102849 0.032720 0.049076
3 0.383365 0.255875 0.032705 0.049081
3 0.655257 0.267360 0.032711 0.049074
3 0.800401 0.266316 0.032713 0.049077
3 0.965998 0.268404 0.032706 0.049100
3 0.800404 0.096106 0.032720 0.049066
7 0.196013 0.597662 0.027688 0.048582
7 0.195223 0.797313 0.027685 0.048583
7 0.630331 0.451402 0.027688 0.048585
7 0.798567 0.452118 0.027680 0.048594
32 0.643485 0.672028 0.025559 0.057276
32 0.397884 0.501604 0.025548 0.057288