37 0.877572 0.527660 0.039095 0.042553
38 0.651235 0.507447 0.104938 0.078723
37 0.078189 0.693617 0.037037 0.038298
38 0.212963 0.671277 0.109053 0.074468
29 0.325103 0.952128 0.086420 0.057447
28 0.517490 0.246809 0.109053 0.059574
37 0.773663 0.909574 0.041152 0.040426
4 0.733539 0.692553 0.096708 0.125532
28 0.410494 0.693617 0.055556 0.106383
38 0.300412 0.820213 0.069959 0.112766
0 0.733539 0.327660 0.096708 0.127660
38 0.493827 0.439362 0.069959 0.117021
37 0.774138 0.120530 0.031755 0.039734