28 0.589816 0.706859 0.049222 0.033206
21 0.549364 0.081383 0.016973 0.036473
21 0.977228 0.669842 0.020651 0.033206
36 0.728147 0.371802 0.015276 0.019597
14 0.913861 0.678552 0.018388 0.049537
36 0.728289 0.504899 0.015559 0.020142
36 0.922207 0.504355 0.016407 0.020142
14 0.913861 0.803756 0.019519 0.051715
28 0.424752 0.414807 0.048939 0.031573
36 0.824752 0.504627 0.015559 0.018508
31 0.235219 0.589004 0.039887 0.041372
28 0.424894 0.706315 0.048091 0.032118
14 0.278642 0.799946 0.019236 0.050626
36 0.093635 0.504627 0.015842 0.019597
28 0.510325 0.563419 0.047525 0.028307
36 0.287270 0.504627 0.014993 0.018508
14 0.086280 0.802667 0.018105 0.052803
14 0.721075 0.677463 0.020368 0.053892
31 0.775389 0.589548 0.039038 0.040283
31 0.141867 0.588187 0.039321 0.037561
4 0.817822 0.314916 0.018105 0.047360
36 0.190240 0.504899 0.015559 0.019053
4 0.817539 0.437942 0.018670 0.047360
36 0.286704 0.371802 0.015559 0.019597
14 0.279066 0.677735 0.018953 0.051170
14 0.085714 0.678280 0.020368 0.048993
21 0.465771 0.241698 0.016690 0.037017
21 0.549646 0.241971 0.016973 0.037561
14 0.720934 0.799401 0.020651 0.054981
28 0.590099 0.415351 0.050354 0.030484
31 0.869873 0.590637 0.038472 0.038106
21 0.672984 0.689439 0.020368 0.034295
21 0.038190 0.669026 0.020368 0.033751
21 0.742892 0.804642 0.019508 0.032289
21 0.285198 0.441271 0.019510 0.032276
37 0.705905 0.679648 0.005833 0.010495
21 0.520257 0.171002 0.019509 0.032289
37 0.803845 0.441216 0.005834 0.010501
37 0.900068 0.682183 0.005833 0.010498
37 0.803945 0.318291 0.005835 0.010505
21 0.466613 0.084038 0.019507 0.032285
21 0.107362 0.806638 0.019505 0.032284
21 0.299504 0.681510 0.019509 0.032277
21 0.108338 0.681511 0.019506 0.032284
21 0.744192 0.680146 0.019507 0.032282
21 0.191240 0.816648 0.019507 0.032284
21 0.342786 0.691108 0.019506 0.032280
14 0.500468 0.169849 0.020368 0.048993
14 0.183992 0.442822 0.020368 0.048995
14 0.182588 0.318501 0.020368 0.048989
21 0.341149 0.440790 0.020368 0.033750
37 0.899692 0.804920 0.005832 0.010495
21 0.094064 0.442045 0.020368 0.033749
37 0.071898 0.804392 0.005828 0.010504
37 0.071631 0.680456 0.005832 0.010502
37 0.707035 0.801660 0.005833 0.010506
37 0.168081 0.317593 0.005834 0.010498
37 0.168352 0.442720 0.005835 0.010500
37 0.264286 0.802828 0.005833 0.010492
37 0.263583 0.678900 0.005832 0.010503
37 0.486434 0.169658 0.005832 0.010495
21 0.825145 0.814651 0.019506 0.032278
21 0.673263 0.441304 0.019510 0.032277
21 0.728394 0.442779 0.019505 0.032282
21 0.837826 0.441158 0.019506 0.032280
21 0.921379 0.443655 0.019509 0.032277
21 0.841076 0.318531 0.019506 0.032279
21 0.935034 0.680143 0.019508 0.032283
21 0.205872 0.318647 0.019508 0.032276
21 0.936659 0.808396 0.019506 0.032283
21 0.301453 0.801633 0.019505 0.032289
21 0.205872 0.442521 0.019507 0.032282