7 0.726515 0.560000 0.062121 0.058182
7 0.071212 0.649091 0.051515 0.080000
3 0.216667 0.366364 0.054545 0.078182
32 0.336364 0.180909 0.030303 0.078182
37 0.726515 0.397273 0.016667 0.023636
7 0.406818 0.561818 0.065152 0.058182
37 0.595455 0.077273 0.018182 0.020000
3 0.617424 0.363636 0.056061 0.076364
7 0.572727 0.699091 0.054545 0.078182
37 0.666667 0.495455 0.018182 0.020000
7 0.517424 0.434545 0.053030 0.076364
7 0.875000 0.703636 0.053030 0.080000
37 0.962879 0.549091 0.016667 0.021818
7 0.215152 0.499091 0.051515 0.078182
37 0.407576 0.392727 0.018182 0.021818
37 0.175758 0.549091 0.015152 0.021818
7 0.618939 0.495455 0.053030 0.078182
3 0.072727 0.483636 0.054545 0.076364
7 0.817424 0.439091 0.053030 0.074545
7 0.315909 0.438182 0.053030 0.076364
32 0.793939 0.181818 0.030303 0.076364
29 0.593939 0.878182 0.018182 0.021818
7 0.215909 0.701818 0.053030 0.080000
7 0.919697 0.499091 0.051515 0.078182
3 0.073485 0.310909 0.056061 0.076364
3 0.918939 0.366364 0.053030 0.078182