37 0.941895 0.070465 0.010742 0.017991
28 0.865234 0.568966 0.037109 0.031484
0 0.641113 0.194903 0.038086 0.080960
0 0.907227 0.405547 0.037109 0.079460
4 0.639648 0.693403 0.037109 0.079460
37 0.027832 0.510495 0.012695 0.019490
37 0.463379 0.511244 0.012695 0.020990
37 0.138672 0.071214 0.013672 0.019490
0 0.576660 0.453523 0.038086 0.079460
2 0.425293 0.510495 0.038086 0.082459
37 0.941895 0.938531 0.014648 0.020990
37 0.499512 0.694153 0.012695 0.020990
4 0.134766 0.509745 0.037109 0.077961
0 0.548828 0.194153 0.037109 0.082459
4 0.907715 0.611694 0.036133 0.080960
37 0.140137 0.942279 0.016602 0.025487
30 0.245117 0.036732 0.029297 0.013493
37 0.461426 0.326087 0.012695 0.019490
0 0.736816 0.129685 0.036133 0.079460
6 0.549316 0.693403 0.038086 0.079460
2 0.069336 0.510495 0.037109 0.079460
4 0.547852 0.814843 0.037109 0.076462
0 0.812500 0.308846 0.037109 0.080960
29 0.244629 0.983508 0.036133 0.032984
37 0.180176 0.880060 0.012695 0.017991
6 0.644043 0.556222 0.038086 0.077961
28 0.865234 0.452024 0.037109 0.031484
4 0.813965 0.880810 0.038086 0.079460
6 0.229004 0.881559 0.038086 0.077961
2 0.701172 0.454273 0.039062 0.080960
4 0.736328 0.824588 0.037109 0.077961
4 0.640625 0.814093 0.037109 0.077961
4 0.359375 0.508996 0.039062 0.079460
4 0.736328 0.690405 0.037109 0.079460
0 0.640625 0.326837 0.037109 0.080960
4 0.520508 0.556222 0.037109 0.077961
2 0.231445 0.127436 0.039062 0.080960
2 0.548828 0.326837 0.039062 0.080960
37 0.937988 0.509745 0.012695 0.020990
37 0.169434 0.128936 0.012695 0.020990
0 0.812988 0.161169 0.038086 0.079460