28 0.613659 0.873963 0.042927 0.021784
28 0.474634 0.293050 0.020488 0.044606
28 0.613659 0.115664 0.044878 0.021784
32 0.256098 0.142116 0.028293 0.085062
14 0.397561 0.346992 0.036098 0.063278
18 0.779024 0.699689 0.036098 0.067427
14 0.398049 0.643672 0.035122 0.063278
32 0.792195 0.575207 0.025366 0.084025
32 0.791220 0.414419 0.027317 0.084025
21 0.689756 0.630187 0.037073 0.036307
28 0.612683 0.494813 0.044878 0.022822
14 0.524390 0.753631 0.036098 0.063278
28 0.474146 0.698651 0.019512 0.044606
32 0.333171 0.143154 0.026341 0.085062
32 0.537073 0.115145 0.026341 0.082988
21 0.537073 0.360996 0.036098 0.037344
21 0.537073 0.631224 0.034146 0.036307
32 0.537561 0.494813 0.025366 0.082988
37 0.091220 0.346473 0.080976 0.035270
14 0.243415 0.346473 0.038049 0.064315
14 0.779512 0.291494 0.035122 0.066390
37 0.090732 0.495851 0.080000 0.035270
21 0.690244 0.360477 0.038049 0.036307
32 0.537561 0.873963 0.025366 0.084025
18 0.398049 0.643672 0.035122 0.063278
32 0.256585 0.848029 0.025366 0.084025
18 0.241361 0.646179 0.035114 0.063281
18 0.522658 0.238970 0.035128 0.063278
37 0.917588 0.497223 0.111765 0.035268
37 0.091559 0.944798 0.111765 0.035271
37 0.102540 0.048364 0.111770 0.035264