28 0.808438 0.855276 0.020625 0.018090
18 0.332813 0.586432 0.015625 0.039196
28 0.073125 0.498995 0.011250 0.033166
29 0.179688 0.840704 0.016875 0.017085
28 0.389688 0.568844 0.020625 0.022111
32 0.552188 0.618593 0.011875 0.043216
32 0.629687 0.619095 0.011875 0.042211
18 0.546562 0.773367 0.015625 0.041206
29 0.683750 0.741709 0.018750 0.014070
28 0.746250 0.856281 0.020000 0.022111
32 0.327188 0.106533 0.011875 0.040201
11 0.691562 0.111558 0.023125 0.030151
28 0.439375 0.274372 0.010000 0.030151
28 0.202813 0.630151 0.020625 0.018090
14 0.469062 0.772864 0.015625 0.040201
18 0.624062 0.773367 0.015625 0.043216
28 0.754062 0.121106 0.020625 0.019095
32 0.389688 0.668342 0.011875 0.040201
28 0.683750 0.555779 0.020000 0.018090
32 0.552500 0.368844 0.011250 0.038191
28 0.474687 0.620101 0.018125 0.024121
32 0.474375 0.106533 0.012500 0.040201
32 0.280313 0.881910 0.011875 0.041206
32 0.164375 0.568342 0.011250 0.041206
32 0.234687 0.881910 0.011875 0.041206
32 0.431875 0.497990 0.026250 0.017085
18 0.469375 0.212060 0.015000 0.040201
32 0.630313 0.355276 0.011875 0.041206
32 0.234063 0.107035 0.011875 0.039196
32 0.684063 0.655779 0.011875 0.041206
28 0.439688 0.711558 0.009375 0.030151
32 0.280625 0.106030 0.011250 0.039196
14 0.333125 0.411055 0.015000 0.040201
28 0.697812 0.859296 0.024375 0.032161
32 0.327188 0.881407 0.011875 0.040201
32 0.128750 0.497990 0.022500 0.017085
29 0.692187 0.190452 0.018125 0.017085
28 0.815625 0.118090 0.021250 0.017085
21 0.474683 0.345589 0.015410 0.025516
32 0.473934 0.866759 0.011878 0.040196
14 0.624466 0.212526 0.015000 0.040203
14 0.274701 0.412726 0.015000 0.040206
21 0.474750 0.484607 0.015404 0.025526
18 0.275646 0.586749 0.015627 0.039196
37 0.057830 0.499265 0.008064 0.016222
29 0.698508 0.782229 0.018749 0.014073
14 0.545878 0.214408 0.014996 0.040198