36 0.494088 0.342065 0.032095 0.021572
28 0.494932 0.614792 0.087838 0.046225
3 0.804054 0.345146 0.081081 0.092450
37 0.494088 0.060863 0.032095 0.029276
0 0.182432 0.202619 0.084459 0.093991
38 0.407939 0.187211 0.086149 0.053929
37 0.690034 0.515408 0.032095 0.029276
7 0.181588 0.345146 0.082770 0.095532
36 0.494932 0.681048 0.033784 0.021572
38 0.586149 0.187211 0.087838 0.053929
3 0.181588 0.345146 0.082770 0.095532
38 0.586993 0.501541 0.086149 0.057011
7 0.804899 0.683359 0.082770 0.093991
4 0.182432 0.828968 0.084459 0.095532
38 0.583615 0.812018 0.086149 0.055470
37 0.494088 0.969954 0.032095 0.032357
12 0.151182 0.514638 0.123311 0.110940
38 0.406250 0.812789 0.086149 0.057011
7 0.183277 0.684129 0.082770 0.092450
37 0.932432 0.515408 0.030405 0.029276
4 0.804899 0.827427 0.082770 0.095532
28 0.494088 0.419877 0.086149 0.041602
0 0.804899 0.201849 0.082770 0.095532
38 0.407095 0.501541 0.087838 0.057011
37 0.295916 0.514704 0.032095 0.029268