28 0.868890 0.359740 0.059116 0.039693
28 0.388931 0.409036 0.035643 0.072044
28 0.773655 0.600130 0.060046 0.040717
28 0.354595 0.859019 0.031900 0.066817
28 0.446082 0.857450 0.034721 0.069949
32 0.493764 0.219925 0.038276 0.061401
32 0.646958 0.220564 0.038274 0.061394
32 0.649214 0.600262 0.038273 0.061381
29 0.246869 0.949779 0.043174 0.032370
29 0.650823 0.705942 0.045978 0.033414
14 0.632741 0.409466 0.076993 0.097199
31 0.414809 0.722033 0.059886 0.040618
11 0.153410 0.419792 0.065686 0.080393