32 0.314763 0.689855 0.050139 0.086957
18 0.649025 0.359420 0.089136 0.139130
14 0.649025 0.359420 0.089136 0.139130
37 0.112813 0.979710 0.030641 0.028986
32 0.566852 0.656522 0.086351 0.055072
32 0.314763 0.362319 0.050139 0.086957
32 0.452646 0.123188 0.047354 0.084058
28 0.750696 0.134783 0.064067 0.055072
28 0.221448 0.473913 0.019499 0.043478
37 0.862117 0.017391 0.030641 0.028986
32 0.454039 0.750725 0.050139 0.086957
28 0.452646 0.904348 0.064067 0.057971
37 0.862963 0.472464 0.028950 0.028986
14 0.427577 0.536232 0.075209 0.133333
37 0.863510 0.979710 0.027855 0.028986
32 0.683844 0.791304 0.047354 0.086957
32 0.625348 0.108696 0.047354 0.084058
37 0.112813 0.472464 0.030641 0.028986