32 0.678506 0.567490 0.038251 0.089354
32 0.256831 0.423004 0.036430 0.089354
29 0.351548 0.983840 0.047359 0.032319
29 0.464481 0.984791 0.047359 0.030418
28 0.895264 0.487643 0.030965 0.062738
29 0.255920 0.983840 0.045537 0.032319
29 0.678506 0.852662 0.045537 0.032319
32 0.258652 0.556084 0.036430 0.089354
32 0.679417 0.409696 0.036430 0.089354
32 0.350638 0.397338 0.034608 0.087452
8 0.071038 0.490494 0.138434 0.148289
32 0.351548 0.192966 0.036430 0.089354
28 0.539162 0.474335 0.043716 0.024715
32 0.465392 0.614068 0.034608 0.087452
32 0.464481 0.849810 0.036430 0.091255
14 0.653637 0.291015 0.087173 0.093646
37 0.928848 0.488499 0.015410 0.011726
18 0.326057 0.807273 0.087177 0.093639
14 0.441728 0.491050 0.087180 0.093657
18 0.658366 0.709075 0.087186 0.093653