11 0.772947 0.718121 0.038647 0.053691
32 0.131643 0.454698 0.045894 0.030201
29 0.061594 0.743289 0.031401 0.023490
32 0.638889 0.453020 0.045894 0.026846
32 0.292271 0.780201 0.019324 0.063758
32 0.291063 0.196309 0.016908 0.057047
28 0.208937 0.454698 0.016908 0.043624
18 0.497585 0.667785 0.024155 0.060403
8 0.061594 0.558725 0.060386 0.083893
29 0.867646 0.453534 0.016432 0.041296
14 0.498274 0.278919 0.028795 0.071377
11 0.771406 0.156179 0.038644 0.053692
21 0.291257 0.517176 0.029609 0.045400
21 0.291274 0.375578 0.029567 0.045417