12 0.061761 0.750000 0.094612 0.168246
4 0.748357 0.752370 0.061761 0.144550
0 0.696452 0.308057 0.063075 0.142180
0 0.086728 0.305687 0.063075 0.146919
37 0.933640 0.605450 0.024967 0.045024
4 0.856767 0.753555 0.063075 0.146919
37 0.217477 0.457346 0.024967 0.042654
4 0.415900 0.752370 0.064389 0.144550
4 0.528252 0.752370 0.063075 0.144550
36 0.722076 0.447867 0.027595 0.033175
4 0.856767 0.454976 0.063075 0.142180
2 0.364652 0.310427 0.064389 0.142180
2 0.528909 0.309242 0.064389 0.144550
32 0.471091 0.456161 0.090670 0.097156
32 0.307490 0.456161 0.091984 0.097156
37 0.472405 0.098341 0.024967 0.049763
37 0.471767 0.953574 0.024979 0.045020