37 0.425926 0.086694 0.022222 0.028226
32 0.427407 0.243952 0.028148 0.088710
32 0.265926 0.339718 0.028148 0.086694
28 0.708148 0.657258 0.065185 0.060484
32 0.646667 0.877016 0.057778 0.040323
32 0.426667 0.692540 0.029630 0.090726
28 0.155556 0.520161 0.035556 0.100806
32 0.266667 0.667339 0.029630 0.088710
32 0.612593 0.642137 0.028148 0.090726
37 0.902963 0.323589 0.019259 0.034274
29 0.425926 0.828629 0.031111 0.032258
14 0.414074 0.519153 0.037037 0.094758
14 0.601481 0.424395 0.038519 0.094758
8 0.089630 0.650202 0.060741 0.078629
32 0.614815 0.242944 0.029630 0.090726