12 0.588283 0.450483 0.059390 0.089372
37 0.730337 0.103865 0.012841 0.019324
32 0.447030 0.714976 0.036918 0.115942
32 0.447030 0.560386 0.040128 0.120773
29 0.607544 0.888889 0.072231 0.048309
37 0.834671 0.370773 0.009631 0.016908
32 0.447833 0.250000 0.048154 0.152174
28 0.747191 0.370773 0.020867 0.050725
28 0.393258 0.451691 0.022472 0.053140
32 0.305778 0.445652 0.085072 0.065217
8 0.181380 0.595411 0.060995 0.094203
32 0.606742 0.250000 0.051364 0.157005
28 0.675762 0.643720 0.038523 0.036232
32 0.605939 0.640097 0.056180 0.183575