32 0.318182 0.159176 0.037433 0.116105
37 0.760695 0.286517 0.029412 0.041199
29 0.177807 0.664794 0.045455 0.033708
28 0.225936 0.127341 0.056150 0.059925
32 0.419786 0.288390 0.090909 0.052434
32 0.179144 0.548689 0.037433 0.116105
28 0.885027 0.604869 0.058824 0.056180
14 0.476414 0.547775 0.112305 0.153548
28 0.100267 0.425094 0.034759 0.056180
37 0.026738 0.428839 0.032086 0.033708
32 0.593583 0.426966 0.085561 0.052434
29 0.227273 0.207865 0.042781 0.041199
12 0.315508 0.747191 0.069519 0.093633
32 0.508021 0.818352 0.037433 0.116105
28 0.885221 0.201320 0.058827 0.056167
29 0.945250 0.453508 0.045448 0.033719
28 0.680732 0.884729 0.058810 0.056177
18 0.288413 0.423955 0.112298 0.153575
14 0.658513 0.135928 0.112297 0.153558
14 0.659607 0.676132 0.112285 0.153550