32 0.419792 0.246711 0.047917 0.098684
32 0.690625 0.583333 0.047917 0.100877
14 0.505208 0.577851 0.072917 0.133772
21 0.194792 0.248904 0.047917 0.050439
32 0.419792 0.793860 0.047917 0.092105
32 0.307292 0.698465 0.093750 0.050439
37 0.798958 0.153509 0.018750 0.021930
18 0.663542 0.436404 0.072917 0.131579
14 0.608333 0.769737 0.070833 0.135965
32 0.420833 0.435307 0.045833 0.098684
32 0.307292 0.153509 0.093750 0.052632
28 0.309375 0.342105 0.035417 0.087719
32 0.195833 0.791667 0.045833 0.096491
37 0.800000 0.890351 0.020833 0.021930