8 0.075540 0.619241 0.098321 0.111111
32 0.425659 0.806233 0.031175 0.084011
32 0.425659 0.459350 0.031175 0.078591
32 0.426859 0.635501 0.033573 0.084011
28 0.785372 0.520325 0.026379 0.059621
28 0.305755 0.348238 0.026379 0.062331
18 0.627098 0.720867 0.040767 0.081301
29 0.426859 0.926829 0.047962 0.027100
37 0.641487 0.073171 0.011990 0.016260
14 0.628297 0.346883 0.038369 0.075881
29 0.645084 0.926829 0.047962 0.027100
32 0.883693 0.609756 0.031175 0.081301
29 0.077938 0.779133 0.050360 0.029810
28 0.305755 0.719512 0.026379 0.062331
32 0.425659 0.210027 0.031175 0.078591
29 0.882494 0.753388 0.047962 0.027100