32 0.645536 0.776259 0.023256 0.102158
8 0.088522 0.728777 0.069017 0.133813
32 0.645911 0.256115 0.022506 0.100719
32 0.422731 0.318705 0.021755 0.099281
29 0.421980 0.953957 0.035259 0.031655
32 0.423106 0.714388 0.022506 0.102158
14 0.641035 0.516547 0.057764 0.112230
37 0.945611 0.361151 0.012753 0.023022
29 0.088897 0.953237 0.036759 0.033094
29 0.756564 0.955396 0.036759 0.031655
32 0.175544 0.519424 0.054014 0.046043
28 0.756189 0.782734 0.040510 0.051799
28 0.298200 0.517266 0.024756 0.073381
29 0.883346 0.953237 0.035259 0.033094
32 0.883721 0.623022 0.022506 0.100719
29 0.644786 0.954676 0.036759 0.030216
28 0.782071 0.363309 0.024756 0.073381
37 0.532435 0.057547 0.012747 0.023023