32 0.406891 0.674831 0.037829 0.119049
37 0.861767 0.329375 0.019027 0.026128
29 0.685301 0.923520 0.049150 0.060162
29 0.132234 0.654729 0.045374 0.046350
29 0.760452 0.551973 0.044430 0.046367
32 0.757613 0.429785 0.037805 0.119036
32 0.682939 0.678599 0.037821 0.119020
32 0.552476 0.681098 0.037827 0.119084
32 0.555317 0.216189 0.037813 0.119042
32 0.404057 0.226201 0.037816 0.119054
32 0.202559 0.454228 0.080421 0.055093
28 0.289929 0.450711 0.045374 0.090202
28 0.669974 0.335426 0.043487 0.097714
28 0.684634 0.822267 0.067117 0.073941
8 0.128743 0.548460 0.078474 0.107724
4 0.523964 0.451743 0.067738 0.122170