29 0.752834 0.756506 0.031746 0.033457
29 0.391156 0.923792 0.034014 0.033457
29 0.665533 0.925651 0.034014 0.037175
29 0.071429 0.897770 0.034014 0.040892
28 0.667800 0.806691 0.034014 0.029740
32 0.159864 0.548327 0.052154 0.040892
28 0.696145 0.475836 0.018141 0.059480
32 0.390023 0.403346 0.022676 0.085502
32 0.595238 0.288104 0.024943 0.085502
29 0.594104 0.925651 0.031746 0.037175
28 0.926304 0.568773 0.029478 0.029740
32 0.391156 0.667286 0.024943 0.085502
32 0.594104 0.737918 0.022676 0.085502
14 0.585034 0.544610 0.031746 0.085502
32 0.752834 0.643123 0.022676 0.081784
8 0.073696 0.711896 0.047619 0.078067
28 0.304989 0.548327 0.015873 0.055762
29 0.925703 0.924583 0.034019 0.037193