29 0.325832 0.923077 0.037182 0.038462
29 0.084149 0.899038 0.035225 0.035256
28 0.258317 0.602564 0.015656 0.051282
29 0.474560 0.963141 0.037182 0.035256
28 0.621331 0.471154 0.013699 0.051282
37 0.794521 0.471154 0.011742 0.019231
32 0.325832 0.392628 0.033268 0.105769
12 0.406067 0.150641 0.060665 0.089744
14 0.452055 0.605769 0.050881 0.141026
32 0.324853 0.722756 0.035225 0.105769
32 0.473581 0.371795 0.035225 0.102564
8 0.082192 0.721154 0.058708 0.096154
28 0.634051 0.820513 0.031311 0.025641
32 0.471624 0.810897 0.035225 0.108974
37 0.405430 0.088033 0.035351 0.033110