28 0.658516 0.736364 0.028668 0.030303
32 0.229342 0.474242 0.060708 0.063636
8 0.090219 0.271212 0.059022 0.106061
37 0.062395 0.616667 0.037099 0.057576
29 0.090219 0.365152 0.032040 0.033333
29 0.301855 0.934848 0.030354 0.033333
32 0.474705 0.721212 0.032040 0.109091
32 0.301855 0.295455 0.033727 0.112121
14 0.862563 0.524242 0.052277 0.151515
28 0.143339 0.618182 0.013491 0.054545
14 0.281619 0.616667 0.050590 0.154545
32 0.301855 0.771212 0.033727 0.112121
28 0.420742 0.521212 0.015177 0.054545
32 0.882799 0.200000 0.032040 0.109091
32 0.744519 0.521212 0.059022 0.060606
21 0.882584 0.330927 0.027416 0.057115
37 0.085233 0.882458 0.023448 0.040635
21 0.579462 0.520782 0.027434 0.057076