21 0.654167 0.766667 0.033333 0.041667
11 0.854167 0.310417 0.075000 0.050000
29 0.204167 0.742708 0.041667 0.031250
36 0.565972 0.330208 0.020833 0.027083
18 0.481944 0.333333 0.066667 0.104167
37 0.138889 0.201042 0.019444 0.027083
32 0.654167 0.416667 0.022222 0.070833
29 0.769444 0.958333 0.036111 0.029167
32 0.565972 0.454167 0.023611 0.070833
32 0.372222 0.036458 0.077778 0.056250
29 0.655556 0.958333 0.038889 0.029167
32 0.279861 0.314583 0.023611 0.075000
11 0.205556 0.509375 0.091667 0.052083
32 0.770139 0.416667 0.023611 0.070833
32 0.770139 0.673958 0.023611 0.072917
29 0.853472 0.502083 0.037500 0.033333
32 0.769444 0.788542 0.022222 0.072917
14 0.350184 0.243040 0.102746 0.152557
37 0.882447 0.203887 0.019448 0.027082
14 0.674580 0.562582 0.073347 0.112336