29 0.556801 0.947665 0.055306 0.027375
29 0.062033 0.396135 0.055306 0.028986
32 0.498505 0.507246 0.082212 0.041868
36 0.735426 0.673913 0.020927 0.020934
37 0.089686 0.091787 0.041854 0.041868
32 0.859492 0.673108 0.080717 0.041868
29 0.510463 0.395330 0.052317 0.027375
29 0.734679 0.396135 0.052317 0.028986
32 0.736921 0.806763 0.035874 0.086957
32 0.736173 0.231079 0.037369 0.085346
28 0.453662 0.593398 0.028401 0.062802
23 0.448430 0.744767 0.152466 0.159420
28 0.902840 0.595008 0.029895 0.062802
11 0.556801 0.867150 0.073244 0.062802
29 0.734679 0.948470 0.052317 0.025765
28 0.510463 0.229469 0.058296 0.030596
8 0.062033 0.265700 0.097160 0.106280
32 0.789985 0.593398 0.079223 0.040258
28 0.387892 0.506441 0.028401 0.059581
7 0.260570 0.139356 0.080277 0.060361