28 0.869388 0.520047 0.029932 0.091981
0 0.110204 0.393868 0.048980 0.103774
37 0.048980 0.521226 0.019048 0.033019
0 0.710204 0.395047 0.048980 0.106132
30 0.409524 0.106132 0.027211 0.018868
30 0.602041 0.104953 0.028571 0.021226
37 0.963265 0.521226 0.019048 0.033019
4 0.261905 0.825472 0.050340 0.108491
32 0.217007 0.520047 0.072109 0.068396
37 0.422449 0.825472 0.017687 0.033019
4 0.903401 0.826651 0.051701 0.110849
0 0.582993 0.214623 0.050340 0.103774
36 0.283673 0.515330 0.020408 0.025943
37 0.684354 0.599057 0.019048 0.033019
4 0.109524 0.826651 0.050340 0.110849
37 0.324490 0.601415 0.017687 0.033019
36 0.730612 0.293632 0.021769 0.025943
30 0.282313 0.106132 0.025850 0.018868
4 0.485714 0.825472 0.048980 0.108491
0 0.429932 0.214623 0.048980 0.103774
36 0.410884 0.293632 0.021769 0.025943
36 0.731293 0.515330 0.023129 0.025943
36 0.602721 0.390330 0.021769 0.025943
30 0.731293 0.106132 0.025850 0.023585
32 0.795238 0.521226 0.072109 0.070755
36 0.282993 0.390330 0.021769 0.025943
4 0.623129 0.599057 0.048980 0.108491
4 0.389116 0.600236 0.048980 0.106132
0 0.302041 0.297170 0.048980 0.103774
4 0.750340 0.825472 0.050340 0.108491
28 0.142857 0.522406 0.029932 0.091981
0 0.902041 0.298349 0.048980 0.106132