8 0.080368 0.690196 0.067485 0.109804
32 0.757055 0.655882 0.022086 0.084314
29 0.455215 0.060784 0.036810 0.035294
28 0.642945 0.571569 0.017178 0.060784
14 0.522699 0.523529 0.026994 0.082353
32 0.177301 0.520588 0.052761 0.041176
11 0.455828 0.189216 0.052761 0.064706
32 0.531902 0.729412 0.023313 0.086275
37 0.098773 0.565686 0.028221 0.041176
29 0.455828 0.939216 0.038037 0.027451
29 0.080368 0.843137 0.038037 0.027451
29 0.875460 0.817647 0.038037 0.027451
32 0.382209 0.751961 0.023313 0.088235
28 0.298160 0.523529 0.017178 0.062745
28 0.875460 0.654902 0.038037 0.031373
32 0.382209 0.414706 0.023313 0.084314