28 0.245119 0.496454 0.039046 0.094563
29 0.536876 0.931442 0.093275 0.056738
8 0.073753 0.659574 0.082430 0.094563
32 0.536876 0.263593 0.041215 0.130024
30 0.535792 0.075650 0.047722 0.014184
32 0.536876 0.726950 0.036876 0.134752
36 0.342733 0.495272 0.026030 0.030733
28 0.650759 0.724586 0.082430 0.040189
14 0.516269 0.496454 0.056399 0.104019
32 0.343818 0.262411 0.041215 0.132388
32 0.343818 0.767139 0.041215 0.134752
32 0.883948 0.640662 0.041215 0.141844
28 0.709328 0.411348 0.039046 0.089835
29 0.071445 0.934124 0.093285 0.056741
29 0.340464 0.931527 0.093267 0.056725
29 0.880898 0.809590 0.093280 0.056743