28 0.865000 0.535168 0.023333 0.134557
28 0.167500 0.474006 0.025000 0.134557
28 0.765000 0.105505 0.026667 0.137615
14 0.573333 0.778287 0.066667 0.211009
32 0.599167 0.229358 0.038333 0.146789
32 0.432500 0.474006 0.088333 0.079511
37 0.832500 0.178899 0.061667 0.064220
32 0.333333 0.654434 0.040000 0.152905
28 0.167500 0.840979 0.025000 0.134557
37 0.100833 0.542813 0.058333 0.064220
29 0.600000 0.970948 0.060000 0.058104
37 0.991440 0.535019 0.017120 0.032453
37 0.008374 0.840730 0.016749 0.032417
37 0.174428 0.107028 0.022617 0.032437