28 0.677326 0.569024 0.021318 0.053872
32 0.164729 0.417508 0.073643 0.033670
28 0.270349 0.419192 0.021318 0.050505
32 0.823643 0.739057 0.027132 0.138047
29 0.822674 0.934343 0.040698 0.037037
29 0.357558 0.934343 0.040698 0.037037
29 0.066860 0.681818 0.040698 0.037037
37 0.356589 0.075758 0.031008 0.050505
37 0.904070 0.569024 0.032946 0.053872
8 0.066860 0.518519 0.079457 0.134680
29 0.502907 0.934343 0.040698 0.037037
14 0.488372 0.415825 0.042636 0.124579
32 0.357558 0.237374 0.025194 0.131313
32 0.502907 0.693603 0.025194 0.127946
32 0.357558 0.641414 0.025194 0.131313
37 0.503053 0.075123 0.030992 0.050506