8 0.079103 0.738235 0.066116 0.111765
32 0.429162 0.413725 0.024793 0.082353
32 0.632231 0.244118 0.022432 0.084314
29 0.631051 0.937255 0.036600 0.031373
32 0.863046 0.557843 0.023613 0.084314
29 0.935065 0.145098 0.035419 0.027451
32 0.632231 0.750980 0.022432 0.082353
28 0.742621 0.400980 0.023613 0.060784
32 0.158796 0.519608 0.050767 0.039216
32 0.427981 0.654902 0.024793 0.082353
28 0.788666 0.112745 0.040142 0.080392
28 0.746163 0.754902 0.037780 0.039216
14 0.622786 0.522549 0.027155 0.084314
28 0.286895 0.521569 0.023613 0.062745
32 0.425620 0.174510 0.029516 0.090196