32 0.185185 0.424460 0.024691 0.095923
28 0.875772 0.757794 0.078704 0.067146
18 0.172068 0.601918 0.035494 0.091127
32 0.370370 0.333333 0.024691 0.095923
29 0.368827 0.953237 0.058642 0.045564
37 0.369599 0.079137 0.007716 0.014388
14 0.567130 0.527578 0.035494 0.091127
28 0.184414 0.815348 0.047840 0.043165
32 0.185185 0.221823 0.024691 0.098321
28 0.723765 0.622302 0.024691 0.069544
32 0.579475 0.742206 0.026235 0.093525
32 0.049383 0.357314 0.024691 0.095923
32 0.049383 0.751799 0.024691 0.098321
32 0.461420 0.527578 0.064815 0.043165
37 0.838017 0.834825 0.007712 0.014390
37 0.838804 0.665322 0.007711 0.014389