32 0.333333 0.506061 0.050909 0.046465
14 0.403030 0.239394 0.049697 0.123232
28 0.726061 0.216162 0.041212 0.040404
28 0.332727 0.893939 0.018182 0.050505
32 0.508485 0.507071 0.052121 0.048485
32 0.420606 0.796970 0.026667 0.086869
37 0.666061 0.411111 0.018182 0.026263
28 0.420606 0.606061 0.029091 0.036364
32 0.652727 0.094949 0.052121 0.044444
28 0.508485 0.893939 0.020606 0.050505
29 0.421212 0.392929 0.030303 0.038384
29 0.727156 0.370492 0.030309 0.038374
29 0.477330 0.730513 0.030300 0.038378