28 0.709709 0.407843 0.025243 0.054902
32 0.574757 0.673529 0.034951 0.072549
29 0.572816 0.947059 0.054369 0.027451
14 0.561165 0.514706 0.038835 0.072549
21 0.570874 0.323529 0.046602 0.043137
8 0.572816 0.789216 0.093204 0.092157
8 0.088350 0.662745 0.091262 0.094118
29 0.866019 0.563725 0.050485 0.025490
29 0.151456 0.117647 0.050485 0.023529
28 0.341748 0.089216 0.058252 0.068627
36 0.363107 0.515686 0.019417 0.019608
32 0.363107 0.652941 0.034951 0.074510
28 0.267961 0.513725 0.027184 0.054902
32 0.868932 0.482353 0.033010 0.074510
32 0.364078 0.334314 0.033010 0.072549