29 0.495112 0.901428 0.063002 0.036863
37 0.101583 0.665548 0.031074 0.023209
37 0.941042 0.505295 0.033613 0.026117
28 0.845207 0.755911 0.071364 0.032376
28 0.230823 0.664228 0.041100 0.054288
32 0.702521 0.188305 0.052237 0.085213
32 0.380369 0.205798 0.052240 0.085218
32 0.380375 0.451419 0.052260 0.085216
32 0.492110 0.551660 0.052251 0.085226
32 0.496474 0.744658 0.052243 0.085222
32 0.701098 0.808557 0.052243 0.085203
32 0.841894 0.846145 0.052253 0.085200
30 0.379253 0.090515 0.056567 0.019140
30 0.704010 0.090585 0.054237 0.022673
29 0.380380 0.599581 0.063005 0.036866
29 0.705788 0.941941 0.063016 0.036857
29 0.842266 0.939509 0.062962 0.036854
18 0.688215 0.325895 0.049183 0.082777
14 0.689678 0.627442 0.054141 0.088895