32 0.824281 0.403922 0.070288 0.043137
11 0.480032 0.160784 0.071885 0.070588
28 0.714058 0.403922 0.025559 0.066667
29 0.103834 0.930392 0.054313 0.033333
29 0.547125 0.930392 0.052716 0.029412
8 0.813099 0.811765 0.095847 0.117647
28 0.668530 0.731373 0.027157 0.066667
32 0.548722 0.335294 0.033546 0.090196
29 0.879393 0.440196 0.049521 0.029412
32 0.326677 0.747059 0.036741 0.094118
32 0.548722 0.800000 0.033546 0.094118
29 0.477636 0.070588 0.047923 0.039216
32 0.327476 0.444118 0.035144 0.092157
28 0.104633 0.717647 0.055911 0.035294
29 0.813898 0.930392 0.055911 0.029412
14 0.535144 0.568627 0.041534 0.094118