11 0.147799 0.170588 0.041929 0.066667
28 0.776730 0.598039 0.016771 0.062745
29 0.444969 0.936275 0.032495 0.029412
14 0.573375 0.446078 0.025157 0.088235
32 0.311321 0.612745 0.020964 0.088235
29 0.080189 0.810784 0.034591 0.029412
8 0.079665 0.623529 0.060797 0.117647
32 0.581761 0.206863 0.020964 0.092157
32 0.310797 0.203922 0.022013 0.086275
32 0.581761 0.739216 0.020964 0.090196
29 0.148323 0.252941 0.032495 0.027451
29 0.890461 0.835294 0.032495 0.027451
32 0.892034 0.660784 0.020964 0.090196