28 0.704846 0.150295 0.046990 0.076621
28 0.272394 0.624754 0.022026 0.062868
29 0.474302 0.941061 0.044053 0.027505
14 0.536711 0.624754 0.033774 0.082515
28 0.458150 0.331041 0.046990 0.029470
32 0.370778 0.446955 0.027900 0.080550
32 0.370778 0.781925 0.027900 0.082515
31 0.604258 0.325147 0.019090 0.072692
28 0.751101 0.506876 0.022026 0.058939
32 0.548458 0.780943 0.027900 0.080550
8 0.086637 0.719057 0.082232 0.110020
29 0.848018 0.229862 0.042584 0.027505
32 0.849486 0.710216 0.027900 0.084479