28 0.386207 0.594303 0.016552 0.049116
32 0.643448 0.773084 0.020690 0.064833
29 0.497241 0.047151 0.031724 0.027505
32 0.904828 0.621807 0.022069 0.068762
32 0.215862 0.592338 0.048276 0.033399
8 0.065517 0.762279 0.059310 0.086444
32 0.643448 0.340864 0.020690 0.064833
29 0.497931 0.953831 0.033103 0.021611
28 0.772414 0.771120 0.033103 0.025540
14 0.635172 0.593320 0.026207 0.066798
28 0.497241 0.166994 0.042759 0.051081
32 0.499310 0.415521 0.022069 0.064833
28 0.805517 0.426326 0.016552 0.047151
32 0.499310 0.772102 0.022069 0.066798