11 0.761996 0.186275 0.069098 0.054902
32 0.554702 0.735294 0.030710 0.070588
28 0.245681 0.488235 0.026871 0.054902
28 0.731286 0.400980 0.023033 0.052941
32 0.554702 0.303922 0.030710 0.070588
28 0.699616 0.820588 0.051823 0.025490
8 0.089251 0.722549 0.090211 0.092157
29 0.763916 0.300980 0.049904 0.025490
14 0.541267 0.488235 0.038388 0.074510
32 0.322457 0.303922 0.030710 0.070588
29 0.763916 0.945098 0.049904 0.023529
32 0.322457 0.626471 0.034549 0.072549
36 0.320537 0.487255 0.019194 0.021569
32 0.870441 0.605882 0.032630 0.074510