32 0.586552 0.755882 0.025751 0.076471
32 0.164521 0.566667 0.057225 0.035294
28 0.320458 0.569608 0.025751 0.056863
28 0.727468 0.758824 0.041488 0.035294
32 0.586552 0.318627 0.025751 0.072549
11 0.821888 0.177451 0.052933 0.056863
14 0.575823 0.570588 0.030043 0.078431
32 0.886981 0.689216 0.025751 0.076471
32 0.427754 0.320588 0.025751 0.076471
32 0.428469 0.754902 0.024320 0.078431
8 0.078684 0.720588 0.071531 0.100000
29 0.823319 0.295098 0.038627 0.025490
28 0.703147 0.460784 0.018598 0.054902
29 0.505722 0.946078 0.038627 0.025490