36 0.508547 0.782192 0.022222 0.024658
4 0.808547 0.789041 0.061538 0.126027
0 0.289744 0.265753 0.063248 0.126027
4 0.452991 0.527397 0.061538 0.128767
0 0.859829 0.524658 0.061538 0.123288
29 0.508547 0.975342 0.056410 0.049315
6 0.157265 0.787671 0.061538 0.123288
37 0.773504 0.527397 0.022222 0.035616
11 0.508547 0.701370 0.059829 0.087671
37 0.508547 0.217808 0.022222 0.041096
6 0.605128 0.789041 0.061538 0.126027
36 0.590598 0.424658 0.022222 0.027397
37 0.508547 0.089041 0.022222 0.046575
4 0.319658 0.527397 0.061538 0.123288
6 0.360684 0.789041 0.061538 0.126027
4 0.564103 0.527397 0.061538 0.128767
4 0.697436 0.528767 0.061538 0.126027
0 0.158974 0.526027 0.061538 0.126027
0 0.727350 0.265753 0.063248 0.126027
37 0.243590 0.527397 0.022222 0.035616
37 0.132479 0.657534 0.022222 0.038356
37 0.885470 0.658904 0.023932 0.035616
37 0.078167 0.786968 0.023933 0.035618
37 0.937422 0.526860 0.023932 0.035629
37 0.078159 0.527904 0.023936 0.035642