32 0.372987 0.407843 0.026834 0.062745
32 0.575134 0.334314 0.026834 0.060784
28 0.739714 0.700000 0.044723 0.023529
32 0.197674 0.545098 0.059034 0.031373
29 0.490161 0.046078 0.042934 0.025490
28 0.547406 0.619608 0.021467 0.047059
32 0.874776 0.535294 0.028623 0.062745
8 0.073345 0.653922 0.075134 0.080392
28 0.548301 0.472549 0.019678 0.047059
28 0.631485 0.471569 0.021467 0.049020
32 0.373882 0.684314 0.028623 0.066667
28 0.281753 0.545098 0.019678 0.047059
29 0.473166 0.953922 0.041145 0.021569
32 0.591234 0.812745 0.026834 0.064706
14 0.581268 0.563695 0.031232 0.062174
11 0.491462 0.182865 0.059065 0.057187