32 0.492021 0.204545 0.045213 0.140909
29 0.098404 0.680682 0.050532 0.047727
29 0.267287 0.907955 0.053191 0.047727
32 0.266622 0.747727 0.043883 0.145455
29 0.904255 0.651136 0.047872 0.043182
32 0.265957 0.202273 0.042553 0.145455
8 0.097739 0.553409 0.083777 0.138636
14 0.444149 0.479545 0.071809 0.204545
28 0.172207 0.381818 0.019947 0.081818
32 0.472074 0.748864 0.045213 0.152273
29 0.473404 0.907955 0.053191 0.047727
28 0.623005 0.348864 0.019947 0.079545
11 0.905240 0.489000 0.088733 0.103818