37 0.858333 0.671004 0.010000 0.014870
14 0.147500 0.723048 0.041667 0.078067
32 0.472500 0.776022 0.021667 0.050186
14 0.279167 0.672862 0.045000 0.078067
18 0.620833 0.608736 0.045000 0.076208
32 0.472500 0.125465 0.021667 0.050186
32 0.704167 0.935874 0.021667 0.050186
32 0.539167 0.555762 0.021667 0.052045
32 0.751667 0.313197 0.043333 0.024164
14 0.115833 0.315056 0.045000 0.076208
14 0.146667 0.169145 0.046667 0.078067
32 0.473333 0.664498 0.020000 0.050186
14 0.785000 0.206320 0.046667 0.078067
37 0.860000 0.314126 0.010000 0.011152
14 0.455000 0.388476 0.043333 0.078067
14 0.620833 0.169145 0.045000 0.078067
32 0.164167 0.272305 0.021667 0.050186
14 0.377500 0.315985 0.045000 0.078067
32 0.032500 0.124535 0.021667 0.052045
14 0.049167 0.376394 0.045000 0.079926
32 0.637500 0.271375 0.025000 0.052045
14 0.685833 0.794610 0.045000 0.079926
14 0.234167 0.549257 0.045000 0.079926
32 0.637500 0.849442 0.021667 0.052045
32 0.704167 0.124535 0.021667 0.048327
14 0.314167 0.832714 0.048333 0.081784
32 0.396667 0.444238 0.020000 0.052045
14 0.455000 0.894052 0.046667 0.081784
32 0.296667 0.271375 0.020000 0.048327
18 0.785833 0.733271 0.045000 0.076208
32 0.366667 0.976766 0.046667 0.024164
32 0.098333 0.444238 0.020000 0.052045
37 0.856159 0.079915 0.009993 0.014862
37 0.858743 0.977765 0.010014 0.014864
37 0.033970 0.720101 0.009999 0.014865
37 0.033155 0.670551 0.010000 0.014880