32 0.769932 0.473763 0.041002 0.038981
3 0.619021 0.131184 0.033030 0.055472
37 0.921412 0.654423 0.022779 0.031484
7 0.167995 0.833583 0.033030 0.056972
37 0.183371 0.461019 0.022779 0.031484
7 0.451025 0.629685 0.031891 0.059970
7 0.365604 0.464768 0.031891 0.059970
7 0.545558 0.697901 0.031891 0.058471
3 0.072323 0.131184 0.030752 0.058471
3 0.450456 0.338081 0.033030 0.058471
28 0.825740 0.474513 0.015945 0.037481
3 0.230068 0.464018 0.031891 0.058471
37 0.412301 0.461019 0.022779 0.031484
7 0.712984 0.835832 0.034169 0.061469
7 0.712984 0.339580 0.034169 0.058471
3 0.844533 0.132684 0.033030 0.055472
37 0.255695 0.050225 0.030752 0.031484
3 0.144647 0.131184 0.031891 0.055472
3 0.523349 0.130435 0.033030 0.056972
7 0.845103 0.834333 0.031891 0.058471
3 0.712984 0.129685 0.031891 0.055472
3 0.450456 0.131184 0.030752 0.055472
7 0.640091 0.409295 0.031891 0.056972
7 0.712984 0.630435 0.034169 0.061469
7 0.450456 0.835832 0.033030 0.058471
29 0.514806 0.961019 0.025057 0.017991
7 0.287585 0.834333 0.033030 0.058471
12 0.059775 0.296559 0.031371 0.057823