21 0.829215 0.715640 0.024709 0.042654
14 0.437500 0.443128 0.029070 0.061611
32 0.537064 0.343602 0.018895 0.085308
32 0.718023 0.914692 0.017442 0.080569
37 0.103198 0.975118 0.008721 0.016588
32 0.449855 0.595972 0.018895 0.082938
32 0.345203 0.322275 0.018895 0.085308
32 0.485465 0.103081 0.017442 0.082938
14 0.337209 0.597156 0.029070 0.061611
32 0.870640 0.283175 0.020349 0.087678
37 0.920785 0.598341 0.010174 0.016588
14 0.818314 0.863744 0.029070 0.063981
32 0.396802 0.674171 0.052326 0.030806
32 0.788517 0.466825 0.018895 0.080569
14 0.814680 0.407583 0.027616 0.056872
32 0.348837 0.902844 0.020349 0.090047
14 0.666424 0.437204 0.027616 0.054502
14 0.298692 0.569905 0.027616 0.059242
14 0.704942 0.508294 0.026163 0.049763
14 0.177326 0.783175 0.029070 0.059242
32 0.585756 0.291469 0.017442 0.080569
32 0.586483 0.388626 0.015988 0.080569
37 0.917151 0.143365 0.008721 0.016588
14 0.139535 0.757109 0.031977 0.063981
14 0.215116 0.808057 0.029070 0.061611
32 0.676599 0.568720 0.018895 0.085308
21 0.486919 0.199052 0.026163 0.037915
32 0.583576 0.100711 0.018895 0.082938
32 0.342297 0.101896 0.018895 0.080569
32 0.343750 0.197867 0.018895 0.082938
32 0.226017 0.905213 0.018895 0.085308
14 0.775436 0.337678 0.027616 0.054502
32 0.584302 0.196682 0.017442 0.090047
14 0.479651 0.515403 0.026163 0.054502
32 0.221657 0.324645 0.018895 0.085308
14 0.257994 0.542654 0.027616 0.061611
37 0.918149 0.048572 0.008730 0.016577
37 0.924124 0.964228 0.008723 0.016594
37 0.096737 0.255399 0.008720 0.016593
37 0.098112 0.401029 0.008722 0.016591
37 0.098566 0.544420 0.008725 0.016602
37 0.100875 0.754634 0.008725 0.016574
21 0.717231 0.722728 0.024720 0.042654