32 0.170407 0.468750 0.026648 0.059211
32 0.291725 0.847862 0.028050 0.057566
18 0.427770 0.652961 0.042076 0.075658
14 0.185133 0.712993 0.042076 0.077303
18 0.477560 0.217928 0.040673 0.074013
32 0.462833 0.056743 0.028050 0.050987
21 0.672511 0.676809 0.029453 0.027961
14 0.427069 0.439967 0.040673 0.074013
18 0.778401 0.642270 0.039271 0.077303
21 0.874474 0.535362 0.026648 0.027961
14 0.275596 0.712993 0.037868 0.077303
32 0.442496 0.516447 0.026648 0.055921
28 0.673212 0.074013 0.025245 0.013158
28 0.370968 0.581414 0.026648 0.014803
14 0.718794 0.393092 0.040673 0.075658
18 0.567321 0.217105 0.037868 0.075658
32 0.171108 0.575658 0.025245 0.059211
32 0.396213 0.711349 0.046283 0.031250
32 0.734923 0.837171 0.028050 0.055921
32 0.291725 0.574836 0.025245 0.054276
32 0.733520 0.470395 0.025245 0.055921
18 0.528050 0.712171 0.040673 0.078947
6 0.154278 0.334704 0.042076 0.077303
32 0.582749 0.056743 0.026648 0.050987
14 0.290590 0.372840 0.068373 0.054044
37 0.975025 0.027995 0.010136 0.013778
37 0.024725 0.332504 0.010138 0.013773
37 0.972690 0.982076 0.010144 0.013775