18 0.642341 0.114815 0.039017 0.106173
32 0.505780 0.150617 0.017341 0.064198
14 0.303468 0.332099 0.040462 0.101235
14 0.111994 0.685185 0.044798 0.106173
32 0.379335 0.907407 0.018786 0.066667
32 0.833092 0.888889 0.018786 0.064198
14 0.394509 0.770370 0.043353 0.103704
28 0.238439 0.570370 0.017341 0.059259
14 0.489884 0.770370 0.040462 0.103704
32 0.289017 0.171605 0.020231 0.066667
32 0.096821 0.908642 0.020231 0.069136
14 0.303468 0.687654 0.043353 0.106173
14 0.550578 0.409877 0.037572 0.103704
32 0.754335 0.461728 0.017341 0.064198
14 0.611994 0.654321 0.039017 0.108642
32 0.754335 0.341975 0.017341 0.066667
32 0.288295 0.907407 0.018786 0.066667
28 0.424855 0.570370 0.017341 0.059259
14 0.643064 0.507407 0.040462 0.101235
37 0.898121 0.025926 0.013006 0.022222
14 0.053468 0.570370 0.040462 0.103704
18 0.551301 0.229630 0.039017 0.103704
14 0.200145 0.458025 0.041908 0.101235
14 0.395231 0.334568 0.039017 0.101235
18 0.769509 0.775309 0.041908 0.108642
32 0.754335 0.597531 0.017341 0.064198
32 0.833092 0.597531 0.018786 0.069136
37 0.892880 0.975641 0.012999 0.022244