32 0.315671 0.075804 0.018038 0.041348
29 0.899662 0.171516 0.029312 0.024502
32 0.447012 0.448698 0.016911 0.039816
18 0.447012 0.526799 0.046223 0.064319
32 0.535513 0.831547 0.018038 0.045942
8 0.899098 0.093415 0.030440 0.042879
32 0.535513 0.076570 0.018038 0.045942
14 0.212514 0.395865 0.048478 0.062787
32 0.086246 0.395100 0.030440 0.024502
32 0.948140 0.643185 0.018038 0.045942
32 0.705186 0.488515 0.032694 0.024502
32 0.585682 0.609495 0.032694 0.024502
18 0.662909 0.723583 0.027057 0.059724
18 0.220970 0.770291 0.031567 0.064319
32 0.377678 0.627106 0.018038 0.047473
32 0.213641 0.474732 0.016911 0.039816
12 0.020293 0.643951 0.029312 0.041348
32 0.779594 0.294028 0.030440 0.024502
18 0.525366 0.163093 0.027057 0.059724
29 0.872041 0.813936 0.028185 0.022971
32 0.778467 0.631700 0.030440 0.029096
18 0.732244 0.677642 0.028185 0.059724
29 0.020857 0.712098 0.030440 0.024502
32 0.640924 0.535988 0.030440 0.021440
32 0.213078 0.867534 0.020293 0.047473
32 0.315671 0.442573 0.018038 0.052067
28 0.613303 0.581930 0.015784 0.009188
32 0.447012 0.866769 0.019166 0.042879
29 0.947576 0.685299 0.025930 0.022971
14 0.525366 0.751149 0.029312 0.059724
32 0.741263 0.356049 0.016911 0.044410
18 0.443067 0.117152 0.029312 0.059724
12 0.020293 0.558959 0.029312 0.039816
18 0.820744 0.630168 0.027057 0.059724
32 0.831454 0.383614 0.019166 0.044410
14 0.545096 0.537519 0.028185 0.058193
18 0.325817 0.393568 0.029312 0.052067
8 0.899662 0.830781 0.029312 0.041348
18 0.299887 0.826187 0.029312 0.062787
32 0.673055 0.336141 0.018038 0.044410
18 0.820180 0.294793 0.028185 0.059724
18 0.731680 0.247320 0.029312 0.059724
32 0.534949 0.448698 0.016911 0.039816
32 0.607666 0.395865 0.031567 0.022971
32 0.671928 0.588821 0.018038 0.044410
18 0.663472 0.209801 0.028185 0.061256
18 0.306088 0.193721 0.028185 0.062787
32 0.406990 0.311639 0.031567 0.026034
32 0.579481 0.246554 0.031567 0.024502
32 0.213078 0.074273 0.018038 0.041348
32 0.586809 0.694487 0.032694 0.026034
18 0.456595 0.795559 0.027057 0.062787
18 0.222661 0.147014 0.025930 0.058193
32 0.830891 0.523737 0.018038 0.045942