37 0.075000 0.487879 0.050000 0.042424
14 0.625000 0.790909 0.021875 0.078788
28 0.447656 0.277273 0.029687 0.033333
35 0.366406 0.581818 0.017188 0.084848
35 0.172656 0.583333 0.020313 0.081818
35 0.409375 0.489394 0.043750 0.039394
18 0.735938 0.633333 0.021875 0.078788
28 0.366406 0.660606 0.029687 0.030303
37 0.910156 0.489394 0.051562 0.039394
29 0.860938 0.843939 0.040625 0.033333
35 0.674219 0.116667 0.020313 0.081818
29 0.366406 0.710606 0.035937 0.027273
28 0.481250 0.634848 0.012500 0.051515
29 0.578906 0.710606 0.039062 0.027273
18 0.246875 0.490909 0.025000 0.084848
14 0.519531 0.756061 0.023438 0.081818
35 0.743750 0.857576 0.018750 0.084848
37 0.911719 0.924242 0.051562 0.042424
35 0.528906 0.233333 0.020313 0.084848
35 0.527344 0.116667 0.017188 0.081818
35 0.284375 0.146970 0.021875 0.087879
35 0.744531 0.542424 0.017188 0.078788
28 0.860156 0.701515 0.029687 0.027273
37 0.911719 0.063636 0.051562 0.042424
35 0.674219 0.540909 0.020313 0.081818
18 0.735938 0.210606 0.021875 0.081818
35 0.860938 0.583333 0.018750 0.081818
35 0.744531 0.118182 0.017188 0.078788
18 0.246875 0.490909 0.025000 0.084848
28 0.136719 0.489394 0.014063 0.051515
29 0.172656 0.710606 0.039062 0.027273
14 0.665625 0.718182 0.025000 0.078788
18 0.785937 0.210606 0.021875 0.081818
35 0.616406 0.630303 0.020313 0.084848
14 0.665625 0.295455 0.021875 0.081818
18 0.785937 0.634848 0.021875 0.081818
18 0.324219 0.489394 0.023438 0.081818
35 0.207081 0.489293 0.043746 0.039405
35 0.793880 0.540294 0.018758 0.081833
35 0.794191 0.115800 0.017188 0.078788
35 0.284567 0.925139 0.043747 0.039411