35 0.626831 0.471931 0.020046 0.089439
35 0.125289 0.289724 0.020817 0.092293
35 0.207594 0.830162 0.018890 0.090390
35 0.704125 0.145100 0.020432 0.094196
28 0.831534 0.174120 0.021588 0.032350
35 0.125867 0.830162 0.020432 0.090390
29 0.125675 0.950523 0.023901 0.020932
28 0.243254 0.207422 0.015420 0.053283
14 0.196608 0.520932 0.053971 0.130352
35 0.515420 0.747859 0.037008 0.047574
29 0.833032 0.256446 0.020049 0.019982
35 0.626446 0.829686 0.020046 0.091342
28 0.040093 0.521884 0.012336 0.054234
14 0.748265 0.229305 0.053200 0.133206
35 0.378566 0.749286 0.036237 0.048525
35 0.242097 0.060894 0.038551 0.043768
29 0.626831 0.950523 0.024672 0.020932
35 0.462028 0.459562 0.018890 0.089439
35 0.273323 0.748811 0.037008 0.049477
35 0.093099 0.520932 0.036623 0.048525
14 0.692945 0.599429 0.052814 0.131304
29 0.931766 0.950999 0.024672 0.021884
28 0.593678 0.598953 0.013878 0.054234
28 0.325366 0.745480 0.012336 0.052331
29 0.207787 0.950999 0.022359 0.019981
35 0.759445 0.830162 0.019275 0.090390
28 0.441981 0.208849 0.009638 0.052331
28 0.462606 0.652236 0.023130 0.023787
28 0.798959 0.331589 0.014264 0.052331
37 0.898052 0.619814 0.011180 0.032343
37 0.970117 0.060338 0.011179 0.032349
29 0.757195 0.949672 0.024670 0.021885
29 0.703476 0.949674 0.024674 0.021881
37 0.973934 0.661698 0.011176 0.032352
37 0.307222 0.825172 0.011182 0.032346
35 0.514781 0.331908 0.038550 0.043768
29 0.275676 0.205902 0.013186 0.055563
35 0.378748 0.335276 0.038553 0.043762
37 0.022783 0.519560 0.011179 0.032348