28 0.854464 0.327189 0.016071 0.082949
28 0.059821 0.274194 0.016071 0.087558
35 0.907143 0.661290 0.021429 0.133641
28 0.406250 0.714286 0.016071 0.092166
28 0.200000 0.663594 0.032143 0.055300
37 0.960714 0.052995 0.071429 0.069124
35 0.094643 0.663594 0.021429 0.129032
35 0.093750 0.168203 0.019643 0.124424
37 0.150000 0.937788 0.071429 0.069124
35 0.241964 0.661290 0.019643 0.124424
28 0.243750 0.822581 0.033929 0.050691
28 0.543750 0.820276 0.033929 0.055300
28 0.820536 0.633641 0.033929 0.041475
37 0.961607 0.329493 0.069643 0.069124
23 0.647321 0.327189 0.098214 0.239631
37 0.015179 0.274194 0.012500 0.032258
35 0.244643 0.271889 0.050000 0.055300
37 0.961607 0.937788 0.069643 0.069124
35 0.200000 0.440092 0.021429 0.124424
35 0.543750 0.658986 0.019643 0.129032
37 0.016071 0.937788 0.014286 0.041475
35 0.456250 0.714286 0.048214 0.055300
23 0.371429 0.331797 0.096429 0.239631
35 0.414760 0.553901 0.048206 0.055291
35 0.673543 0.551082 0.048212 0.055288
35 0.780550 0.324217 0.048217 0.055272