4 0.424309 0.849258 0.050946 0.080697
0 0.528142 0.355391 0.048035 0.080697
29 0.859049 0.887024 0.045124 0.030988
37 0.780446 0.280181 0.023775 0.033570
29 0.443474 0.973531 0.044639 0.030988
0 0.053615 0.124274 0.049005 0.081988
37 0.228287 0.654939 0.023775 0.032924
37 0.891072 0.453196 0.025716 0.036152
0 0.676856 0.356359 0.048520 0.081343
4 0.053615 0.760813 0.049976 0.083280
4 0.588064 0.654616 0.050461 0.082634
36 0.741388 0.280181 0.018438 0.037444
0 0.365114 0.354422 0.049005 0.081343
29 0.033721 0.884764 0.043183 0.030342
37 0.927462 0.049709 0.024745 0.033570
4 0.839156 0.762105 0.049005 0.081988
0 0.838913 0.125242 0.049491 0.081343
0 0.216642 0.355068 0.050946 0.081343
37 0.347889 0.849903 0.023290 0.032924
4 0.304706 0.654616 0.049491 0.082634
37 0.131490 0.356682 0.023290 0.034216
37 0.667637 0.655261 0.024260 0.033570