6 0.318956 0.402669 0.043663 0.083203
36 0.797125 0.682104 0.015974 0.017268
37 0.035144 0.533752 0.017039 0.025118
36 0.634718 0.682104 0.017039 0.017268
4 0.211395 0.729984 0.045793 0.084772
32 0.191161 0.616170 0.035144 0.095761
0 0.438232 0.140502 0.043663 0.083203
36 0.457401 0.332025 0.015974 0.017268
0 0.881257 0.467033 0.043663 0.083203
36 0.635783 0.246468 0.017039 0.018838
6 0.319489 0.773155 0.044728 0.083203
36 0.339191 0.333595 0.015974 0.017268
36 0.191693 0.137363 0.017039 0.020408
36 0.338658 0.878336 0.017039 0.017268
36 0.339191 0.136578 0.018104 0.018838
37 0.709265 0.402669 0.017039 0.026688
36 0.798190 0.137363 0.018104 0.020408
37 0.264643 0.773155 0.015974 0.026688
36 0.634718 0.137363 0.017039 0.017268
0 0.534611 0.140502 0.044728 0.083203
4 0.438232 0.883046 0.043663 0.086342
36 0.635250 0.879121 0.018104 0.018838
0 0.535676 0.576923 0.044728 0.083203
36 0.516507 0.332810 0.014909 0.015699
36 0.457934 0.246468 0.017039 0.018838
36 0.191693 0.333595 0.017039 0.017268
6 0.653887 0.401884 0.044728 0.084772
0 0.091587 0.336735 0.044728 0.083203
4 0.091587 0.598116 0.044728 0.087912
4 0.534611 0.882261 0.042599 0.084772
36 0.516507 0.770801 0.014909 0.015699
36 0.517039 0.246468 0.018104 0.018838
0 0.777955 0.336735 0.043663 0.083203
0 0.091587 0.139717 0.044728 0.084772
36 0.457401 0.770801 0.015974 0.015699
36 0.635250 0.333595 0.015974 0.017268
4 0.437700 0.403454 0.042599 0.084772
36 0.797657 0.878336 0.017039 0.017268
2 0.815229 0.249608 0.045793 0.084772
4 0.172524 0.817111 0.042599 0.083203
30 0.516507 0.076923 0.023429 0.015699
36 0.515974 0.682104 0.015974 0.017268
4 0.777423 0.774725 0.042599 0.083203
37 0.264643 0.402669 0.015974 0.026688
0 0.209798 0.249608 0.044728 0.081633
0 0.357827 0.576923 0.044728 0.083203
36 0.339191 0.682104 0.015974 0.017268
0 0.437167 0.577708 0.043663 0.081633
4 0.090522 0.883046 0.044728 0.086342
37 0.938232 0.534537 0.017039 0.026688
0 0.615548 0.576923 0.044728 0.083203
4 0.881789 0.883830 0.044728 0.084772
36 0.457401 0.682104 0.015974 0.017268
0 0.882322 0.140502 0.045793 0.083203
36 0.339191 0.246468 0.018104 0.018838
32 0.797125 0.448980 0.035144 0.094192
6 0.616081 0.775510 0.043663 0.084772
4 0.881789 0.686028 0.044728 0.084772
4 0.535144 0.403454 0.043663 0.084772
36 0.191161 0.878336 0.015974 0.017268
30 0.337041 0.076474 0.023430 0.015707
30 0.456166 0.075769 0.023428 0.015710
30 0.636300 0.078641 0.023428 0.015694
30 0.797397 0.075766 0.023431 0.015691
30 0.192050 0.074325 0.023427 0.015698
36 0.484435 0.487531 0.020919 0.024634