0 0.831250 0.210069 0.067500 0.114583
30 0.496250 0.062500 0.087500 0.020833
4 0.158750 0.753472 0.067500 0.118056
0 0.160000 0.210069 0.065000 0.114583
29 0.497500 0.954861 0.065000 0.048611
37 0.496250 0.288194 0.022500 0.027778
4 0.833750 0.753472 0.067500 0.118056
37 0.063750 0.748264 0.017500 0.024306
0 0.431250 0.444444 0.067500 0.118056
37 0.928750 0.447917 0.017500 0.027778
35 0.695000 0.779514 0.035000 0.114583
35 0.296250 0.776042 0.032500 0.114583
0 0.271250 0.444444 0.067500 0.111111
37 0.928750 0.748264 0.017500 0.024306
0 0.721250 0.444444 0.067500 0.111111
37 0.063750 0.447917 0.017500 0.027778
0 0.558750 0.446181 0.067500 0.114583
0 0.154686 0.446364 0.067504 0.111105
0 0.831694 0.443280 0.067498 0.111102