37 0.643478 0.536170 0.014493 0.021277
0 0.592754 0.278723 0.052174 0.106383
4 0.316667 0.535106 0.053623 0.104255
0 0.829710 0.276596 0.050725 0.106383
37 0.914493 0.519149 0.014493 0.021277
0 0.080435 0.279787 0.050725 0.104255
12 0.459420 0.769149 0.043478 0.065957
4 0.593478 0.535106 0.050725 0.104255
0 0.316667 0.278723 0.050725 0.102128
29 0.459420 0.923404 0.037681 0.034043
4 0.073913 0.774468 0.060870 0.102128
37 0.259420 0.536170 0.014493 0.021277
4 0.829710 0.775532 0.053623 0.104255
37 0.456482 0.091486 0.033930 0.043591