4 0.556034 0.801064 0.060345 0.121277
29 0.084052 0.914894 0.038793 0.038298
4 0.264368 0.801064 0.057471 0.121277
30 0.084052 0.110638 0.047414 0.034043
37 0.917385 0.530851 0.018678 0.027660
29 0.288075 0.914894 0.038793 0.038298
0 0.264368 0.529787 0.063218 0.119149
29 0.640805 0.914894 0.040230 0.038298
30 0.848420 0.110638 0.047414 0.034043
4 0.372126 0.801064 0.057471 0.121277
0 0.436782 0.129787 0.054598 0.114894
37 0.364224 0.130851 0.018678 0.031915
37 0.464799 0.717021 0.024425 0.029787
37 0.740661 0.531915 0.021552 0.029787
0 0.110632 0.226596 0.057471 0.117021
29 0.347701 0.915957 0.037356 0.036170
4 0.664511 0.802128 0.056034 0.119149
37 0.188937 0.531915 0.018678 0.029787
4 0.823994 0.802128 0.058908 0.119149
29 0.582615 0.914894 0.038793 0.038298
30 0.464080 0.015957 0.043103 0.031915
29 0.847701 0.914894 0.040230 0.038298
0 0.822557 0.225532 0.061782 0.119149
4 0.108477 0.801064 0.058908 0.121277
0 0.664511 0.529787 0.061782 0.119149
37 0.365661 0.313830 0.018678 0.031915
0 0.438218 0.312766 0.060345 0.119149