28 0.536815 0.340768 0.073630 0.019710
0 0.553112 0.497914 0.075337 0.048755
37 0.664384 0.122925 0.027397 0.015560
37 0.148973 0.255705 0.027397 0.015560
0 0.539384 0.897303 0.078767 0.051867
37 0.863870 0.786826 0.025685 0.017635
37 0.765411 0.255705 0.041096 0.017635
37 0.861301 0.215768 0.027397 0.016598
37 0.596747 0.872925 0.015411 0.011411
37 0.146404 0.390041 0.029110 0.014523
37 0.134418 0.651971 0.029110 0.015560
0 0.241438 0.294606 0.078767 0.043568
29 0.433219 0.457988 0.023973 0.011411
28 0.522260 0.737033 0.075342 0.021784
37 0.752568 0.655083 0.042808 0.017635
37 0.863014 0.390560 0.023973 0.015560
0 0.430651 0.099585 0.077055 0.053942
29 0.418664 0.854772 0.022260 0.010373
37 0.559075 0.046680 0.025685 0.016598
37 0.135274 0.786826 0.027397 0.017635
37 0.333048 0.123444 0.029110 0.016598
0 0.764555 0.366183 0.073630 0.053942
37 0.862158 0.938278 0.029110 0.017635
7 0.228596 0.690871 0.077055 0.043568
0 0.230308 0.690871 0.077055 0.043568
0 0.751712 0.764523 0.075342 0.053942
37 0.863014 0.610996 0.027397 0.016598
37 0.863870 0.541494 0.025685 0.016598
37 0.427853 0.045519 0.025684 0.016596
0 0.554359 0.103396 0.077063 0.053950
0 0.709277 0.269707 0.077062 0.053938
0 0.583620 0.272304 0.077051 0.053944
0 0.427857 0.356250 0.077056 0.053933
4 0.428708 0.419863 0.077055 0.053942
0 0.315107 0.369279 0.077055 0.053943
29 0.589700 0.230910 0.023978 0.011410
0 0.581342 0.666414 0.075352 0.053938
0 0.694939 0.666415 0.075336 0.053940
0 0.422136 0.752964 0.075339 0.053941
0 0.298213 0.765475 0.075346 0.053944
4 0.417667 0.817080 0.077062 0.053937
29 0.574536 0.626933 0.022257 0.010379