0 0.122348 0.218750 0.058333 0.076172
12 0.238636 0.732422 0.065152 0.083984
4 0.074621 0.507324 0.058333 0.065430
0 0.541288 0.205078 0.056818 0.072266
37 0.980682 0.537109 0.017424 0.023438
4 0.401894 0.510254 0.058333 0.071289
0 0.706439 0.207031 0.058333 0.074219
4 0.493182 0.404297 0.057576 0.070312
12 0.922727 0.208496 0.066667 0.084961
4 0.754545 0.438477 0.057576 0.072266
12 0.729924 0.730957 0.064394 0.081055
0 0.353409 0.219727 0.058333 0.072266
4 0.899242 0.437500 0.059091 0.070312
29 0.030682 0.568359 0.059848 0.031250
37 0.575758 0.508301 0.018182 0.022461
37 0.664773 0.538574 0.017424 0.024414
4 0.898864 0.721191 0.059848 0.075195
12 0.517424 0.732910 0.065152 0.081055