23 0.333209 0.283987 0.072307 0.122222
32 0.636228 0.743791 0.054417 0.037908
32 0.469624 0.743791 0.053671 0.035294
32 0.334886 0.520261 0.054044 0.039216
32 0.470183 0.283333 0.052553 0.035948
32 0.636601 0.283660 0.052926 0.037908
30 0.332277 0.633660 0.026463 0.013725
23 0.833209 0.479412 0.071934 0.122222
29 0.247111 0.404248 0.032054 0.026797
29 0.835632 0.598039 0.032054 0.027451
21 0.090943 0.506209 0.031308 0.041176
30 0.835073 0.371569 0.021990 0.013725
32 0.334700 0.060131 0.052926 0.039216
29 0.334327 0.864379 0.032054 0.029412
23 0.642564 0.508170 0.071562 0.123529
29 0.334327 0.403268 0.032054 0.027451
23 0.332464 0.745425 0.072307 0.123529
30 0.333209 0.175163 0.024599 0.010458
29 0.246739 0.864706 0.031308 0.027451
29 0.645173 0.611111 0.032054 0.026144
29 0.700708 0.864706 0.032054 0.026144
37 0.980060 0.481046 0.035408 0.037908