36 0.437988 0.698568 0.014648 0.024740
14 0.852539 0.664714 0.050781 0.113281
12 0.169434 0.601562 0.053711 0.070312
32 0.871094 0.150391 0.031250 0.082031
32 0.871094 0.795573 0.029297 0.080729
32 0.291016 0.796224 0.029297 0.079427
36 0.556152 0.180339 0.018555 0.019531
32 0.677246 0.279948 0.061523 0.041667
32 0.291504 0.440755 0.028320 0.082031
29 0.727051 0.479167 0.045898 0.036458
28 0.799805 0.408854 0.021484 0.072917
36 0.390137 0.698568 0.014648 0.024740
36 0.414551 0.376953 0.014648 0.024740
36 0.559570 0.795573 0.011719 0.023438
36 0.414551 0.311849 0.012695 0.024740
32 0.291016 0.182943 0.031250 0.082031
12 0.169434 0.344401 0.055664 0.071615
23 0.552246 0.666016 0.131836 0.170573
18 0.852051 0.281901 0.049805 0.110677
23 0.554199 0.280599 0.135742 0.170573
37 0.073730 0.542969 0.045898 0.036458