14 0.303468 0.537924 0.031792 0.073852
14 0.718208 0.322355 0.031792 0.073852
14 0.212428 0.248503 0.031792 0.073852
14 0.304191 0.682635 0.033237 0.075848
29 0.800578 0.613772 0.031792 0.025948
14 0.562861 0.324351 0.033237 0.073852
32 0.816474 0.354291 0.037572 0.021956
14 0.213150 0.541916 0.033237 0.077844
29 0.854046 0.450100 0.026012 0.025948
32 0.226879 0.773453 0.017341 0.053892
37 0.401012 0.541916 0.015896 0.021956
32 0.659682 0.117764 0.015896 0.051896
29 0.257948 0.239521 0.027457 0.023952
14 0.517341 0.539920 0.034682 0.081836
25 0.826590 0.238523 0.072254 0.109780
32 0.293353 0.771457 0.017341 0.053892
14 0.213873 0.682635 0.031792 0.079840
14 0.697254 0.539920 0.030347 0.069860
14 0.651734 0.323353 0.028902 0.071856
37 0.097543 0.542914 0.015896 0.019960
32 0.528179 0.770459 0.015896 0.055888
14 0.697977 0.679641 0.031792 0.073852
32 0.686416 0.769461 0.017341 0.053892
37 0.907514 0.241517 0.014451 0.019960
14 0.516618 0.678643 0.030347 0.075848
14 0.492775 0.325349 0.037572 0.079840
32 0.609104 0.604790 0.039017 0.023952
32 0.706647 0.116766 0.017341 0.053892
32 0.259393 0.605788 0.039017 0.025948
32 0.822977 0.151697 0.039017 0.023952
14 0.302746 0.246507 0.036127 0.073852
29 0.336705 0.631737 0.026012 0.025948
32 0.256503 0.195609 0.015896 0.051896
37 0.752504 0.774402 0.015891 0.019971
21 0.255768 0.115521 0.035330 0.039049
37 0.754143 0.721085 0.015900 0.019968