14 0.805618 0.752941 0.038202 0.064706
37 0.288764 0.445588 0.015730 0.020588
32 0.662921 0.445588 0.044944 0.026471
32 0.234831 0.120588 0.020225 0.052941
32 0.666292 0.383824 0.047191 0.026471
32 0.233708 0.838235 0.017978 0.058824
32 0.147191 0.555882 0.020225 0.058824
32 0.565169 0.122059 0.020225 0.055882
14 0.696629 0.239706 0.040449 0.061765
37 0.877528 0.064706 0.015730 0.023529
37 0.877528 0.480882 0.015730 0.020588
32 0.148315 0.120588 0.017978 0.058824
32 0.513483 0.838235 0.020225 0.058824
32 0.738202 0.839706 0.020225 0.061765
14 0.251685 0.445588 0.040449 0.061765
6 0.130337 0.755882 0.040449 0.064706
37 0.877528 0.892647 0.015730 0.020588
14 0.582022 0.297059 0.040449 0.064706
32 0.471910 0.122059 0.017978 0.055882
37 0.877528 0.386765 0.015730 0.020588
37 0.093258 0.616176 0.015730 0.020588
37 0.093258 0.442647 0.015730 0.020588
14 0.132584 0.442647 0.040449 0.061765
32 0.146067 0.835294 0.017978 0.058824
32 0.234831 0.558824 0.020225 0.058824
32 0.820225 0.838235 0.017978 0.058824
14 0.455056 0.297059 0.042697 0.064706
32 0.349438 0.122059 0.020225 0.055882
37 0.288764 0.616176 0.015730 0.020588
37 0.093258 0.500000 0.015730 0.023529
32 0.348315 0.838235 0.017978 0.058824
14 0.803371 0.179412 0.042697 0.064706
6 0.365584 0.760228 0.040442 0.064699
6 0.252715 0.757510 0.040446 0.064690
37 0.287675 0.502402 0.015736 0.020591
6 0.719375 0.756632 0.040442 0.064731
6 0.495693 0.759331 0.040441 0.064706