37 0.088757 0.346600 0.011834 0.016584
32 0.885799 0.417081 0.020118 0.061360
14 0.324852 0.691542 0.046154 0.099502
28 0.797633 0.540630 0.035503 0.023217
14 0.159172 0.420398 0.046154 0.097844
37 0.086982 0.026534 0.008284 0.013267
14 0.237870 0.421227 0.047337 0.096186
25 0.728402 0.354892 0.072189 0.106136
14 0.447337 0.694859 0.042604 0.096186
18 0.444970 0.283582 0.042604 0.096186
32 0.610651 0.821725 0.044970 0.028192
25 0.727811 0.613599 0.073373 0.106136
12 0.306509 0.103648 0.037870 0.077944
28 0.812426 0.410448 0.039053 0.024876
23 0.612426 0.509950 0.072189 0.104478
32 0.708876 0.795191 0.047337 0.028192
12 0.510059 0.238806 0.037870 0.076285
18 0.324260 0.284411 0.044970 0.097844
12 0.197041 0.550580 0.039053 0.082919
32 0.886982 0.547264 0.020118 0.063018
37 0.087574 0.418740 0.011834 0.018242
12 0.462130 0.103648 0.036686 0.077944
37 0.087574 0.793532 0.009467 0.011609
21 0.509672 0.072955 0.030801 0.040058
37 0.663926 0.890737 0.008278 0.013266
21 0.511676 0.134265 0.030802 0.040042
37 0.771069 0.753358 0.008282 0.013270
37 0.911204 0.356125 0.008279 0.013256
37 0.561625 0.863395 0.008287 0.013264
37 0.911851 0.613790 0.008278 0.013255