30 0.884000 0.258219 0.042000 0.026027
14 0.467500 0.815753 0.037000 0.069863
37 0.058500 0.104795 0.009000 0.012329
0 0.560500 0.154795 0.047000 0.084932
14 0.278000 0.814384 0.038000 0.069863
32 0.454500 0.435616 0.025000 0.065753
29 0.454000 0.961644 0.042000 0.032877
2 0.434000 0.156849 0.050000 0.086301
37 0.059000 0.203425 0.010000 0.015068
32 0.883500 0.865068 0.023000 0.058904
37 0.363000 0.545890 0.010000 0.020548
23 0.187000 0.156164 0.132000 0.208219
30 0.972500 0.260274 0.041000 0.027397
0 0.955000 0.350000 0.048000 0.083562
32 0.292500 0.447945 0.025000 0.065753
30 0.454000 0.063014 0.042000 0.027397
30 0.579500 0.063699 0.043000 0.028767
32 0.454000 0.642466 0.024000 0.063014
23 0.736500 0.351370 0.131000 0.209589
32 0.883000 0.641781 0.024000 0.061644
32 0.883500 0.765068 0.023000 0.061644
37 0.937500 0.692466 0.009000 0.012329
2 0.863500 0.350685 0.049000 0.084932
37 0.936674 0.816551 0.010003 0.020552
37 0.524716 0.545208 0.010003 0.020548