23 0.705008 0.530295 0.168474 0.176988
21 0.404891 0.731858 0.041667 0.044248
32 0.584239 0.190265 0.045290 0.069027
37 0.134058 0.772566 0.021739 0.023009
12 0.404891 0.592920 0.077899 0.074336
32 0.511775 0.189381 0.041667 0.067257
14 0.492754 0.693805 0.054348 0.088496
37 0.134964 0.266372 0.023551 0.023009
12 0.548007 0.832743 0.081522 0.076106
14 0.602355 0.695575 0.052536 0.088496
21 0.338768 0.733628 0.043478 0.044248
32 0.583333 0.414159 0.043478 0.070796
32 0.511775 0.414159 0.041667 0.070796
12 0.262681 0.592920 0.076087 0.074336
37 0.832428 0.530088 0.023551 0.023009
37 0.832428 0.897345 0.023551 0.021239
37 0.832428 0.112389 0.023551 0.023009
37 0.134964 0.693805 0.023551 0.024779
37 0.134964 0.336283 0.023551 0.021239