28 0.718677 0.533397 0.022042 0.112595
32 0.893852 0.626908 0.033643 0.116412
28 0.226218 0.674618 0.020882 0.108779
32 0.371810 0.580153 0.033643 0.114504
12 0.864269 0.291031 0.062645 0.101145
8 0.081598 0.772222 0.062650 0.103063
29 0.516610 0.823873 0.050276 0.048643
28 0.544484 0.289471 0.064350 0.041292
29 0.080777 0.921464 0.050272 0.048649
31 0.690515 0.285995 0.038774 0.138387
29 0.864447 0.442458 0.050282 0.048672
29 0.893627 0.775570 0.050284 0.048640
14 0.494697 0.670561 0.055850 0.165756