32 0.506342 0.627835 0.031712 0.080412
32 0.507400 0.440206 0.033827 0.080412
37 0.083510 0.273196 0.019027 0.018557
28 0.191332 0.274227 0.027484 0.057732
23 0.377378 0.259794 0.095137 0.103093
29 0.859408 0.723711 0.073996 0.037113
32 0.268499 0.352577 0.029598 0.082474
18 0.727273 0.704124 0.046512 0.076289
37 0.929175 0.127835 0.019027 0.020619
29 0.268499 0.475258 0.080338 0.039175
32 0.183932 0.062887 0.084567 0.035052
37 0.930233 0.457732 0.021142 0.020619
32 0.742072 0.369072 0.033827 0.082474
29 0.116279 0.139175 0.076110 0.039175
37 0.082452 0.422680 0.021142 0.020619
32 0.506342 0.334021 0.031712 0.082474
14 0.641649 0.522680 0.044397 0.072165
37 0.928118 0.604124 0.021142 0.020619
32 0.743129 0.562887 0.031712 0.082474
32 0.501057 0.060825 0.084567 0.030928
32 0.506342 0.879381 0.031712 0.080412
14 0.727273 0.258763 0.046512 0.072165
37 0.912262 0.952577 0.019027 0.020619