28 0.732218 0.563750 0.025105 0.067500
37 0.116109 0.576250 0.014644 0.017500
29 0.757322 0.980000 0.041841 0.030000
29 0.653766 0.878750 0.039749 0.027500
29 0.210251 0.363750 0.039749 0.027500
21 0.756276 0.810000 0.039749 0.050000
14 0.574268 0.416250 0.069038 0.082500
28 0.653766 0.821250 0.056485 0.027500
32 0.217573 0.147500 0.025105 0.060000
28 0.843096 0.862500 0.025105 0.065000
37 0.609833 0.761250 0.014644 0.017500
14 0.457113 0.575000 0.069038 0.080000
21 0.756276 0.915000 0.039749 0.050000
37 0.210251 0.050000 0.018828 0.030000
32 0.216527 0.518750 0.023013 0.052500
28 0.903766 0.207500 0.054393 0.030000
29 0.360879 0.511250 0.043933 0.027500
28 0.361925 0.460000 0.054393 0.025000
31 0.770921 0.205000 0.039749 0.080000
28 0.162134 0.576250 0.023013 0.062500
29 0.210251 0.688750 0.043933 0.027500
32 0.482218 0.666250 0.023013 0.052500
32 0.368201 0.277500 0.025105 0.055000
32 0.216527 0.278750 0.023013 0.057500
32 0.217573 0.625000 0.025105 0.055000
37 0.209205 0.458750 0.020921 0.027500
32 0.682008 0.488750 0.025105 0.052500
32 0.684100 0.277500 0.025105 0.055000
29 0.476987 0.741250 0.041841 0.027500
14 0.456498 0.420086 0.069039 0.079987