32 0.089710 0.758290 0.100264 0.102967
14 0.840369 0.618674 0.071240 0.047120
14 0.738786 0.315009 0.073879 0.047120
32 0.241425 0.417103 0.097625 0.104712
32 0.225594 0.611693 0.166227 0.071553
32 0.449868 0.765271 0.102902 0.106457
30 0.857520 0.029668 0.031662 0.010471
29 0.939314 0.626527 0.073879 0.027923
32 0.448549 0.250436 0.094987 0.102967
32 0.093668 0.506108 0.092348 0.104712
28 0.608179 0.767888 0.071240 0.024433
21 0.447230 0.466841 0.034301 0.022688
32 0.443272 0.375218 0.100264 0.104712
32 0.447230 0.128272 0.097625 0.102967
29 0.857520 0.975567 0.036939 0.024433
32 0.091029 0.883072 0.097625 0.104712
37 0.939314 0.585515 0.021108 0.015707
14 0.841689 0.373473 0.073879 0.045375
28 0.217678 0.683246 0.039578 0.050611
37 0.940633 0.500873 0.023747 0.017452
28 0.241425 0.315881 0.071240 0.024433
32 0.584433 0.500873 0.155673 0.069808
28 0.546174 0.187609 0.036939 0.047120
37 0.242744 0.234321 0.021108 0.015709
37 0.238031 0.160497 0.021109 0.015715
21 0.447662 0.534353 0.034310 0.022684
18 0.737808 0.570315 0.075835 0.047120
14 0.433126 0.610864 0.071236 0.047120