38 0.501792 0.202817 0.103943 0.107042
38 0.724910 0.505634 0.098566 0.104225
29 0.226703 0.930986 0.080645 0.070423
11 0.816308 0.659155 0.094982 0.118310
37 0.060036 0.656338 0.034050 0.056338
38 0.499104 0.812676 0.102151 0.098592
37 0.060932 0.419718 0.032258 0.050704
37 0.481183 0.657746 0.034050 0.053521
29 0.767921 0.318310 0.080645 0.073239
28 0.586918 0.392958 0.098566 0.081690
38 0.317204 0.809859 0.100358 0.098592
38 0.676523 0.812676 0.098566 0.098592
28 0.587814 0.683099 0.096774 0.081690
29 0.817204 0.819718 0.078853 0.067606
38 0.320789 0.200000 0.100358 0.107042
29 0.227599 0.316901 0.078853 0.070423
38 0.680108 0.201408 0.105735 0.104225
37 0.482079 0.419718 0.032258 0.050704
23 0.254480 0.538028 0.265233 0.411268
29 0.769713 0.929577 0.077061 0.067606