4 0.631341 0.685841 0.041667 0.079646
8 0.788043 0.287611 0.039855 0.067847
28 0.555254 0.684366 0.027174 0.082596
32 0.270833 0.353982 0.027174 0.070796
0 0.414855 0.241888 0.043478 0.082596
8 0.079710 0.463127 0.065217 0.106195
32 0.432971 0.353982 0.028986 0.070796
28 0.338768 0.241888 0.025362 0.082596
32 0.270833 0.575221 0.027174 0.070796
37 0.057971 0.066372 0.032609 0.050147
32 0.651268 0.796460 0.027174 0.070796
32 0.650362 0.575221 0.028986 0.070796
8 0.868659 0.728614 0.038043 0.064897
37 0.053442 0.936578 0.038043 0.038348
32 0.433877 0.132743 0.027174 0.070796
28 0.174819 0.463127 0.027174 0.082596
0 0.252029 0.461376 0.043478 0.082592