29 0.665205 0.974194 0.055556 0.032258
28 0.099415 0.530645 0.035088 0.087097
32 0.673977 0.850000 0.032164 0.074194
31 0.529240 0.240323 0.040936 0.106452
32 0.024854 0.172581 0.032164 0.067742
32 0.549708 0.812903 0.035088 0.070968
37 0.750000 0.530645 0.014620 0.022581
28 0.301170 0.216129 0.076023 0.038710
28 0.533626 0.390323 0.078947 0.038710
28 0.726608 0.225806 0.073099 0.032258
37 0.750000 0.775806 0.020468 0.022581
32 0.184211 0.816129 0.035088 0.070968
31 0.181287 0.683871 0.058480 0.096774
29 0.176901 0.948387 0.055556 0.032258
31 0.827485 0.091935 0.087719 0.041935
29 0.726608 0.300000 0.055556 0.032258
31 0.172515 0.683871 0.040936 0.096774
28 0.476608 0.688710 0.035088 0.080645
32 0.023392 0.651613 0.035088 0.070968
28 0.301170 0.479032 0.076023 0.035484
12 0.634503 0.688710 0.093567 0.106452
37 0.917667 0.086874 0.034307 0.043232