32 0.485507 0.588164 0.028986 0.065217
32 0.483092 0.119565 0.028986 0.065217
18 0.380435 0.397343 0.050725 0.070048
36 0.562802 0.225845 0.024155 0.016908
37 0.085749 0.472222 0.016908 0.016908
32 0.318841 0.345411 0.028986 0.062802
18 0.721014 0.292271 0.050725 0.072464
32 0.700483 0.894928 0.028986 0.065217
7 0.506039 0.841787 0.079710 0.079710
21 0.838164 0.115942 0.033816 0.038647
14 0.543478 0.165459 0.053140 0.070048
36 0.560386 0.648551 0.014493 0.026570
32 0.701691 0.420290 0.031401 0.067633
32 0.647343 0.229469 0.062802 0.028986
37 0.733092 0.648551 0.016908 0.016908
37 0.863527 0.952899 0.016908 0.012077
14 0.260870 0.473430 0.057971 0.067633
32 0.357488 0.525362 0.062802 0.031401
18 0.543478 0.165459 0.053140 0.070048
32 0.485507 0.708937 0.028986 0.065217
28 0.778986 0.158213 0.036232 0.021739
32 0.400966 0.239130 0.028986 0.062802
21 0.839372 0.166667 0.036232 0.038647
18 0.464976 0.315217 0.050725 0.070048
32 0.283816 0.603865 0.031401 0.067633
37 0.637681 0.648551 0.014493 0.016908
32 0.838164 0.381643 0.028986 0.067633
29 0.787440 0.725845 0.072464 0.031401
37 0.907005 0.049517 0.016908 0.016908