32 0.504444 0.189655 0.031111 0.110345
32 0.232222 0.663793 0.033333 0.113793
32 0.676667 0.093103 0.073333 0.055172
29 0.504444 0.770690 0.026667 0.024138
37 0.045556 0.370690 0.011111 0.017241
32 0.094444 0.503448 0.037778 0.124138
32 0.231111 0.498276 0.035556 0.127586
32 0.902222 0.662069 0.035556 0.117241
28 0.598889 0.508621 0.046667 0.037931
29 0.753333 0.770690 0.026667 0.024138
28 0.848889 0.503448 0.026667 0.075862
32 0.504444 0.501724 0.035556 0.120690
32 0.304444 0.367241 0.075556 0.058621
29 0.600000 0.770690 0.026667 0.024138
28 0.162222 0.368966 0.022222 0.075862
29 0.230000 0.768966 0.028889 0.027586
28 0.390000 0.501724 0.046667 0.031034
29 0.094444 0.770690 0.028889 0.024138
29 0.901111 0.770690 0.028889 0.024138
12 0.467778 0.360345 0.064444 0.100000
29 0.390000 0.770690 0.028889 0.024138
32 0.753333 0.501724 0.035556 0.120690
37 0.766124 0.093638 0.011124 0.017275
37 0.935650 0.501775 0.011108 0.017232