32 0.540833 0.324074 0.041667 0.096708
32 0.818333 0.496914 0.040000 0.096708
18 0.568333 0.645062 0.070000 0.137860
28 0.819167 0.795267 0.041667 0.043210
32 0.628333 0.412551 0.083333 0.051440
37 0.126667 0.410494 0.046667 0.047325
32 0.057500 0.238683 0.041667 0.102881
32 0.541667 0.797325 0.043333 0.100823
32 0.888333 0.496914 0.040000 0.096708
14 0.568333 0.645062 0.070000 0.137860
32 0.680833 0.797325 0.041667 0.100823
28 0.055833 0.582305 0.041667 0.045267
14 0.724167 0.584362 0.068333 0.135802
32 0.540833 0.194444 0.041667 0.096708
37 0.975000 0.411523 0.046667 0.049383
37 0.408211 0.882753 0.018161 0.024723
37 0.957253 0.878444 0.018161 0.024713
37 0.102608 0.884916 0.018169 0.024714
28 0.439738 0.451407 0.041663 0.045279
37 0.541326 0.058980 0.046654 0.049378
37 0.054445 0.062208 0.046675 0.049374
37 0.011760 0.881239 0.018170 0.024714