4 0.392613 0.680712 0.068399 0.114232
0 0.104651 0.329588 0.064295 0.112360
4 0.103283 0.798689 0.067031 0.117978
36 0.419973 0.793071 0.024624 0.028090
28 0.847469 0.646067 0.072503 0.052434
0 0.318741 0.211610 0.065663 0.112360
29 0.421341 0.914794 0.049248 0.024345
37 0.184679 0.448502 0.024624 0.035581
37 0.314637 0.682584 0.024624 0.035581
0 0.524624 0.211610 0.067031 0.112360
4 0.735294 0.798689 0.067031 0.114232
37 0.886457 0.564607 0.024624 0.035581
37 0.658003 0.448502 0.024624 0.035581
0 0.734610 0.329588 0.065663 0.112360
4 0.579343 0.446629 0.067031 0.114232
29 0.846785 0.754682 0.057456 0.044944
4 0.264022 0.447566 0.065663 0.112360
30 0.549465 0.098271 0.042407 0.024530
30 0.290568 0.096206 0.042420 0.024547