29 0.491283 0.964486 0.033624 0.033645
28 0.541096 0.589720 0.033624 0.028037
28 0.125156 0.580374 0.018680 0.050467
28 0.217933 0.757944 0.034869 0.028037
8 0.043587 0.728972 0.052304 0.078505
28 0.610212 0.504673 0.017435 0.052336
32 0.392279 0.729907 0.024907 0.076636
32 0.043587 0.411215 0.024907 0.074766
14 0.382939 0.579439 0.028643 0.074766
32 0.739726 0.074766 0.049813 0.037383
28 0.392902 0.402804 0.033624 0.028037
29 0.803238 0.143925 0.032379 0.033645
28 0.827522 0.571963 0.033624 0.026168
32 0.217933 0.411215 0.024907 0.074766
28 0.952055 0.571963 0.051059 0.026168