29 0.239927 0.460317 0.043956 0.037037
32 0.674908 0.833333 0.038462 0.105820
37 0.074176 0.239418 0.042125 0.055556
32 0.553114 0.425926 0.069597 0.058201
18 0.650183 0.218254 0.065934 0.150794
29 0.141941 0.460317 0.042125 0.037037
32 0.385531 0.530423 0.038462 0.108466
29 0.513736 0.809524 0.042125 0.037037
37 0.948718 0.484127 0.040293 0.037037
12 0.141026 0.342593 0.069597 0.097884
32 0.240842 0.343915 0.042125 0.111111
28 0.900380 0.607906 0.072136 0.039239
37 0.781136 0.308201 0.060440 0.055556
28 0.900183 0.193122 0.075092 0.037037
21 0.577839 0.705026 0.038462 0.050265
32 0.827839 0.427249 0.073260 0.060847
32 0.513736 0.715608 0.038462 0.103175
14 0.649267 0.612434 0.064103 0.150794
32 0.577839 0.832011 0.038462 0.108466
29 0.383090 0.665229 0.042122 0.037053
23 0.445918 0.217618 0.071852 0.105956