32 0.330830 0.664815 0.015021 0.037037
32 0.701001 0.476389 0.012876 0.037963
32 0.130544 0.532407 0.026466 0.018519
32 0.221388 0.583796 0.012160 0.037963
32 0.513591 0.691204 0.011445 0.036111
32 0.659156 0.374537 0.012160 0.036111
32 0.805794 0.589352 0.012160 0.036111
32 0.473176 0.250000 0.016452 0.038889
28 0.433119 0.384259 0.019313 0.012963
28 0.492537 0.670636 0.017164 0.015742
28 0.454881 0.672846 0.017426 0.017592
32 0.621960 0.474537 0.012160 0.036111
32 0.221030 0.481019 0.012876 0.037963
32 0.638412 0.691667 0.012160 0.037037
32 0.108369 0.567593 0.012160 0.035185
32 0.746781 0.474537 0.011445 0.032407
32 0.726395 0.589815 0.012160 0.035185
37 0.043634 0.603704 0.010014 0.014815
32 0.472103 0.189352 0.014306 0.037963
32 0.600858 0.589815 0.011445 0.035185
32 0.872675 0.475926 0.011445 0.033333
32 0.115880 0.189815 0.012876 0.037037
32 0.763591 0.691667 0.012160 0.037037
37 0.907725 0.570833 0.010014 0.012037
32 0.283619 0.307870 0.013591 0.037963
32 0.329041 0.453241 0.012876 0.037963
32 0.492489 0.844444 0.013591 0.038889
32 0.852289 0.589815 0.010730 0.035185
32 0.492847 0.589352 0.012876 0.037963
29 0.116953 0.280556 0.012160 0.012963
32 0.329757 0.594444 0.012876 0.038889
32 0.680615 0.589352 0.012160 0.036111
29 0.109084 0.621759 0.012160 0.010185
32 0.283619 0.752315 0.013591 0.037963
32 0.575823 0.476852 0.011445 0.037037
32 0.471745 0.479630 0.013591 0.037037
32 0.555079 0.589352 0.012876 0.036111
32 0.534335 0.374074 0.012876 0.037037
32 0.785050 0.373611 0.012160 0.036111
32 0.826180 0.476389 0.012876 0.037963
3 0.549770 0.662255 0.017952 0.029862
3 0.674365 0.662708 0.017943 0.029875
3 0.797894 0.662109 0.017946 0.029870
7 0.820101 0.402513 0.015619 0.031691
7 0.695064 0.403263 0.015621 0.031675
7 0.568729 0.402959 0.015617 0.031681
28 0.283364 0.449678 0.018744 0.013038
28 0.249938 0.450770 0.018738 0.013040
28 0.250495 0.601024 0.018743 0.013040
28 0.284339 0.601027 0.018739 0.013038
28 0.471901 0.384731 0.018734 0.013023
37 0.907844 0.533188 0.010020 0.012042
29 0.876595 0.589339 0.012161 0.010183
21 0.178878 0.747564 0.021751 0.025660
21 0.180560 0.270541 0.021746 0.025656
21 0.115801 0.238002 0.021745 0.025647
21 0.435268 0.480124 0.021744 0.025651
21 0.392737 0.534551 0.021753 0.025642
21 0.432854 0.583355 0.021755 0.025659
37 0.042731 0.532051 0.010014 0.014813
37 0.888914 0.904932 0.010014 0.014818
37 0.889883 0.130407 0.010014 0.014815