29 0.719212 0.951258 0.098522 0.053459
32 0.204433 0.405660 0.054187 0.094340
29 0.862069 0.721698 0.098522 0.059748
32 0.273399 0.400943 0.054187 0.097484
40 0.204689 0.616352 0.192630 0.132075
23 0.524631 0.308176 0.241379 0.188679
32 0.719212 0.503145 0.059113 0.100629
29 0.201970 0.789308 0.098522 0.056604
32 0.133005 0.402516 0.049261 0.094340
12 0.862069 0.515723 0.128079 0.081761
32 0.721675 0.801887 0.064039 0.100629
32 0.135468 0.106918 0.054187 0.094340
37 0.022948 0.010275 0.045895 0.020550