23 0.730612 0.449742 0.248980 0.394330
29 0.568367 0.947165 0.055102 0.043814
32 0.339796 0.363402 0.079592 0.056701
37 0.730612 0.271907 0.032653 0.043814
32 0.570408 0.739691 0.046939 0.108247
37 0.952041 0.777062 0.034694 0.043814
28 0.215306 0.725515 0.083673 0.043814
32 0.411224 0.543814 0.083673 0.061856
37 0.730612 0.637887 0.032653 0.043814
37 0.950000 0.570876 0.034694 0.043814
29 0.090816 0.466495 0.059184 0.046392
29 0.951020 0.925258 0.057143 0.046392
32 0.736735 0.090206 0.081633 0.061856
29 0.215306 0.922680 0.059184 0.046392