37 0.328520 0.404594 0.021661 0.031802
36 0.720818 0.541519 0.021661 0.022968
4 0.634777 0.820671 0.051745 0.104240
4 0.280385 0.821555 0.055355 0.102473
2 0.102286 0.195230 0.055355 0.100707
37 0.648616 0.404594 0.021661 0.031802
2 0.280385 0.195230 0.055355 0.104240
4 0.583032 0.403710 0.054152 0.100707
4 0.478941 0.770318 0.055355 0.102473
36 0.454874 0.583039 0.024067 0.024735
4 0.876053 0.822438 0.057762 0.107774
4 0.812876 0.822438 0.051745 0.107774
36 0.454874 0.542403 0.024067 0.024735
4 0.164862 0.821555 0.052948 0.106007
4 0.342359 0.820671 0.051745 0.104240
4 0.697353 0.822438 0.054152 0.104240
2 0.697353 0.194346 0.054152 0.102473
4 0.394103 0.404594 0.054152 0.102473
4 0.100481 0.821555 0.056558 0.106007
0 0.395307 0.194346 0.056558 0.102473
30 0.897714 0.090989 0.024067 0.015901
0 0.876053 0.194346 0.055355 0.102473
0 0.581227 0.194346 0.055355 0.102473
30 0.558215 0.092866 0.024061 0.015900
30 0.416073 0.092272 0.024072 0.015912
30 0.718320 0.092262 0.024076 0.015901
37 0.913123 0.926953 0.021651 0.031813
37 0.544435 0.769702 0.021651 0.031804
37 0.062726 0.924069 0.021658 0.031808
30 0.258407 0.091669 0.024071 0.015916
30 0.078685 0.092875 0.024071 0.015909