32 0.580524 0.635542 0.044944 0.186747
29 0.580524 0.855422 0.104869 0.084337
23 0.719101 0.415663 0.134831 0.228916
29 0.279026 0.909639 0.108614 0.096386
32 0.307116 0.237952 0.119850 0.078313
32 0.704120 0.129518 0.119850 0.078313
28 0.453184 0.451807 0.037453 0.132530
29 0.235955 0.355422 0.104869 0.084337
28 0.280899 0.710843 0.082397 0.060241
32 0.395131 0.704819 0.048689 0.192771
32 0.189139 0.454819 0.123596 0.078313
37 0.007531 0.453464 0.015061 0.030257
37 0.992092 0.418919 0.015066 0.030249