29 0.413095 0.750916 0.069048 0.058608
32 0.661905 0.347985 0.071429 0.058608
32 0.125000 0.456044 0.073810 0.054945
28 0.288095 0.305861 0.023810 0.098901
29 0.594048 0.432234 0.064286 0.058608
37 0.759524 0.476190 0.009524 0.014652
29 0.190476 0.686813 0.071429 0.062271
23 0.284524 0.518315 0.150000 0.223443
29 0.757143 0.963370 0.066667 0.058608
23 0.505952 0.580586 0.154762 0.223443
32 0.771429 0.351648 0.071429 0.058608
23 0.626190 0.157509 0.152381 0.227106
32 0.135714 0.307692 0.076190 0.058608
27 0.626190 0.157509 0.152381 0.227106
37 0.524237 0.661416 0.020383 0.024868
37 0.301470 0.607364 0.020351 0.024836
37 0.307100 0.434395 0.020379 0.024870
37 0.070587 0.454542 0.020370 0.024842
37 0.610665 0.813874 0.020364 0.024872
37 0.877686 0.833327 0.020364 0.024849
37 0.964813 0.582530 0.020377 0.024903
37 0.520728 0.497114 0.020363 0.024853
37 0.604347 0.075477 0.020390 0.024869
37 0.607153 0.237662 0.020371 0.024883