21 0.283541 0.625099 0.015272 0.041145
12 0.229002 0.138461 0.025638 0.074128
12 0.645196 0.142855 0.025629 0.074121
12 0.791172 0.144830 0.025627 0.074122
12 0.719115 0.771287 0.025635 0.074079
12 0.580199 0.773297 0.025632 0.074112
12 0.336164 0.773286 0.025620 0.074102
37 0.172144 0.065596 0.012068 0.032927
37 0.172679 0.503654 0.012376 0.032936
37 0.172834 0.657646 0.013924 0.037902
37 0.296403 0.828851 0.011397 0.028596
37 0.945263 0.422956 0.011833 0.033701
21 0.282768 0.399125 0.015250 0.041200
21 0.409070 0.398643 0.015246 0.041167
21 0.228288 0.573646 0.015259 0.041151
21 0.228944 0.623961 0.015267 0.041168
21 0.283541 0.574225 0.015264 0.041169
21 0.492258 0.490156 0.015258 0.041203
21 0.493763 0.571359 0.015265 0.041194
21 0.493756 0.650265 0.015264 0.041172
21 0.756477 0.476838 0.015261 0.041173
21 0.616567 0.757648 0.015275 0.041169
32 0.460985 0.118276 0.012192 0.052555
32 0.336031 0.117478 0.012219 0.052599
32 0.335737 0.226457 0.012210 0.052583
32 0.462430 0.226462 0.012201 0.052572
32 0.856100 0.159624 0.012215 0.052542
32 0.900458 0.353320 0.012218 0.052545
32 0.899624 0.488020 0.012196 0.052546
32 0.854841 0.768511 0.012205 0.052603
32 0.820536 0.769614 0.012198 0.052557
32 0.198153 0.657946 0.022033 0.025772
32 0.199362 0.503672 0.018634 0.025106
32 0.541870 0.531265 0.010881 0.050052
28 0.542118 0.471030 0.019678 0.025578
28 0.644838 0.433733 0.011718 0.055651
28 0.539960 0.164657 0.017780 0.030615
14 0.667053 0.687304 0.018574 0.090833
14 0.850581 0.687307 0.021086 0.090833
14 0.816184 0.620525 0.020590 0.093485
14 0.815690 0.505663 0.019584 0.082840
14 0.893767 0.263896 0.018076 0.090840
14 0.725599 0.320666 0.019070 0.077451
14 0.572653 0.328668 0.019582 0.078783
14 0.453389 0.657922 0.016068 0.093476
14 0.455152 0.442886 0.019584 0.090854
14 0.329879 0.535031 0.020085 0.085513
14 0.330426 0.450219 0.019088 0.088150
18 0.380139 0.443229 0.020922 0.084606
18 0.235448 0.443211 0.018422 0.085725
18 0.893816 0.555731 0.019579 0.088158
18 0.678643 0.381055 0.016743 0.083490
18 0.611518 0.377341 0.019882 0.081646