37 0.090319 0.498626 0.022432 0.027473
32 0.569067 0.295330 0.054309 0.093407
32 0.341795 0.690934 0.053129 0.093407
28 0.211334 0.500000 0.037780 0.101648
32 0.342385 0.355082 0.054309 0.094780
29 0.342975 0.884615 0.064935 0.043956
37 0.568477 0.164835 0.024793 0.027473
29 0.569658 0.883929 0.067296 0.042582
37 0.840024 0.380495 0.022432 0.027473
32 0.567887 0.631181 0.054309 0.092033
29 0.755018 0.884615 0.067296 0.043956
28 0.753837 0.790522 0.081464 0.039835
28 0.762102 0.383929 0.034238 0.094780
32 0.568477 0.793956 0.050767 0.090659
14 0.539450 0.498421 0.122645 0.145287