28 0.729299 0.747801 0.078556 0.052786
28 0.255839 0.485337 0.040340 0.108504
37 0.573248 0.083578 0.021231 0.032258
14 0.544586 0.483871 0.074310 0.140762
32 0.378981 0.209677 0.036093 0.114370
29 0.134820 0.780059 0.070064 0.058651
32 0.574310 0.211144 0.036093 0.117302
32 0.901274 0.476540 0.036093 0.120235
32 0.574310 0.759531 0.036093 0.117302
8 0.136943 0.612903 0.095541 0.134897
32 0.380042 0.658358 0.038217 0.120235
28 0.713376 0.365103 0.038217 0.102639
29 0.573248 0.938416 0.067941 0.052786
29 0.900212 0.609971 0.067941 0.052786