29 0.650376 0.885783 0.046992 0.036741
32 0.650376 0.180511 0.045113 0.162939
28 0.403665 0.403355 0.029135 0.081470
32 0.160244 0.403355 0.094925 0.081470
28 0.751410 0.165335 0.047932 0.049521
29 0.068609 0.885783 0.045113 0.036741
28 0.725094 0.510383 0.027256 0.081470
32 0.499530 0.194888 0.046053 0.162939
32 0.650846 0.657348 0.046053 0.164537
32 0.498590 0.623802 0.046053 0.164537
8 0.068139 0.638978 0.064850 0.108626
32 0.828008 0.650958 0.045113 0.158147
14 0.613295 0.400506 0.112194 0.182926