37 0.582495 0.141221 0.026157 0.027990
32 0.367203 0.778626 0.054326 0.101781
32 0.583501 0.777354 0.056338 0.104326
37 0.848089 0.438931 0.022133 0.027990
28 0.257545 0.535623 0.036217 0.104326
29 0.582495 0.954198 0.062374 0.045802
37 0.145875 0.534351 0.022133 0.025445
29 0.368209 0.952926 0.060362 0.043257
29 0.770624 0.952926 0.064386 0.048346
32 0.582495 0.329517 0.054326 0.104326
28 0.770624 0.773537 0.080483 0.045802
28 0.759557 0.441476 0.034205 0.104326
32 0.367203 0.394402 0.054326 0.106870