28 0.697674 0.657434 0.067653 0.049563
29 0.327696 0.913994 0.084567 0.061224
32 0.878436 0.628280 0.040169 0.131195
29 0.875264 0.892128 0.084567 0.058309
29 0.699789 0.896501 0.084567 0.061224
32 0.329810 0.607872 0.042283 0.131195
37 0.522199 0.074344 0.021142 0.032070
29 0.078224 0.918367 0.088795 0.064140
28 0.219873 0.440233 0.033827 0.093294
32 0.524313 0.160350 0.038055 0.122449
28 0.713531 0.268222 0.031712 0.087464
8 0.080338 0.564140 0.084567 0.119534
29 0.522199 0.905248 0.084567 0.055394
32 0.524313 0.658892 0.042283 0.128280
8 0.511628 0.399417 0.131078 0.186589