32 0.327345 0.190255 0.063872 0.111369
14 0.514970 0.462877 0.131737 0.150812
28 0.783433 0.721578 0.101796 0.051044
37 0.869261 0.345708 0.017964 0.023202
32 0.544910 0.192575 0.059880 0.111369
32 0.327345 0.725058 0.059880 0.109049
29 0.545908 0.938515 0.073852 0.048724
37 0.088822 0.460557 0.025948 0.034803
28 0.756487 0.345708 0.039920 0.111369
29 0.326347 0.938515 0.073852 0.048724
32 0.544910 0.725058 0.059880 0.109049
28 0.202595 0.459397 0.041916 0.116009
37 0.824686 0.037253 0.017963 0.023218