32 0.226271 0.679570 0.042373 0.133333
32 0.836441 0.511828 0.049153 0.141935
28 0.126271 0.482796 0.032203 0.079570
28 0.915254 0.509677 0.023729 0.017204
32 0.495763 0.726882 0.042373 0.133333
32 0.227966 0.303226 0.042373 0.137634
28 0.680508 0.372043 0.032203 0.077419
29 0.694915 0.751613 0.047458 0.036559
14 0.460169 0.501075 0.083051 0.172043
37 0.939831 0.373118 0.025424 0.032258
29 0.835593 0.686022 0.047458 0.034409
8 0.068644 0.663441 0.066102 0.083871
28 0.694068 0.669892 0.059322 0.036559
32 0.472034 0.262366 0.038983 0.133333
37 0.355932 0.929032 0.027119 0.030108
29 0.066949 0.860215 0.049153 0.038710
37 0.341525 0.077419 0.025424 0.030108