0 0.457888 0.236842 0.059312 0.115010
4 0.457295 0.786550 0.058126 0.118908
4 0.781139 0.664717 0.055753 0.116959
23 0.172005 0.419103 0.123369 0.198830
37 0.073547 0.465887 0.021352 0.035088
0 0.597272 0.237817 0.058126 0.116959
4 0.409846 0.510721 0.055753 0.113060
4 0.596085 0.786550 0.055753 0.118908
37 0.913998 0.542885 0.022539 0.037037
36 0.268683 0.415205 0.027284 0.027290
36 0.621590 0.414230 0.026097 0.025341
29 0.879597 0.809942 0.051008 0.048733
11 0.267497 0.251462 0.058126 0.081871
28 0.879597 0.666667 0.062871 0.054581
37 0.073547 0.376218 0.021352 0.035088
0 0.780546 0.420078 0.056940 0.115010
36 0.435350 0.415205 0.026097 0.027290
30 0.434202 0.121645 0.030844 0.025329
30 0.619177 0.123379 0.030840 0.025354
30 0.270245 0.119061 0.030838 0.025342