28 0.742739 0.855583 0.087137 0.041262
37 0.560166 0.143204 0.029046 0.029126
28 0.780083 0.404126 0.037344 0.104369
37 0.873444 0.400485 0.024896 0.029126
37 0.071577 0.524272 0.022822 0.029126
32 0.562241 0.773058 0.053942 0.094660
29 0.561203 0.955097 0.064315 0.050971
14 0.536307 0.525485 0.122407 0.138350
29 0.744813 0.956311 0.066390 0.048544
32 0.327801 0.372573 0.058091 0.099515
28 0.192946 0.525485 0.037344 0.104369
29 0.327801 0.956311 0.066390 0.048544
32 0.560166 0.304612 0.058091 0.099515
32 0.328838 0.770631 0.056017 0.094660