32 0.804786 0.589457 0.042821 0.130990
32 0.130982 0.632588 0.040302 0.127796
29 0.807305 0.720447 0.068010 0.047923
37 0.535264 0.188498 0.022670 0.025559
28 0.698992 0.730032 0.073048 0.041534
28 0.225441 0.536741 0.032746 0.083067
29 0.700252 0.923323 0.065491 0.051118
29 0.132242 0.923323 0.068010 0.051118
32 0.535264 0.338658 0.042821 0.127796
29 0.322418 0.921725 0.065491 0.047923
32 0.321159 0.404153 0.042821 0.130990
29 0.539043 0.923323 0.065491 0.051118
8 0.132242 0.800319 0.093199 0.118211
28 0.697733 0.440895 0.030227 0.083067
32 0.321159 0.725240 0.042821 0.134185
32 0.537783 0.728435 0.042821 0.127796