4 0.849501 0.729904 0.069900 0.099678
37 0.054922 0.771704 0.027104 0.028939
0 0.583452 0.627814 0.068474 0.094855
2 0.462910 0.627814 0.067047 0.098071
0 0.404422 0.478296 0.069900 0.098071
2 0.492867 0.177653 0.067047 0.098071
0 0.639800 0.477492 0.067047 0.099678
0 0.850927 0.176849 0.072753 0.099678
37 0.054922 0.629421 0.027104 0.030547
37 0.264622 0.479100 0.027104 0.028939
36 0.522825 0.323955 0.027104 0.020900
37 0.263909 0.327974 0.025678 0.028939
28 0.770328 0.553055 0.039943 0.083601
6 0.135521 0.631029 0.068474 0.098071
29 0.054208 0.829582 0.059914 0.038585
37 0.954351 0.554662 0.025678 0.028939
30 0.522111 0.078778 0.039943 0.028939
0 0.193295 0.176045 0.069900 0.101286
4 0.460770 0.831190 0.068474 0.099678
4 0.582026 0.829582 0.068474 0.099678