32 0.388393 0.221580 0.026786 0.092486
28 0.472577 0.348748 0.034439 0.023121
29 0.261480 0.780347 0.033163 0.023121
32 0.595026 0.804432 0.026786 0.090559
29 0.672832 0.891137 0.034439 0.025048
37 0.809311 0.473025 0.014031 0.025048
32 0.596301 0.221580 0.026786 0.088632
37 0.493622 0.056840 0.015306 0.021195
32 0.389031 0.668593 0.028061 0.096339
32 0.388393 0.802505 0.026786 0.090559
32 0.595026 0.366089 0.026786 0.088632
29 0.465561 0.892100 0.033163 0.023121
29 0.473214 0.447977 0.033163 0.025048
29 0.595663 0.891137 0.033163 0.025048
32 0.389031 0.366089 0.028061 0.088632
4 0.375000 0.524085 0.033163 0.061657
37 0.184949 0.525048 0.015306 0.021195
29 0.679847 0.447977 0.033163 0.025048
32 0.595663 0.668593 0.028061 0.096339
4 0.582270 0.523121 0.034439 0.063584
28 0.739158 0.473025 0.014031 0.052023
28 0.226403 0.524085 0.014031 0.050096
28 0.465561 0.793834 0.033163 0.023121
28 0.672194 0.793834 0.033163 0.023121
29 0.389031 0.891137 0.033163 0.025048
32 0.261480 0.669557 0.028061 0.094412
28 0.679209 0.350674 0.034439 0.023121