32 0.526892 0.356234 0.037849 0.111959
32 0.526892 0.643766 0.037849 0.106870
29 0.614542 0.830789 0.033865 0.022901
28 0.646414 0.450382 0.029880 0.061069
32 0.764940 0.577608 0.039841 0.111959
32 0.257968 0.610687 0.041833 0.106870
29 0.763944 0.830789 0.033865 0.017812
28 0.171315 0.511450 0.027888 0.055980
37 0.529880 0.916031 0.035857 0.040712
8 0.080677 0.627226 0.097610 0.109415
8 0.529880 0.082697 0.039841 0.043257
37 0.871514 0.449109 0.037849 0.043257
29 0.077689 0.830789 0.035857 0.022901
29 0.255976 0.830789 0.033865 0.022901
28 0.615538 0.639949 0.051793 0.038168
14 0.495233 0.508702 0.098036 0.108098