28 0.326866 0.394175 0.038806 0.089320
32 0.440299 0.652427 0.041791 0.120388
32 0.229851 0.394175 0.089552 0.062136
29 0.658955 0.874757 0.052239 0.029126
32 0.565672 0.753398 0.041791 0.112621
8 0.547015 0.392233 0.123881 0.163107
29 0.155970 0.651456 0.049254 0.029126
29 0.438806 0.798058 0.047761 0.031068
32 0.850746 0.441748 0.044776 0.122330
32 0.566418 0.603883 0.040299 0.120388
28 0.702985 0.301942 0.038806 0.087379
37 0.564925 0.055340 0.025373 0.029126
32 0.439552 0.218447 0.043284 0.118447
29 0.564179 0.874757 0.050746 0.029126
12 0.547015 0.393204 0.123881 0.161165
28 0.658955 0.753398 0.067164 0.050485
32 0.567910 0.218447 0.046269 0.118447
38 0.609479 0.670874 0.040744 0.029126
29 0.848507 0.589320 0.046269 0.029126
38 0.611792 0.518447 0.048057 0.031068
8 0.158955 0.518447 0.070149 0.093204