37 0.108614 0.556769 0.029963 0.034934
32 0.872659 0.792576 0.044944 0.113537
32 0.379213 0.713974 0.046816 0.113537
14 0.558052 0.556769 0.149813 0.170306
32 0.378277 0.397380 0.044944 0.113537
37 0.490637 0.138646 0.033708 0.037118
32 0.603933 0.793668 0.043071 0.115721
28 0.737828 0.662664 0.037453 0.093886
29 0.872659 0.968341 0.052434 0.028384
28 0.243446 0.557860 0.041199 0.093886
37 0.872659 0.662664 0.029963 0.037118
29 0.602996 0.968341 0.052434 0.028384
29 0.378277 0.915939 0.052434 0.028384