32 0.241000 0.503795 0.046000 0.089184
37 0.061000 0.496205 0.022000 0.020873
28 0.135000 0.389943 0.034000 0.051233
32 0.241000 0.280835 0.046000 0.087287
28 0.800000 0.636622 0.036000 0.055028
32 0.669000 0.764706 0.050000 0.094877
37 0.927000 0.740987 0.022000 0.020873
29 0.241000 0.675522 0.046000 0.037951
37 0.928000 0.637571 0.024000 0.022770
29 0.928000 0.821632 0.032000 0.034156
29 0.669000 0.939279 0.050000 0.045541
37 0.497000 0.038899 0.022000 0.020873
29 0.061000 0.576850 0.030000 0.034156
37 0.059000 0.389943 0.022000 0.020873
14 0.480000 0.389943 0.104000 0.096774