29 0.590081 0.954134 0.046559 0.026048
37 0.590587 0.585504 0.017206 0.020385
37 0.082996 0.684598 0.016194 0.016988
32 0.369433 0.583239 0.038462 0.095130
37 0.875506 0.388448 0.016194 0.018120
29 0.736336 0.953567 0.045547 0.027180
32 0.369939 0.813137 0.039474 0.095130
37 0.479251 0.148924 0.019231 0.016988
32 0.591599 0.862967 0.035425 0.092865
32 0.368927 0.349377 0.035425 0.091733
28 0.229251 0.485844 0.027328 0.047565
14 0.569386 0.684252 0.126626 0.113282
28 0.231275 0.682899 0.027328 0.047565
29 0.369433 0.953001 0.050607 0.028313
28 0.735324 0.864666 0.051619 0.028313
32 0.591599 0.299547 0.033401 0.096263
28 0.729757 0.387882 0.026316 0.048698
29 0.090081 0.546999 0.046559 0.027180
14 0.570077 0.484456 0.126625 0.113282