8 0.206019 0.551437 0.081019 0.107413
0 0.292824 0.549924 0.055556 0.092284
0 0.622685 0.550681 0.055556 0.093797
0 0.898727 0.223903 0.054398 0.090772
4 0.335648 0.832073 0.055556 0.093797
37 0.969907 0.457640 0.023148 0.028744
12 0.711227 0.738275 0.082176 0.105900
8 0.708912 0.551437 0.079861 0.104387
8 0.504051 0.831316 0.082176 0.104387
8 0.814236 0.226172 0.082176 0.107413
12 0.457176 0.177005 0.085648 0.111952
4 0.896991 0.738275 0.057870 0.093797
29 0.135995 0.703480 0.049769 0.039334
29 0.778935 0.701967 0.048611 0.039334
12 0.410880 0.831316 0.081019 0.104387
0 0.621528 0.363086 0.057870 0.090772
11 0.671296 0.156581 0.057870 0.065053
12 0.504051 0.831316 0.082176 0.104387
8 0.707755 0.363086 0.082176 0.105900
8 0.207176 0.364599 0.081019 0.105900
11 0.135995 0.624054 0.056713 0.059002
4 0.578125 0.831316 0.056713 0.092284
29 0.778935 0.408472 0.046296 0.036309
8 0.410880 0.831316 0.081019 0.104387
0 0.293403 0.364599 0.059028 0.090772
29 0.135995 0.408472 0.047454 0.036309
11 0.778935 0.624811 0.057870 0.057489
30 0.670014 0.088012 0.030091 0.019661