36 0.408333 0.369492 0.016667 0.040678
29 0.675833 0.816949 0.051667 0.061017
28 0.109167 0.255932 0.061667 0.044068
32 0.270833 0.201695 0.031667 0.132203
32 0.162500 0.969492 0.068333 0.061017
29 0.109167 0.430508 0.051667 0.061017
32 0.540833 0.533898 0.031667 0.132203
32 0.405000 0.532203 0.033333 0.135593
32 0.675833 0.201695 0.031667 0.132203
14 0.654167 0.642373 0.051667 0.186441
14 0.292500 0.642373 0.051667 0.186441
29 0.270000 0.816949 0.050000 0.061017
37 0.008722 0.978387 0.017443 0.037439
37 0.993451 0.530753 0.013098 0.037414