37 0.914587 0.470099 0.022057 0.019964
32 0.261555 0.764967 0.086134 0.039911
29 0.162815 0.985588 0.044118 0.028825
18 0.740546 0.126386 0.081933 0.146341
32 0.692227 0.631929 0.090336 0.039911
32 0.162815 0.871397 0.035714 0.093126
32 0.591387 0.393570 0.035714 0.090909
14 0.560924 0.209534 0.079832 0.144124
23 0.297269 0.473392 0.199580 0.188470
32 0.691176 0.312639 0.084034 0.039911
18 0.561975 0.740576 0.077731 0.146341
32 0.591387 0.552106 0.035714 0.088692
14 0.740546 0.818182 0.077731 0.141907
37 0.642083 0.020678 0.018904 0.019968
29 0.540643 0.536058 0.044102 0.028828