32 0.569444 0.246914 0.035185 0.093827
37 0.857407 0.217284 0.051852 0.039506
8 0.800000 0.172840 0.062963 0.083951
32 0.425000 0.246914 0.035185 0.093827
14 0.547222 0.480247 0.061111 0.135802
28 0.741667 0.401235 0.024074 0.086420
29 0.425926 0.866667 0.055556 0.044444
28 0.684259 0.745679 0.064815 0.034568
8 0.080556 0.630864 0.064815 0.086420
28 0.253704 0.477778 0.022222 0.086420
32 0.857407 0.591358 0.037037 0.101235
32 0.425926 0.745679 0.037037 0.098765
32 0.568519 0.746914 0.037037 0.096296