23 0.714513 0.583510 0.079449 0.152220
32 0.725636 0.264271 0.080508 0.093023
32 0.208686 0.512685 0.076271 0.095137
29 0.040784 0.922833 0.049788 0.052854
29 0.326271 0.885835 0.046610 0.050740
32 0.404661 0.123679 0.080508 0.095137
29 0.627648 0.885835 0.047669 0.050740
8 0.040254 0.671247 0.076271 0.158562
37 0.909428 0.583510 0.011653 0.025370
32 0.565678 0.547569 0.076271 0.093023
23 0.429025 0.547569 0.080508 0.156448
37 0.715325 0.441822 0.011649 0.025368
37 0.433936 0.413408 0.011651 0.025367