29 0.045455 0.700185 0.054545 0.031365
37 0.168182 0.464022 0.081818 0.038745
30 0.721818 0.068266 0.032727 0.011070
32 0.550909 0.440959 0.029091 0.055351
18 0.561818 0.865314 0.043636 0.066421
14 0.709091 0.863469 0.036364 0.059041
32 0.722727 0.590406 0.027273 0.055351
29 0.943636 0.625461 0.054545 0.029520
32 0.845455 0.578413 0.029091 0.057196
32 0.047273 0.502768 0.029091 0.057196
18 0.709091 0.165129 0.036364 0.060886
32 0.269091 0.464945 0.058182 0.029520
18 0.708182 0.291513 0.038182 0.059041
14 0.708182 0.738930 0.038182 0.060886
32 0.844545 0.453875 0.027273 0.055351
23 0.420000 0.513838 0.167273 0.164207
14 0.830909 0.340406 0.036364 0.060886
29 0.721818 0.949262 0.054545 0.031365
18 0.830000 0.690959 0.034545 0.060886
18 0.562727 0.165129 0.034545 0.060886
28 0.942727 0.564576 0.030909 0.018450
32 0.047273 0.628229 0.029091 0.060886
32 0.722727 0.441882 0.027273 0.057196