6 0.471049 0.788497 0.059107 0.115028
0 0.178528 0.206865 0.057901 0.116883
4 0.697226 0.788497 0.055489 0.111317
0 0.829312 0.206865 0.056695 0.113173
12 0.156212 0.496289 0.085645 0.131725
29 0.608565 0.953618 0.051870 0.044527
37 0.269602 0.497217 0.020507 0.033395
6 0.584439 0.789425 0.056695 0.113173
37 0.948130 0.499072 0.021713 0.033395
30 0.609771 0.093692 0.032569 0.027829
6 0.339566 0.498145 0.059107 0.113173
2 0.584439 0.206865 0.056695 0.109462
0 0.472859 0.496289 0.057901 0.109462
36 0.607961 0.639147 0.021713 0.024119
0 0.745476 0.497217 0.055489 0.111317
36 0.721351 0.580705 0.021713 0.022263
36 0.495175 0.579777 0.022919 0.024119
2 0.338963 0.207792 0.057901 0.111317
4 0.178528 0.787570 0.060314 0.116883
6 0.877563 0.498145 0.056695 0.113173
36 0.852835 0.288497 0.021713 0.024119
36 0.609168 0.289425 0.021713 0.025974
36 0.721351 0.637291 0.021713 0.024119
37 0.935872 0.903103 0.017016 0.022648
30 0.851383 0.091357 0.032562 0.027827
30 0.359520 0.094483 0.032571 0.027824
37 0.938207 0.700377 0.017019 0.022655
37 0.935477 0.639796 0.017025 0.022657
37 0.935954 0.350762 0.017020 0.022655
37 0.930298 0.296047 0.017024 0.022662