29 0.455000 0.557823 0.076667 0.044218
18 0.321667 0.259354 0.083333 0.147959
8 0.044167 0.088435 0.088333 0.098639
14 0.586667 0.260204 0.083333 0.146259
37 0.454167 0.977891 0.078333 0.040816
29 0.042500 0.222789 0.078333 0.047619
32 0.620833 0.088435 0.048333 0.102041
18 0.586667 0.260204 0.083333 0.146259
32 0.290000 0.088435 0.050000 0.102041
32 0.455000 0.426020 0.050000 0.107143
14 0.587500 0.678571 0.085000 0.146259
32 0.290000 0.845238 0.050000 0.105442
12 0.907500 0.258503 0.095000 0.095238
32 0.619167 0.846088 0.048333 0.103741
14 0.323333 0.681122 0.086667 0.141156
29 0.909167 0.389456 0.078333 0.047619