29 0.733945 0.642638 0.029358 0.027607
29 0.192661 0.536810 0.029358 0.030675
32 0.368807 0.800613 0.029358 0.092025
14 0.282569 0.335890 0.036697 0.107362
14 0.355963 0.631902 0.040367 0.104294
32 0.437615 0.161043 0.027523 0.088957
28 0.822936 0.401840 0.020183 0.049080
14 0.722018 0.234663 0.034862 0.107362
32 0.298165 0.161043 0.027523 0.088957
32 0.734862 0.526074 0.027523 0.088957
29 0.559633 0.371166 0.029358 0.030675
14 0.450459 0.325153 0.034862 0.104294
12 0.192661 0.432515 0.055046 0.092025
32 0.089908 0.789877 0.029358 0.095092
32 0.089908 0.165644 0.029358 0.092025
37 0.060090 0.084035 0.014752 0.028543
37 0.865574 0.082731 0.014750 0.028553
37 0.869450 0.881853 0.014727 0.028505
37 0.856894 0.404434 0.014743 0.028556
37 0.057751 0.881866 0.014757 0.028532