37 0.460000 0.233051 0.056667 0.059322
29 0.643333 0.974576 0.056667 0.050847
14 0.619167 0.607345 0.065000 0.186441
7 0.437500 0.449153 0.051667 0.124294
29 0.032500 0.820621 0.058333 0.059322
32 0.460000 0.762712 0.036667 0.129944
8 0.033333 0.604520 0.066667 0.124294
3 0.437500 0.449153 0.051667 0.124294
37 0.643333 0.026836 0.056667 0.053672
32 0.765833 0.604520 0.035000 0.129944
29 0.919167 0.872881 0.058333 0.056497
32 0.920000 0.601695 0.036667 0.129944
32 0.643333 0.187853 0.036667 0.127119
32 0.276667 0.656780 0.036667 0.127119
29 0.765833 0.820621 0.058333 0.053672
29 0.460000 0.975989 0.056667 0.048023
29 0.276667 0.872881 0.056667 0.056497
32 0.154167 0.449153 0.081667 0.067797