32 0.689751 0.978836 0.022161 0.042328
37 0.879501 0.843915 0.024931 0.047619
29 0.062327 0.965608 0.102493 0.068783
14 0.660665 0.637566 0.063712 0.185185
32 0.166205 0.470899 0.110803 0.084656
28 0.761773 0.849206 0.033241 0.142857
28 0.319945 0.470899 0.036011 0.148148
32 0.418283 0.238095 0.044321 0.211640
14 0.527701 0.470899 0.063712 0.190476
32 0.419668 0.698413 0.047091 0.222222
11 0.061652 0.677943 0.099162 0.153049
37 0.419839 0.008217 0.024932 0.016433
37 0.682289 0.011323 0.024931 0.022646
37 0.548632 0.010540 0.024952 0.021080