32 0.597826 0.788845 0.043478 0.031873
37 0.656522 0.916335 0.017391 0.031873
37 0.942391 0.207171 0.019565 0.039841
32 0.723913 0.207171 0.043478 0.031873
25 0.252174 0.788845 0.117391 0.223108
25 0.253261 0.209163 0.115217 0.227092
32 0.555435 0.207171 0.041304 0.031873
32 0.514130 0.786853 0.045652 0.027888
37 0.096739 0.786853 0.019565 0.035857
23 0.778261 0.509960 0.113043 0.223108
32 0.375000 0.784861 0.045652 0.031873
37 0.092391 0.205179 0.019565 0.035857
29 0.808696 0.890438 0.043478 0.051793
32 0.375000 0.205179 0.045652 0.035857
37 0.656522 0.081673 0.017391 0.035857
32 0.728261 0.790837 0.043478 0.027888
23 0.593478 0.507968 0.117391 0.227092
32 0.691304 0.505976 0.043478 0.031873