32 0.934653 0.331845 0.126733 0.086310
23 0.242574 0.321429 0.148515 0.250000
29 0.060396 0.629464 0.045545 0.056548
37 0.921782 0.388393 0.017822 0.026786
32 0.362376 0.686012 0.031683 0.116071
32 0.730693 0.072917 0.075248 0.044643
28 0.722772 0.206845 0.023762 0.068452
32 0.528713 0.318452 0.075248 0.047619
32 0.619802 0.681548 0.031683 0.113095
32 0.210891 0.077381 0.077228 0.047619
29 0.361386 0.839286 0.045545 0.059524
28 0.059406 0.437500 0.047525 0.035714
32 0.361386 0.450893 0.029703 0.116071
29 0.618812 0.833333 0.045545 0.053571
23 0.735644 0.389881 0.152475 0.244048