0 0.775701 0.238758 0.089720 0.126338
7 0.777570 0.506424 0.089720 0.126338
37 0.892523 0.408994 0.013084 0.017131
2 0.482243 0.243041 0.089720 0.130621
36 0.814019 0.321199 0.031776 0.025696
29 0.659813 0.529979 0.033645 0.023555
4 0.629907 0.776231 0.093458 0.130621
37 0.917757 0.509636 0.037383 0.042827
12 0.228972 0.503212 0.132710 0.154176
36 0.667290 0.320128 0.029907 0.023555
36 0.667290 0.236617 0.029907 0.023555
4 0.263551 0.779443 0.093458 0.132762
30 0.662617 0.110278 0.061682 0.032120
0 0.262617 0.239829 0.095327 0.132762
7 0.557009 0.503212 0.089720 0.119914
37 0.418727 0.510612 0.037383 0.042815
30 0.518216 0.113712 0.061689 0.032109
30 0.811301 0.112666 0.061673 0.032130
37 0.898123 0.325102 0.013081 0.017124
37 0.900852 0.912666 0.013085 0.017145