32 0.317897 0.603524 0.022528 0.088106
23 0.789737 0.769824 0.102628 0.196035
32 0.209637 0.261013 0.048811 0.041850
37 0.931164 0.769824 0.025031 0.046256
29 0.704631 0.905286 0.037547 0.057269
23 0.789737 0.301762 0.102628 0.193833
29 0.089487 0.743392 0.036295 0.050661
32 0.426783 0.495595 0.022528 0.088106
32 0.317897 0.399780 0.022528 0.085903
32 0.635169 0.729075 0.051314 0.044053
29 0.569462 0.602423 0.035044 0.055066
29 0.931164 0.502203 0.037547 0.052863
32 0.794118 0.104626 0.051314 0.041850
32 0.210263 0.730176 0.050063 0.041850
37 0.931164 0.301762 0.025031 0.044053
32 0.794118 0.572687 0.051314 0.044053
38 0.510638 0.493392 0.080100 0.066079
37 0.089487 0.495595 0.021277 0.039648
32 0.635169 0.259912 0.051314 0.044053
29 0.931790 0.976872 0.038798 0.046256
29 0.238423 0.567181 0.036295 0.050661
29 0.704631 0.437225 0.035044 0.055066
37 0.091410 0.623582 0.022531 0.035256
37 0.932622 0.872658 0.022521 0.035236
37 0.929091 0.394752 0.022537 0.035233