32 0.235507 0.225806 0.065217 0.070968
29 0.707246 0.914516 0.034783 0.061290
32 0.424638 0.582258 0.063768 0.067742
37 0.072464 0.672581 0.028986 0.048387
32 0.834058 0.370968 0.027536 0.135484
29 0.229710 0.916129 0.033333 0.064516
28 0.834058 0.195161 0.050725 0.054839
29 0.338406 0.916129 0.033333 0.064516
29 0.599275 0.916129 0.036232 0.064516
23 0.604348 0.582258 0.142029 0.345161
23 0.236232 0.669355 0.144928 0.351613
32 0.588406 0.224194 0.069565 0.067742
37 0.833920 0.053239 0.018397 0.067699
37 0.599002 0.348011 0.018403 0.067697
37 0.231242 0.444537 0.018406 0.067703