28 0.945113 0.649281 0.013534 0.032374
28 0.294737 0.926259 0.027068 0.017986
35 0.276692 0.264388 0.021053 0.050360
12 0.071429 0.365108 0.025564 0.032374
28 0.434586 0.319245 0.027068 0.019784
28 0.391729 0.233813 0.028571 0.021583
28 0.584962 0.399281 0.015038 0.032374
29 0.275188 0.469424 0.030075 0.021583
35 0.805263 0.624101 0.019549 0.050360
12 0.543609 0.450540 0.025564 0.030576
28 0.747368 0.574640 0.027068 0.019784
29 0.079699 0.920863 0.033083 0.021583
28 0.293985 0.840827 0.028571 0.019784
29 0.391729 0.984712 0.031579 0.019784
35 0.393233 0.134892 0.019549 0.050360
29 0.231579 0.923561 0.030075 0.019784
35 0.370677 0.423561 0.019549 0.052158
29 0.206767 0.468525 0.031579 0.019784
29 0.137594 0.921763 0.031579 0.023381
29 0.978947 0.750000 0.030075 0.021583
29 0.622556 0.509892 0.030075 0.019784
29 0.299248 0.698741 0.030075 0.019784
29 0.369173 0.473022 0.028571 0.021583
28 0.533083 0.196043 0.013534 0.032374
29 0.294737 0.981115 0.030075 0.019784
28 0.298496 0.645683 0.028571 0.017986
12 0.978947 0.693345 0.024060 0.030576
35 0.393985 0.570144 0.021053 0.050360
35 0.230827 0.737410 0.019549 0.050360
35 0.231579 0.873201 0.018045 0.052158
28 0.756391 0.701439 0.015038 0.032374
35 0.391729 0.922662 0.019549 0.050360
29 0.213534 0.258993 0.027068 0.021583
35 0.436842 0.612410 0.043609 0.023381
29 0.071429 0.407374 0.028571 0.019784
35 0.623308 0.462230 0.019549 0.050360
29 0.542857 0.507194 0.030075 0.021583
37 0.872932 0.442446 0.010526 0.010791
35 0.672180 0.400180 0.042105 0.023381
35 0.124812 0.326439 0.042105 0.023381
29 0.873684 0.750000 0.030075 0.017986
28 0.167669 0.324640 0.016541 0.034173
29 0.747368 0.613309 0.030075 0.021583
37 0.421053 0.509892 0.012030 0.012590
29 0.501504 0.263489 0.031579 0.019784
35 0.875188 0.492806 0.018045 0.050360
28 0.184962 0.798561 0.015038 0.032374
28 0.206767 0.387590 0.028571 0.019784
35 0.275940 0.392986 0.019549 0.048561
28 0.138346 0.846223 0.030075 0.019784
37 0.392481 0.077338 0.009023 0.010791
28 0.213534 0.224820 0.027068 0.017986
35 0.584962 0.196942 0.042105 0.023381
28 0.511278 0.701439 0.015038 0.032374
21 0.507382 0.764958 0.023223 0.037533
14 0.383552 0.800849 0.048929 0.057142
14 0.361560 0.323420 0.048939 0.057145
21 0.505826 0.643328 0.023230 0.037538
14 0.867590 0.701224 0.048931 0.057153