37 0.936548 0.602041 0.021997 0.024943
28 0.806261 0.168934 0.035533 0.038549
29 0.885787 0.757370 0.032149 0.022676
21 0.176819 0.757370 0.035533 0.036281
28 0.720812 0.682540 0.037225 0.036281
28 0.276650 0.188209 0.035533 0.036281
35 0.678511 0.217687 0.030457 0.077098
35 0.564298 0.740363 0.032149 0.079365
31 0.716582 0.221088 0.018613 0.083900
28 0.144670 0.315193 0.028765 0.045351
12 0.353638 0.619048 0.084602 0.108844
35 0.370558 0.244898 0.030457 0.077098
35 0.177665 0.882086 0.030457 0.077098
29 0.178511 0.976190 0.035533 0.020408
35 0.636210 0.577098 0.030457 0.079365
35 0.636210 0.701814 0.030457 0.079365
28 0.530457 0.362812 0.028765 0.045351
37 0.720812 0.070295 0.016920 0.022676
28 0.327411 0.766440 0.035533 0.036281
35 0.673435 0.700680 0.030457 0.077098
37 0.175973 0.069161 0.016920 0.024943
28 0.338409 0.401361 0.027073 0.045351
37 0.069374 0.619048 0.016920 0.022676
35 0.500000 0.226757 0.028765 0.077098
35 0.246193 0.620181 0.055838 0.043084
35 0.372250 0.880952 0.030457 0.079365
29 0.500000 0.976190 0.035533 0.020408
35 0.327411 0.880952 0.028765 0.079365
28 0.531303 0.287982 0.027073 0.045351
29 0.807953 0.247166 0.035533 0.018141
35 0.563452 0.539683 0.030457 0.077098
28 0.115905 0.619048 0.028765 0.045351
14 0.654822 0.419501 0.084602 0.108844
29 0.176819 0.758503 0.035533 0.038549
8 0.655668 0.854875 0.086294 0.108844
35 0.178511 0.244898 0.032149 0.077098
35 0.177665 0.387755 0.030457 0.077098
7 0.824873 0.640590 0.042301 0.092971
28 0.770728 0.681406 0.035533 0.038549
35 0.672589 0.578231 0.032149 0.077098
29 0.100737 0.315661 0.017774 0.043772
29 0.772157 0.739502 0.032145 0.022673
29 0.295459 0.398557 0.017777 0.043762
29 0.294290 0.334952 0.017780 0.043765
29 0.572843 0.285431 0.017798 0.043745
29 0.575221 0.362714 0.017764 0.043777
7 0.869083 0.639673 0.042300 0.092979
29 0.499079 0.918942 0.035517 0.038554
28 0.336689 0.333682 0.028769 0.045341
29 0.722307 0.739506 0.032146 0.022667
29 0.278607 0.242750 0.033323 0.022916