28 0.625977 0.271669 0.031679 0.064663
28 0.158766 0.370927 0.033111 0.067658
28 0.619528 0.633229 0.064791 0.035097
14 0.458966 0.371649 0.044528 0.081022
8 0.044833 0.520393 0.077077 0.076861
8 0.474315 0.730325 0.076378 0.079029
29 0.384737 0.875366 0.074991 0.045697
29 0.833155 0.617916 0.078458 0.044243
32 0.832459 0.458936 0.036287 0.102834
32 0.476099 0.208309 0.036283 0.102861
32 0.317705 0.223344 0.036290 0.102857
32 0.312898 0.574218 0.036306 0.102849
32 0.473078 0.572239 0.036273 0.102854
37 0.384061 0.050398 0.023115 0.024203
37 0.974287 0.276525 0.024883 0.022977