21 0.309375 0.119266 0.028125 0.022936
28 0.164062 0.596330 0.015625 0.041284
18 0.399219 0.597477 0.023438 0.057339
35 0.730469 0.122706 0.020313 0.071101
29 0.505469 0.866972 0.035937 0.022936
35 0.796094 0.621560 0.020313 0.068807
28 0.374219 0.145642 0.026562 0.034404
28 0.553125 0.192661 0.021875 0.041284
37 0.935156 0.932339 0.023438 0.038991
29 0.210938 0.917431 0.037500 0.027523
28 0.552344 0.431193 0.017188 0.041284
35 0.098909 0.597477 0.029068 0.057339
28 0.796875 0.501147 0.028125 0.020642
14 0.593750 0.264908 0.025000 0.057339
37 0.934375 0.051606 0.021875 0.034404
29 0.150000 0.916284 0.037500 0.025229
28 0.147656 0.813073 0.029687 0.034404
35 0.504687 0.620413 0.021875 0.071101
29 0.796094 0.724771 0.035937 0.022936
29 0.307812 0.440367 0.037500 0.022936
29 0.341406 0.747706 0.035937 0.022936
35 0.210938 0.668578 0.018750 0.071101
35 0.601562 0.860092 0.021875 0.068807
35 0.407813 0.860092 0.018750 0.068807
28 0.342187 0.668578 0.028125 0.020642
14 0.724219 0.337156 0.023438 0.055046
35 0.309375 0.337156 0.018750 0.068807
35 0.667969 0.430046 0.048438 0.029817
14 0.724219 0.787844 0.023438 0.061927
29 0.099219 0.700688 0.035937 0.025229
35 0.276562 0.836009 0.018750 0.071101
37 0.059375 0.502294 0.021875 0.032110
14 0.593750 0.715596 0.021875 0.059633
37 0.934375 0.432339 0.021875 0.034404
28 0.503906 0.787844 0.029687 0.034404
35 0.277136 0.598480 0.045387 0.032791
35 0.439809 0.262516 0.045381 0.032786
35 0.859897 0.428048 0.045388 0.032837
35 0.666560 0.524439 0.045387 0.032821
21 0.308282 0.166433 0.028125 0.022945
21 0.209162 0.787097 0.028117 0.022925
21 0.210179 0.834382 0.028120 0.022936