37 0.053736 0.358323 0.009029 0.018261
32 0.311352 0.409467 0.014214 0.066848
32 0.212181 0.821785 0.014230 0.066832
32 0.274948 0.821789 0.014229 0.066840
32 0.154020 0.436391 0.014229 0.066836
32 0.273276 0.260161 0.014215 0.066807
32 0.210928 0.264497 0.014221 0.066854
32 0.833444 0.538531 0.014224 0.066808
32 0.777074 0.396449 0.014218 0.066834
18 0.709121 0.822188 0.018676 0.062502
18 0.770892 0.745316 0.019282 0.058738
18 0.279617 0.357393 0.015483 0.057318
18 0.204625 0.355906 0.017154 0.059901
14 0.771344 0.187224 0.017065 0.058345
14 0.706221 0.105668 0.015064 0.060414
14 0.462182 0.601659 0.015067 0.058137
14 0.267605 0.722749 0.015066 0.057282
14 0.217809 0.724829 0.017577 0.059903
28 0.834297 0.624839 0.023018 0.026921
28 0.126677 0.355757 0.011723 0.043401
28 0.442090 0.526203 0.013255 0.044854
28 0.310803 0.486043 0.022671 0.023874
32 0.715148 0.630815 0.014214 0.066844
32 0.777478 0.540984 0.014226 0.066843
11 0.154372 0.775618 0.031197 0.047159
11 0.148102 0.105282 0.029421 0.054572
37 0.342790 0.356025 0.010396 0.015426
37 0.670600 0.472924 0.011820 0.020503
37 0.827745 0.888574 0.007970 0.020919
31 0.871617 0.468951 0.032191 0.021829
37 0.953219 0.474483 0.012038 0.025904
37 0.826778 0.042274 0.012999 0.022346
12 0.467669 0.142517 0.027882 0.057244
12 0.241834 0.121894 0.027892 0.057246
29 0.833707 0.701874 0.027859 0.030825
29 0.118114 0.744702 0.027855 0.030819
29 0.312001 0.545140 0.027859 0.030806
29 0.155257 0.534345 0.027871 0.030818
29 0.148008 0.209927 0.027860 0.030837
11 0.468129 0.367872 0.031199 0.047168
32 0.714303 0.324394 0.014230 0.066840