32 0.474664 0.156757 0.016546 0.057658
32 0.815408 0.436036 0.015512 0.057658
28 0.633402 0.909910 0.017580 0.018018
31 0.520165 0.601802 0.018614 0.082883
28 0.548087 0.363964 0.010341 0.032432
32 0.155636 0.792793 0.015512 0.061261
32 0.520165 0.490991 0.016546 0.052252
28 0.633402 0.156757 0.017580 0.018018
32 0.520165 0.772973 0.016546 0.061261
32 0.280248 0.177477 0.014478 0.055856
32 0.474147 0.238739 0.013444 0.055856
32 0.428645 0.773874 0.015512 0.059459
29 0.633919 0.972072 0.020683 0.019820
37 0.929162 0.483784 0.009307 0.016216
14 0.718201 0.286486 0.017580 0.050450
29 0.634436 0.218018 0.019648 0.018018
4 0.175801 0.325225 0.022751 0.045045
28 0.565667 0.159459 0.020683 0.019820
28 0.565667 0.906306 0.018614 0.021622
32 0.217684 0.562162 0.032058 0.028829
32 0.814891 0.533333 0.014478 0.057658
32 0.109617 0.553153 0.014478 0.061261
29 0.600310 0.970270 0.021717 0.019820
37 0.929679 0.859459 0.010341 0.018018
29 0.065150 0.811712 0.020683 0.019820
28 0.599793 0.909910 0.018614 0.018018
4 0.290072 0.482883 0.021717 0.046847
32 0.223371 0.179279 0.014478 0.055856
14 0.161324 0.700901 0.018614 0.050450
37 0.030507 0.483784 0.009307 0.016216
28 0.599793 0.156757 0.018614 0.018018
32 0.724405 0.475676 0.015512 0.057658
29 0.110651 0.635135 0.020683 0.019820
32 0.223888 0.415315 0.015512 0.059459
14 0.809204 0.345946 0.017580 0.046847
0 0.271458 0.322523 0.021717 0.050450
37 0.668046 0.858559 0.008273 0.016216
32 0.376939 0.046847 0.034126 0.025225
29 0.565667 0.218919 0.020683 0.019820
14 0.808687 0.622523 0.016546 0.048649
14 0.218201 0.700000 0.018614 0.048649
37 0.929162 0.107207 0.009307 0.016216
32 0.166494 0.178378 0.014478 0.057658
32 0.064633 0.730631 0.015512 0.059459
32 0.223888 0.790991 0.015512 0.057658
29 0.565667 0.970270 0.020683 0.019820
18 0.421923 0.324324 0.018614 0.050450
32 0.326267 0.554955 0.015512 0.057658
4 0.156821 0.482727 0.021717 0.046847
29 0.325732 0.635885 0.019647 0.018015
18 0.715683 0.680169 0.018622 0.050462
18 0.525835 0.324242 0.018615 0.050447
37 0.668102 0.106186 0.009300 0.016211
29 0.599849 0.217289 0.019656 0.018010