21 0.787069 0.420330 0.036207 0.054945
37 0.925000 0.315934 0.022414 0.043956
29 0.093103 0.436813 0.034483 0.049451
37 0.492241 0.078297 0.022414 0.035714
32 0.492241 0.380495 0.022414 0.090659
32 0.256034 0.855769 0.050000 0.090659
32 0.200000 0.604396 0.055172 0.032967
37 0.093103 0.168956 0.020690 0.035714
21 0.379310 0.288462 0.034483 0.060440
23 0.700000 0.701923 0.110345 0.200549
29 0.618103 0.822802 0.032759 0.052198
37 0.112069 0.601648 0.024138 0.038462
32 0.492241 0.186813 0.022414 0.087912
32 0.205172 0.288462 0.055172 0.038462
32 0.091379 0.277473 0.024138 0.087912
32 0.555172 0.653846 0.055172 0.038462
29 0.331034 0.771978 0.034483 0.049451
32 0.706897 0.314560 0.055172 0.035714
23 0.416379 0.653846 0.112069 0.203297
21 0.380194 0.467644 0.034489 0.060433
21 0.700217 0.518987 0.034473 0.060441