32 0.282609 0.829653 0.043478 0.078864
18 0.709783 0.207413 0.076087 0.086751
32 0.567391 0.422713 0.043478 0.075710
14 0.709783 0.207413 0.076087 0.086751
29 0.565217 0.659306 0.069565 0.034700
28 0.650000 0.339117 0.052174 0.069401
37 0.806522 0.340694 0.013043 0.012618
37 0.807609 0.076498 0.015217 0.014196
37 0.116304 0.414826 0.019565 0.018927
28 0.491304 0.503155 0.047826 0.069401
32 0.566304 0.576498 0.045652 0.077287
37 0.114130 0.267350 0.023913 0.017350
32 0.280435 0.141167 0.043478 0.074132
23 0.355435 0.339905 0.297826 0.238170
14 0.713043 0.745268 0.078261 0.096215
37 0.804348 0.908517 0.017391 0.012618