29 0.860870 0.441341 0.026087 0.027933
32 0.555435 0.691341 0.045652 0.025140
14 0.704348 0.224860 0.034783 0.075419
37 0.891304 0.400838 0.017391 0.019553
37 0.888043 0.695531 0.015217 0.022346
29 0.361957 0.406425 0.028261 0.025140
29 0.361957 0.748603 0.028261 0.027933
14 0.701087 0.567039 0.032609 0.072626
37 0.892391 0.351955 0.015217 0.022346
29 0.782609 0.967877 0.030435 0.030726
14 0.770652 0.829609 0.032609 0.072626
23 0.543478 0.564246 0.130435 0.189944
32 0.653261 0.222067 0.041304 0.019553
23 0.546739 0.220670 0.132609 0.184358
32 0.583696 0.346369 0.045652 0.022346
29 0.425000 0.248603 0.028261 0.027933
32 0.641304 0.567039 0.043478 0.022346
29 0.857609 0.787709 0.028261 0.027933
14 0.521739 0.829609 0.034783 0.072626
29 0.140217 0.325419 0.028261 0.025140
32 0.410870 0.689944 0.043478 0.022346
32 0.411957 0.349162 0.045652 0.022346
37 0.104348 0.046089 0.008696 0.013966
29 0.215217 0.215084 0.026087 0.027933
29 0.421739 0.589385 0.026087 0.027933
32 0.301087 0.646648 0.019565 0.058659
37 0.885870 0.744413 0.015217 0.019553
32 0.426087 0.175978 0.017391 0.055866
32 0.423913 0.516760 0.017391 0.055866
14 0.658576 0.828304 0.032610 0.072630