32 0.490119 0.642391 0.071146 0.041304
32 0.850791 0.410870 0.073123 0.043478
23 0.669960 0.457609 0.169960 0.202174
29 0.323123 0.510870 0.049407 0.034783
32 0.146245 0.533696 0.035573 0.080435
23 0.318182 0.693478 0.166008 0.200000
29 0.773715 0.966304 0.049407 0.036957
37 0.851779 0.652174 0.023715 0.030435
32 0.045455 0.282609 0.035573 0.078261
28 0.674901 0.285870 0.037549 0.063043
23 0.311265 0.339130 0.164032 0.200000
28 0.774704 0.833696 0.055336 0.036957
32 0.215415 0.129348 0.071146 0.036957
37 0.043478 0.181522 0.023715 0.028261
32 0.479249 0.457609 0.077075 0.041304
32 0.851779 0.745652 0.071146 0.039130
32 0.501976 0.823913 0.039526 0.082609
28 0.247036 0.578261 0.035573 0.060870
37 0.939671 0.749555 0.023708 0.028275