28 0.512346 0.368539 0.022928 0.044944
28 0.351852 0.225843 0.022928 0.042697
28 0.474427 0.577528 0.021164 0.044944
28 0.212522 0.785393 0.022928 0.042697
32 0.529101 0.031461 0.052910 0.026966
32 0.693122 0.791011 0.052910 0.026966
29 0.075838 0.769663 0.049383 0.038202
37 0.878307 0.520225 0.010582 0.011236
23 0.313051 0.578652 0.135802 0.191011
32 0.293651 0.375281 0.037037 0.080899
32 0.512346 0.458427 0.054674 0.026966
29 0.463845 0.495506 0.049383 0.038202
21 0.774250 0.319101 0.031746 0.031461
32 0.291005 0.285393 0.021164 0.067416
32 0.853616 0.455056 0.021164 0.069663
28 0.223986 0.224719 0.021164 0.044944
29 0.288360 0.451685 0.047619 0.035955
23 0.676367 0.521348 0.135802 0.193258
32 0.119929 0.639326 0.052910 0.029213
32 0.851852 0.314607 0.021164 0.067416
32 0.222222 0.140449 0.052910 0.024719
21 0.307105 0.787584 0.029353 0.033404
37 0.689885 0.234880 0.010579 0.011231