32 0.584412 0.245207 0.088015 0.194883
32 0.355117 0.718339 0.064857 0.136411
32 0.583248 0.666372 0.071785 0.119091
29 0.699559 0.921283 0.055019 0.029015
29 0.589005 0.984132 0.058832 0.029021
29 0.354063 0.850569 0.051718 0.029003
29 0.130344 0.814181 0.051717 0.029014
3 0.550964 0.483038 0.095165 0.145356
8 0.131632 0.662039 0.085696 0.084460
32 0.591359 0.832019 0.060229 0.129924
37 0.854583 0.346682 0.025213 0.023571
37 0.587612 0.064155 0.039061 0.039160
28 0.728540 0.348957 0.034857 0.085217
28 0.240007 0.533798 0.038872 0.083941
28 0.702417 0.823900 0.084452 0.042630
32 0.349332 0.329651 0.062520 0.108290