21 0.852000 0.448244 0.030000 0.046211
37 0.073500 0.717190 0.013000 0.022181
29 0.852500 0.724584 0.031000 0.040665
32 0.543000 0.088725 0.038000 0.033272
28 0.274000 0.550832 0.030000 0.025878
28 0.764500 0.185767 0.031000 0.027726
29 0.275500 0.358595 0.029000 0.044362
21 0.852000 0.612754 0.030000 0.042514
29 0.171000 0.980591 0.032000 0.038817
28 0.275000 0.288355 0.028000 0.025878
23 0.180000 0.642329 0.120000 0.245841
32 0.500000 0.219039 0.020000 0.072089
32 0.499000 0.835490 0.020000 0.070240
32 0.382000 0.643253 0.040000 0.036969
32 0.812000 0.294824 0.038000 0.035120
23 0.672000 0.293900 0.122000 0.247689
32 0.942500 0.620148 0.019000 0.072089
37 0.944199 0.713262 0.015396 0.033010
37 0.246211 0.089963 0.017388 0.029332
3 0.933360 0.291555 0.090658 0.164861
7 0.486175 0.638397 0.091148 0.168470