32 0.438231 0.158127 0.020806 0.051237
32 0.532510 0.886042 0.037711 0.026502
28 0.506502 0.140459 0.019506 0.015901
28 0.839402 0.139576 0.019506 0.017668
28 0.156047 0.479682 0.013004 0.026502
32 0.648895 0.298587 0.036411 0.024735
29 0.837451 0.203180 0.023407 0.021201
32 0.830299 0.576855 0.022107 0.054770
32 0.704161 0.145760 0.019506 0.051237
32 0.330949 0.393993 0.022107 0.053004
4 0.693108 0.750883 0.036411 0.077739
32 0.654746 0.427562 0.019506 0.053004
32 0.110533 0.480565 0.036411 0.028269
32 0.439532 0.530035 0.020806 0.053004
32 0.655397 0.586572 0.020806 0.053004
37 0.881014 0.492049 0.009103 0.015901
12 0.879064 0.134276 0.036411 0.049470
14 0.452536 0.354240 0.033810 0.065371
14 0.259428 0.355124 0.032510 0.074205
28 0.489597 0.839223 0.019506 0.021201
21 0.338752 0.672261 0.022107 0.022968
18 0.693758 0.232332 0.035111 0.075972
28 0.838752 0.841873 0.018205 0.019435
32 0.355657 0.170495 0.022107 0.051237
29 0.356957 0.350707 0.022107 0.019435
29 0.514954 0.711131 0.023407 0.019435
32 0.364109 0.562721 0.020806 0.051237
32 0.705462 0.835689 0.022107 0.053004
32 0.438882 0.429329 0.019506 0.053004
18 0.260078 0.608657 0.033810 0.065371
32 0.650195 0.670495 0.036411 0.026502
32 0.513654 0.643993 0.020806 0.054770
32 0.172302 0.575972 0.019506 0.053004
14 0.691808 0.514134 0.033810 0.077739
32 0.829649 0.416961 0.020806 0.053004
8 0.063719 0.541519 0.033810 0.047703
32 0.549415 0.095406 0.035111 0.024735
32 0.439532 0.823322 0.020806 0.053004
32 0.273082 0.428445 0.020806 0.051237
32 0.272432 0.531802 0.019506 0.045936
8 0.879064 0.835689 0.036411 0.049470
37 0.873212 0.299470 0.009103 0.012367
32 0.273732 0.158127 0.022107 0.051237
18 0.451886 0.603357 0.035111 0.072438
32 0.339402 0.802120 0.020806 0.053004
28 0.737971 0.410777 0.022107 0.015901
32 0.273082 0.825972 0.023407 0.054770
21 0.354673 0.308997 0.022104 0.022962
37 0.172599 0.701513 0.023978 0.020414
37 0.886761 0.670711 0.023985 0.020422
37 0.838414 0.746419 0.023980 0.020433
29 0.505571 0.190065 0.023415 0.021191
37 0.338240 0.643929 0.023971 0.020430