14 0.788229 0.321695 0.029387 0.085782
14 0.861374 0.191163 0.029397 0.085771
14 0.715744 0.372866 0.029391 0.085760
14 0.653425 0.579634 0.029393 0.085785
14 0.716375 0.667353 0.029385 0.085739
14 0.622890 0.751943 0.029390 0.085771
14 0.514144 0.752987 0.029389 0.085762
14 0.449919 0.755068 0.029392 0.085782
14 0.283298 0.757162 0.029389 0.085773
14 0.218435 0.582764 0.029394 0.085783
14 0.193627 0.758209 0.029390 0.085780
14 0.310003 0.263215 0.029389 0.085754
14 0.166276 0.263221 0.029401 0.085741
18 0.269917 0.139442 0.031802 0.099208
32 0.295440 0.880557 0.016786 0.055113
37 0.331239 0.259389 0.010229 0.015113
32 0.243553 0.881716 0.016788 0.055126
32 0.871161 0.624961 0.016793 0.055117
32 0.871163 0.419540 0.016789 0.055099
32 0.524604 0.277862 0.016790 0.055123
32 0.437599 0.882888 0.016776 0.055142
37 0.882139 0.054591 0.007918 0.011749
37 0.884522 0.954968 0.011084 0.015744
32 0.684740 0.448975 0.031276 0.030324
32 0.683680 0.293162 0.034832 0.022177
32 0.727593 0.880556 0.016787 0.055120
32 0.665752 0.884055 0.016778 0.055106
37 0.319544 0.826095 0.010218 0.015109
18 0.194263 0.399998 0.031806 0.090810
18 0.285204 0.397939 0.031796 0.099212
18 0.860734 0.746720 0.031801 0.099211
18 0.716372 0.135814 0.031795 0.099208
18 0.538951 0.134771 0.031804 0.099211
18 0.425744 0.133726 0.031796 0.099209
37 0.151705 0.822625 0.011244 0.015943
37 0.141286 0.258799 0.010417 0.019654
37 0.880456 0.565018 0.010225 0.015115
32 0.180294 0.881720 0.016785 0.055112
28 0.595010 0.371980 0.029026 0.021409