32 0.180195 0.348618 0.038961 0.033920
28 0.055601 0.489950 0.010552 0.032663
18 0.572240 0.405151 0.037338 0.091709
32 0.357549 0.638819 0.023539 0.069095
28 0.924513 0.560302 0.022727 0.017588
29 0.284903 0.398869 0.024351 0.023869
18 0.343344 0.263191 0.034091 0.086683
32 0.169643 0.618090 0.037338 0.035176
37 0.779221 0.901382 0.009740 0.013819
29 0.055601 0.384422 0.023539 0.022613
32 0.924107 0.653894 0.021916 0.066583
28 0.137987 0.406407 0.022727 0.016332
28 0.558442 0.547111 0.011364 0.033920
32 0.681412 0.589196 0.041396 0.037688
28 0.393263 0.405779 0.010552 0.035176
32 0.096591 0.347990 0.038961 0.032663
32 0.814123 0.626884 0.021104 0.067839
18 0.735795 0.446608 0.033279 0.086683
29 0.357549 0.709799 0.023539 0.022613
32 0.357549 0.156407 0.021916 0.061558
18 0.489854 0.250628 0.033279 0.091709
32 0.504464 0.837940 0.023539 0.065327
31 0.857143 0.513819 0.051948 0.027638
32 0.439529 0.172739 0.023539 0.066583
29 0.924513 0.723618 0.024351 0.022613
32 0.503653 0.711055 0.021916 0.067839
18 0.736201 0.591080 0.034091 0.086683
32 0.283685 0.186558 0.021916 0.069095
32 0.284091 0.327889 0.022727 0.062814
29 0.302760 0.596734 0.024351 0.022613
32 0.261364 0.474874 0.038961 0.035176
32 0.083198 0.553392 0.021916 0.064070
29 0.083198 0.626256 0.023539 0.023869
32 0.681412 0.447864 0.041396 0.033920
18 0.426136 0.332286 0.032468 0.086683
18 0.343344 0.476131 0.034091 0.087940
28 0.640828 0.660804 0.023539 0.020101
32 0.818994 0.334799 0.042208 0.033920
18 0.572646 0.646357 0.036526 0.091709
28 0.302116 0.534415 0.023538 0.020094
21 0.503765 0.476898 0.023853 0.033143
37 0.963753 0.522958 0.041232 0.031539
21 0.503487 0.577184 0.023844 0.033156
37 0.025369 0.487712 0.041238 0.031525
23 0.172833 0.475517 0.039613 0.064431
37 0.798127 0.092056 0.041232 0.031530