32 0.602344 0.526650 0.020313 0.063452
28 0.457813 0.729695 0.021875 0.017766
8 0.960938 0.539340 0.037500 0.058376
32 0.698438 0.402284 0.021875 0.063452
32 0.603906 0.402284 0.020313 0.063452
28 0.210938 0.131980 0.018750 0.020305
28 0.902344 0.535533 0.017188 0.015228
28 0.817187 0.465736 0.009375 0.032995
28 0.311719 0.118020 0.020313 0.017766
32 0.243750 0.748731 0.018750 0.065990
8 0.961719 0.360406 0.035937 0.060914
32 0.389062 0.098985 0.021875 0.060914
32 0.784375 0.540609 0.025000 0.065990
28 0.159375 0.491117 0.021875 0.017766
32 0.388281 0.307107 0.020313 0.060914
32 0.859375 0.527919 0.021875 0.065990
32 0.350781 0.049492 0.039062 0.032995
32 0.698438 0.526650 0.018750 0.063452
32 0.388281 0.401015 0.020313 0.060914
32 0.320312 0.389594 0.021875 0.063452
32 0.295312 0.750000 0.018750 0.063452
18 0.590625 0.635787 0.034375 0.088832
32 0.534375 0.456853 0.021875 0.065990
28 0.781250 0.631980 0.021875 0.020305
28 0.065625 0.548223 0.009375 0.030457
32 0.357812 0.464467 0.037500 0.035533
18 0.521875 0.687817 0.034375 0.091371
28 0.492188 0.425127 0.021875 0.017766
29 0.210156 0.208122 0.023438 0.025381
18 0.590625 0.270305 0.034375 0.088832
18 0.445312 0.354061 0.031250 0.088832
32 0.191406 0.723350 0.023438 0.065990
12 0.029687 0.664975 0.034375 0.055838
18 0.685156 0.631980 0.032813 0.091371
32 0.192188 0.335025 0.021875 0.065990
28 0.354687 0.590102 0.009375 0.032995
18 0.686719 0.271574 0.032813 0.091371
14 0.377344 0.701777 0.032813 0.088832
29 0.783594 0.694162 0.023438 0.022843
18 0.232031 0.546954 0.032813 0.088832
32 0.248438 0.050761 0.040625 0.035533
28 0.757031 0.352792 0.020313 0.015228
18 0.521875 0.217005 0.031250 0.088832
29 0.030469 0.777919 0.023438 0.022843
29 0.860156 0.652284 0.023438 0.025381
32 0.120313 0.548223 0.040625 0.035533
32 0.389062 0.209391 0.021875 0.063452
37 0.321339 0.249806 0.021195 0.030667
37 0.157299 0.418383 0.021175 0.030657
14 0.283322 0.615358 0.032809 0.088831
29 0.313303 0.180344 0.023440 0.025380