29 0.693409 0.970675 0.089073 0.055197
29 0.882371 0.969798 0.088298 0.060403
32 0.882681 0.199959 0.057731 0.147249
32 0.878866 0.803885 0.063313 0.149423
32 0.041031 0.590812 0.053997 0.140752
32 0.037486 0.372965 0.052144 0.140742
23 0.506481 0.419241 0.247866 0.295763
29 0.506472 0.595314 0.086213 0.048856
29 0.040677 0.754149 0.081354 0.053949
28 0.698195 0.799952 0.113172 0.045103
37 0.263081 0.427888 0.079191 0.110143
37 0.928811 0.049269 0.091545 0.098538
37 0.555579 0.264562 0.096220 0.101054
37 0.080866 0.209520 0.094635 0.099239
14 0.846483 0.424098 0.091050 0.184003