18 0.496581 0.550481 0.025641 0.060096
14 0.292308 0.709135 0.027350 0.060096
14 0.160684 0.653245 0.027350 0.061298
14 0.679060 0.894832 0.024786 0.061298
14 0.882479 0.294471 0.026496 0.060096
14 0.038889 0.896034 0.026496 0.063702
37 0.088889 0.479567 0.023932 0.033654
18 0.395299 0.538462 0.028205 0.062500
14 0.497009 0.293269 0.026496 0.060096
14 0.496154 0.408053 0.026496 0.061298
14 0.232479 0.120793 0.027350 0.058894
29 0.637179 0.616587 0.028205 0.019231
18 0.883333 0.623798 0.024786 0.062500
18 0.497009 0.063702 0.028205 0.062500
18 0.292735 0.063702 0.028205 0.062500
18 0.800000 0.480168 0.025641 0.058894
14 0.415812 0.238582 0.026496 0.058894
18 0.618803 0.065505 0.027350 0.058894
18 0.038462 0.066106 0.027350 0.062500
18 0.160684 0.537861 0.027350 0.058894
14 0.161538 0.293269 0.025641 0.057692
18 0.414957 0.724159 0.028205 0.061298
28 0.638462 0.537861 0.023932 0.015625
14 0.394872 0.421875 0.027350 0.060096
14 0.140598 0.894832 0.026496 0.061298
18 0.161111 0.293269 0.026496 0.057692
14 0.161538 0.421875 0.025641 0.057692
14 0.619231 0.896034 0.026496 0.061298
37 0.968376 0.952524 0.015385 0.020433
35 0.029060 0.471755 0.017094 0.051683
14 0.230769 0.894832 0.025641 0.058894
14 0.292308 0.822716 0.025641 0.058894
18 0.679060 0.180889 0.026496 0.058894
18 0.801709 0.065505 0.027350 0.061298
14 0.232479 0.237380 0.025641 0.058894
14 0.740171 0.480168 0.025641 0.058894
18 0.496581 0.666466 0.027350 0.061298
18 0.141453 0.064904 0.029915 0.064904
37 0.963707 0.478537 0.023931 0.033652
37 0.969089 0.012547 0.023925 0.025093
37 0.548564 0.479619 0.023932 0.033658
14 0.497524 0.880378 0.024784 0.061300
14 0.739689 0.895699 0.024791 0.061295
14 0.679466 0.783981 0.024789 0.061303