37 0.307292 0.850564 0.019345 0.024436
37 0.555060 0.856203 0.017857 0.024436
4 0.750744 0.684211 0.055060 0.093985
30 0.352679 0.102444 0.035714 0.028195
4 0.915179 0.698308 0.053571 0.095865
0 0.211310 0.510338 0.056548 0.092105
29 0.632440 0.947368 0.038690 0.030075
0 0.329613 0.358083 0.055060 0.095865
4 0.750744 0.515977 0.055060 0.095865
4 0.607887 0.857143 0.055060 0.093985
4 0.497768 0.678571 0.055060 0.093985
30 0.937500 0.259398 0.035714 0.030075
37 0.279018 0.359962 0.016369 0.024436
0 0.913690 0.344925 0.056548 0.092105
37 0.159226 0.680451 0.017857 0.022556
30 0.773810 0.258459 0.038690 0.028195
37 0.968750 0.515977 0.017857 0.024436
29 0.386905 0.918233 0.035714 0.028195
37 0.061756 0.680451 0.019345 0.022556
4 0.363095 0.851504 0.056548 0.093985
0 0.212054 0.680451 0.055060 0.093985
37 0.697173 0.515038 0.016369 0.022556
37 0.276042 0.188910 0.019345 0.024436
29 0.236607 0.944549 0.035714 0.028195
0 0.329613 0.189850 0.055060 0.093985
29 0.935268 0.765977 0.034226 0.028195
0 0.750744 0.344925 0.058036 0.092105
4 0.214286 0.850564 0.053571 0.095865