28 0.937204 0.509434 0.016588 0.062893
7 0.886394 0.712788 0.027244 0.075472
28 0.853081 0.628931 0.016588 0.062893
30 0.527844 0.056604 0.043839 0.050314
3 0.773697 0.527254 0.026066 0.073375
37 0.030213 0.425577 0.058057 0.054507
3 0.688389 0.225367 0.026066 0.073375
30 0.697867 0.107966 0.023697 0.027254
23 0.300948 0.621593 0.085308 0.136268
3 0.207938 0.206499 0.024882 0.073375
7 0.632701 0.728512 0.026066 0.073375
3 0.611967 0.527254 0.024882 0.073375
3 0.367299 0.207547 0.026066 0.075472
3 0.885664 0.224319 0.024882 0.075472
3 0.518365 0.225367 0.027251 0.073375
29 0.978673 0.678197 0.042654 0.048218
7 0.752962 0.729560 0.027251 0.075472
3 0.207346 0.374214 0.026066 0.073375
7 0.367299 0.762055 0.026066 0.077568
32 0.155806 0.528302 0.048578 0.046122
7 0.367299 0.527254 0.026066 0.077568
3 0.367299 0.376310 0.026066 0.077568
7 0.208159 0.763726 0.026067 0.077575
37 0.586365 0.525972 0.011360 0.021156
37 0.798895 0.524898 0.011366 0.021155
29 0.538178 0.946109 0.042453 0.027518