4 0.237967 0.788729 0.020102 0.043135
0 0.933324 0.113404 0.020668 0.043135
12 0.529587 0.414425 0.026897 0.042208
0 0.494621 0.659787 0.020385 0.042208
0 0.564836 0.222171 0.020385 0.043599
4 0.509768 0.897263 0.020102 0.042208
4 0.771659 0.396336 0.019536 0.042208
4 0.654870 0.761596 0.020951 0.042672
28 0.805776 0.570965 0.026048 0.019481
12 0.035815 0.259276 0.025198 0.041744
37 0.360419 0.487941 0.009060 0.013915
37 0.602916 0.327832 0.008211 0.014842
12 0.152180 0.241419 0.025764 0.040353
12 0.304502 0.872217 0.025198 0.040353
4 0.910532 0.652365 0.020951 0.043135
0 0.237401 0.195733 0.020102 0.042672
0 0.910249 0.286178 0.019253 0.041744
0 0.509202 0.113173 0.020102 0.041744
4 0.565119 0.760436 0.020385 0.043135
0 0.865940 0.359230 0.020668 0.042208
37 0.971121 0.487709 0.008494 0.015306
29 0.035532 0.677180 0.025764 0.025046
4 0.222112 0.424165 0.020102 0.044063
4 0.377265 0.788497 0.019536 0.043599
12 0.530011 0.561224 0.026614 0.042672
0 0.771801 0.223330 0.020385 0.042208
28 0.805634 0.381494 0.026331 0.018089
4 0.771659 0.760900 0.020668 0.043135
4 0.565119 0.324443 0.020385 0.043135
4 0.494479 0.324212 0.020102 0.042672
4 0.670300 0.396800 0.020102 0.043135
4 0.933607 0.897727 0.021801 0.043135
4 0.042186 0.515538 0.022084 0.044063
0 0.770951 0.560065 0.019819 0.041280
0 0.564836 0.658859 0.020385 0.043135
0 0.670725 0.559601 0.021518 0.044063
0 0.311863 0.278293 0.019536 0.041744
4 0.377548 0.195501 0.021234 0.042208
37 0.336920 0.277365 0.010193 0.013915
4 0.144253 0.515074 0.020102 0.042208
2 0.655011 0.222866 0.021234 0.043135
29 0.530399 0.451166 0.025253 0.015868
30 0.529706 0.527959 0.026636 0.015302
37 0.602943 0.663276 0.009061 0.013915
37 0.260572 0.580268 0.009060 0.013913