32 0.339216 0.590909 0.023529 0.097902
37 0.096078 0.129371 0.011765 0.027972
32 0.286275 0.636364 0.023529 0.097902
23 0.734314 0.423077 0.135294 0.258741
32 0.612745 0.660839 0.025490 0.097902
29 0.613725 0.770979 0.035294 0.038462
29 0.286275 0.958042 0.035294 0.041958
29 0.339216 0.723776 0.035294 0.041958
37 0.952941 0.426573 0.015686 0.027972
4 0.301961 0.802448 0.035294 0.108392
32 0.469608 0.802448 0.052941 0.045455
32 0.795098 0.566434 0.052941 0.048951
32 0.207843 0.124126 0.050980 0.045455
23 0.458824 0.377622 0.133333 0.251748
28 0.436275 0.125874 0.017647 0.062937
32 0.208824 0.428322 0.052941 0.045455
37 0.612745 0.076923 0.017647 0.027972