29 0.433896 0.975138 0.026723 0.027624
0 0.199015 0.313996 0.037975 0.075506
36 0.772855 0.378453 0.029536 0.023941
29 0.066807 0.976059 0.026723 0.025783
36 0.428270 0.401473 0.029536 0.022099
0 0.350914 0.313076 0.035162 0.073665
32 0.063994 0.146409 0.043601 0.086556
37 0.971871 0.471455 0.016878 0.033149
32 0.835443 0.478821 0.042194 0.081031
32 0.689873 0.617864 0.043601 0.079190
4 0.198034 0.886935 0.036564 0.069985
36 0.336850 0.401473 0.029536 0.022099
14 0.515613 0.749913 0.029252 0.085462
4 0.591421 0.123389 0.035162 0.073665
4 0.419976 0.883613 0.038265 0.076617
4 0.052039 0.433702 0.036568 0.068140
4 0.052743 0.730758 0.035162 0.080300
0 0.494374 0.313076 0.035162 0.073665
32 0.765120 0.881215 0.042194 0.082873
4 0.053168 0.886013 0.036013 0.077734
14 0.327707 0.746777 0.025316 0.075506
32 0.689873 0.478821 0.043601 0.081031
4 0.052039 0.582873 0.036568 0.068140
29 0.185654 0.976059 0.025316 0.025783
36 0.509142 0.536832 0.030942 0.023941
14 0.684248 0.745856 0.026723 0.077348
29 0.767932 0.974217 0.028129 0.029466
36 0.336850 0.535912 0.029536 0.025783
0 0.758087 0.313996 0.036568 0.075506
0 0.957806 0.312155 0.036568 0.071823
14 0.830520 0.744936 0.029536 0.079190
36 0.691983 0.563536 0.030942 0.022099
37 0.605518 0.033430 0.030376 0.036443