4 0.111722 0.631443 0.058608 0.097938
4 0.921245 0.627577 0.058608 0.100515
0 0.688645 0.194588 0.058608 0.100515
4 0.544872 0.627577 0.056777 0.100515
29 0.519231 0.957474 0.034799 0.038660
4 0.114469 0.802835 0.060440 0.100515
6 0.737179 0.628866 0.056777 0.097938
37 0.391026 0.197165 0.012821 0.018041
30 0.712454 0.081186 0.080586 0.028351
0 0.689560 0.363402 0.056777 0.097938
30 0.303114 0.088918 0.082418 0.048969
12 0.090659 0.497423 0.060440 0.077320
37 0.851648 0.800258 0.014652 0.023196
0 0.495421 0.194588 0.056777 0.100515
30 0.944139 0.405928 0.082418 0.028351
4 0.920330 0.798969 0.056777 0.097938
4 0.543956 0.800258 0.058608 0.095361
29 0.088828 0.952320 0.034799 0.038660
2 0.496337 0.364691 0.058608 0.100515
30 0.520147 0.081186 0.080586 0.023196
37 0.610806 0.800258 0.012821 0.018041
4 0.735348 0.797680 0.056777 0.095361
12 0.943223 0.492268 0.058608 0.077320
0 0.326007 0.195876 0.058608 0.103093
29 0.944139 0.956186 0.034799 0.041237
29 0.297823 0.953462 0.034797 0.038672
29 0.711538 0.957474 0.034799 0.038660
37 0.804945 0.479381 0.016484 0.025773
4 0.275641 0.627577 0.060440 0.100515
4 0.274725 0.800258 0.058608 0.100515
37 0.431319 0.194588 0.009158 0.012887
30 0.089744 0.409794 0.084249 0.030928
0 0.325092 0.362113 0.060440 0.100515
37 0.601409 0.198389 0.015561 0.027141
37 0.796749 0.800917 0.010343 0.016459