32 0.618195 0.862955 0.098854 0.098501
28 0.740688 0.866167 0.042980 0.100642
37 0.163324 0.435760 0.071633 0.087794
31 0.416189 0.542827 0.070201 0.134904
29 0.955587 0.534261 0.054441 0.062099
28 0.297994 0.435760 0.028653 0.092077
31 0.618195 0.862955 0.098854 0.098501
29 0.663324 0.726981 0.054441 0.062099
4 0.612256 0.435333 0.109899 0.168310
4 0.853152 0.443255 0.118911 0.171306
31 0.758596 0.175589 0.067335 0.137045
31 0.684814 0.595289 0.065903 0.132762
37 0.387161 0.653524 0.021094 0.025485
37 0.732083 0.080432 0.014728 0.022692
37 0.260542 0.967122 0.027596 0.036402