29 0.106734 0.844322 0.058450 0.018315
4 0.799873 0.292125 0.057179 0.078755
4 0.128335 0.706044 0.053367 0.078755
4 0.525413 0.497253 0.057179 0.078755
30 0.773189 0.155678 0.074968 0.014652
4 0.800508 0.499084 0.053367 0.078755
29 0.504447 0.843407 0.058450 0.016484
4 0.525413 0.704212 0.054638 0.078755
30 0.109276 0.361722 0.055909 0.016484
30 0.505718 0.361722 0.058450 0.016484
4 0.128335 0.499084 0.058450 0.078755
37 0.859750 0.294390 0.013105 0.017732
37 0.586032 0.500884 0.013118 0.017713
37 0.187604 0.498296 0.013115 0.017694
37 0.965119 0.433087 0.013115 0.017715
37 0.299991 0.638536 0.013105 0.017719
37 0.822141 0.638933 0.013106 0.017718