28 0.312290 0.788636 0.028620 0.068182
28 0.312290 0.257955 0.028620 0.065909
29 0.820707 0.940909 0.038721 0.027273
28 0.532828 0.403409 0.028620 0.065909
4 0.148148 0.865909 0.040404 0.059091
28 0.451178 0.637500 0.026936 0.065909
29 0.165825 0.940909 0.038721 0.027273
37 0.055556 0.185227 0.013468 0.020455
28 0.674242 0.257955 0.028620 0.065909
4 0.805556 0.639773 0.042088 0.061364
32 0.430135 0.787500 0.038721 0.052273
8 0.514220 0.786393 0.062298 0.075011
28 0.336700 0.475000 0.050505 0.036364
0 0.837542 0.184091 0.042088 0.063636
30 0.819865 0.088636 0.040404 0.022727
28 0.648990 0.476136 0.052189 0.038636
36 0.398990 0.394318 0.043771 0.038636
37 0.931818 0.184091 0.011785 0.018182
4 0.837542 0.864773 0.042088 0.061364
0 0.182660 0.404545 0.042088 0.059091
36 0.585017 0.628409 0.045455 0.038636
30 0.165825 0.087500 0.042088 0.020455
4 0.182660 0.639773 0.042088 0.061364
0 0.803872 0.404545 0.042088 0.059091
28 0.674242 0.788636 0.028620 0.068182
0 0.148990 0.184091 0.042088 0.063636
37 0.058079 0.519209 0.011351 0.016088
37 0.929381 0.517303 0.014208 0.014576