31 0.269063 0.413014 0.128540 0.023288
29 0.641612 0.643151 0.076253 0.026027
31 0.476035 0.871918 0.037037 0.083562
28 0.131808 0.554795 0.071895 0.024658
32 0.541394 0.733562 0.071895 0.026027
31 0.476035 0.567808 0.032680 0.086301
31 0.258170 0.728082 0.128540 0.020548
37 0.295207 0.033562 0.063181 0.039726
32 0.467320 0.246575 0.041394 0.046575
32 0.131808 0.273288 0.041394 0.047945
32 0.745098 0.404795 0.043573 0.047945
29 0.471678 0.982877 0.080610 0.026027
28 0.642702 0.563014 0.074074 0.021918
37 0.088235 0.732877 0.058824 0.038356
28 0.539216 0.299315 0.037037 0.050685
29 0.745098 0.495205 0.074074 0.026027
7 0.431373 0.731507 0.108932 0.093151
37 0.168845 0.805479 0.045752 0.032877
28 0.331155 0.805479 0.039216 0.063014
37 0.671024 0.733562 0.061002 0.039726
4 0.422658 0.415068 0.100218 0.093151
31 0.474946 0.152740 0.034858 0.086301
37 0.827887 0.300685 0.052288 0.034247