32 0.289300 0.474553 0.071334 0.052270
28 0.844122 0.213205 0.026420 0.049519
32 0.250330 0.151994 0.048877 0.070151
29 0.509247 0.920220 0.051519 0.030261
0 0.656539 0.215268 0.084544 0.103164
0 0.358653 0.215268 0.085865 0.103164
30 0.509908 0.095598 0.050198 0.023384
4 0.647292 0.646492 0.071334 0.104539
32 0.731176 0.474553 0.072655 0.052270
28 0.294584 0.740715 0.026420 0.050894
32 0.752312 0.151994 0.048877 0.070151
28 0.852708 0.808116 0.027741 0.050894
37 0.093791 0.475241 0.026420 0.026135
28 0.294584 0.309491 0.026420 0.049519
37 0.934610 0.475241 0.025099 0.026135
37 0.756935 0.943604 0.021136 0.022008
28 0.170410 0.808116 0.026420 0.050894
28 0.718626 0.721458 0.026420 0.050894
4 0.647952 0.808116 0.070013 0.100413
37 0.250991 0.078404 0.021136 0.024759
28 0.171731 0.213205 0.026420 0.052270
4 0.367239 0.807428 0.071334 0.101788
37 0.435271 0.474553 0.025099 0.027510
32 0.253633 0.869326 0.050198 0.068776
28 0.720608 0.275103 0.027741 0.049519
0 0.359974 0.377579 0.088507 0.103164
37 0.252972 0.943604 0.022457 0.022008
37 0.576618 0.475241 0.025099 0.026135
37 0.752312 0.078404 0.022457 0.024759
4 0.367900 0.645117 0.070013 0.101788
0 0.655878 0.377579 0.085865 0.103164
32 0.756935 0.868638 0.050198 0.070151