8 0.182420 0.487654 0.092628 0.098765
29 0.603970 0.968107 0.066163 0.043210
12 0.520794 0.168724 0.092628 0.102881
28 0.874291 0.623457 0.069943 0.057613
12 0.266541 0.582305 0.090737 0.098765
37 0.655955 0.337449 0.034026 0.037037
12 0.482987 0.811728 0.092628 0.100823
4 0.647448 0.846708 0.100189 0.150206
12 0.724953 0.564815 0.092628 0.100823
4 0.561437 0.551440 0.102079 0.156379
29 0.059546 0.581276 0.043478 0.076132
32 0.348771 0.486626 0.096408 0.076132
32 0.346881 0.670782 0.096408 0.078189
32 0.520794 0.337449 0.096408 0.074074
8 0.188705 0.668367 0.092641 0.098756