29 0.913345 0.750000 0.036395 0.043071
2 0.252166 0.209738 0.043328 0.112360
28 0.912478 0.620787 0.045061 0.054307
36 0.487435 0.789326 0.016464 0.024345
0 0.361352 0.209738 0.041594 0.112360
4 0.396014 0.500000 0.039861 0.112360
0 0.123917 0.207865 0.041594 0.116105
4 0.686308 0.794944 0.041594 0.114232
4 0.848354 0.795880 0.039861 0.112360
4 0.577990 0.705993 0.041594 0.116105
2 0.612218 0.475655 0.040728 0.116105
37 0.198440 0.505618 0.017331 0.041199
0 0.503466 0.471910 0.041594 0.112360
32 0.703206 0.476592 0.033795 0.129213
4 0.251733 0.500000 0.042461 0.116105
0 0.849220 0.208801 0.041594 0.110487
4 0.123050 0.794007 0.043328 0.116105
36 0.378250 0.350187 0.016464 0.026217
0 0.719671 0.208801 0.042461 0.110487
6 0.307192 0.797753 0.042461 0.112360
28 0.808059 0.618914 0.025130 0.095506
37 0.944541 0.501873 0.015598 0.033708
4 0.503899 0.705993 0.042461 0.112360
29 0.486568 0.963483 0.037262 0.046816
0 0.685442 0.323034 0.041594 0.114232
36 0.595321 0.788390 0.017331 0.026217
37 0.198007 0.677903 0.016464 0.033708
36 0.703206 0.612360 0.018198 0.026217
36 0.324523 0.671348 0.016464 0.024345
12 0.107452 0.508427 0.062392 0.132959
30 0.269753 0.093754 0.027730 0.024336
30 0.376833 0.095176 0.027723 0.024345
30 0.703325 0.096599 0.027730 0.024341