29 0.709001 0.966265 0.036991 0.048193
37 0.093095 0.504819 0.028360 0.055422
32 0.454994 0.233735 0.034525 0.091566
8 0.225031 0.727711 0.077682 0.149398
37 0.553021 0.155422 0.025894 0.050602
8 0.710234 0.307229 0.078915 0.151807
29 0.454377 0.368675 0.035758 0.048193
37 0.383477 0.142169 0.027127 0.053012
37 0.838471 0.510843 0.029593 0.053012
29 0.225031 0.965060 0.038224 0.050602
8 0.225031 0.292771 0.077682 0.151807
29 0.923551 0.837349 0.036991 0.050602
32 0.922318 0.704819 0.036991 0.093976
8 0.709001 0.733735 0.076449 0.146988