4 0.685333 0.267554 0.101333 0.094431
4 0.350667 0.727603 0.104000 0.094431
4 0.457333 0.874092 0.120000 0.111380
37 0.716000 0.502421 0.040000 0.031477
31 0.617333 0.601695 0.114667 0.055690
31 0.616000 0.145278 0.117333 0.058111
4 0.350667 0.269976 0.104000 0.094431
29 0.508000 0.966102 0.066667 0.033898
37 0.716000 0.046005 0.040000 0.033898
31 0.408000 0.602906 0.117333 0.053269
28 0.897333 0.412833 0.178667 0.065375
31 0.408000 0.145278 0.117333 0.053269
28 0.137333 0.414044 0.184000 0.062954
4 0.686667 0.726392 0.104000 0.096852
4 0.454667 0.427361 0.120000 0.108959
37 0.354782 0.874275 0.018971 0.015973