28 0.467853 0.673963 0.033295 0.039171
28 0.466131 0.264977 0.034443 0.041475
31 0.376005 0.132488 0.074627 0.080645
37 0.891504 0.388249 0.019518 0.039171
29 0.290471 0.800691 0.034443 0.039171
37 0.891504 0.302995 0.019518 0.039171
31 0.375431 0.542627 0.075775 0.076037
29 0.467279 0.800691 0.034443 0.039171
21 0.183697 0.672811 0.036739 0.073733
27 0.754879 0.345622 0.109070 0.230415
28 0.290471 0.676267 0.034443 0.039171
25 0.609644 0.541475 0.101033 0.230415
21 0.181975 0.262673 0.040184 0.073733
29 0.287026 0.391705 0.034443 0.036866
29 0.182549 0.800691 0.034443 0.039171
29 0.181401 0.390553 0.034443 0.039171
25 0.606200 0.132488 0.103330 0.228111
28 0.287600 0.264977 0.033295 0.041475
29 0.466131 0.391705 0.034443 0.036866