32 0.202599 0.249571 0.041284 0.080617
29 0.716361 0.934820 0.047401 0.027444
32 0.716361 0.251286 0.041284 0.084048
32 0.517584 0.248714 0.041284 0.082333
31 0.202599 0.391938 0.053517 0.108062
31 0.716361 0.392796 0.056575 0.109777
31 0.358563 0.588336 0.096330 0.061750
28 0.181193 0.794168 0.044343 0.030875
29 0.107798 0.936535 0.044343 0.027444
32 0.715596 0.809605 0.042813 0.085763
29 0.202599 0.690395 0.047401 0.029160
4 0.168960 0.587479 0.077982 0.118353
29 0.516820 0.934820 0.045872 0.027444
29 0.885321 0.626930 0.045872 0.029160
28 0.884557 0.536878 0.044343 0.030875
12 0.107798 0.793310 0.056575 0.063465
28 0.827217 0.823328 0.042813 0.030875
29 0.827217 0.934820 0.045872 0.027444
32 0.517584 0.831904 0.041284 0.085763
31 0.517584 0.391938 0.056575 0.108062
37 0.948777 0.478559 0.022936 0.027444
29 0.181957 0.936535 0.045872 0.027444
30 0.363150 0.138079 0.050459 0.015437
4 0.484709 0.589194 0.076453 0.114923
4 0.683486 0.585763 0.076453 0.118353