12 0.553412 0.255869 0.059347 0.183099
21 0.107567 0.314554 0.060831 0.197183
37 0.878338 0.312207 0.023739 0.070423
23 0.788576 0.453052 0.185460 0.577465
21 0.109050 0.600939 0.057864 0.187793
36 0.482938 0.457746 0.034125 0.183099
37 0.107567 0.131455 0.022255 0.075117
23 0.412463 0.701878 0.121662 0.370892
30 0.552671 0.126761 0.054896 0.056338
28 0.206973 0.805164 0.057864 0.089202
28 0.628338 0.457746 0.028190 0.183099
29 0.553412 0.826291 0.035608 0.084507
37 0.303412 0.786385 0.022255 0.070423
32 0.206973 0.586854 0.028190 0.159624
37 0.879080 0.607981 0.022255 0.070423
37 0.108309 0.762911 0.023739 0.070423
12 0.553412 0.650235 0.059347 0.183099
29 0.206231 0.924883 0.035608 0.084507