37 0.858932 0.311813 0.028381 0.024725
30 0.652755 0.554945 0.040067 0.032967
4 0.448247 0.764423 0.078464 0.075549
0 0.617696 0.622940 0.080134 0.075549
0 0.448247 0.100962 0.081803 0.075549
37 0.858932 0.833791 0.028381 0.024725
37 0.156093 0.700549 0.028381 0.024725
37 0.156093 0.178571 0.028381 0.024725
37 0.858932 0.207418 0.028381 0.024725
0 0.277963 0.623626 0.075125 0.074176
0 0.617696 0.101648 0.080134 0.076923
0 0.782137 0.621566 0.078464 0.075549
37 0.152755 0.101648 0.028381 0.024725
29 0.816361 0.454670 0.040067 0.035714
29 0.312187 0.454670 0.040067 0.035714
29 0.651085 0.978022 0.043406 0.035714
0 0.783231 0.101806 0.078467 0.075559
4 0.278798 0.381868 0.076795 0.076923
4 0.783806 0.904533 0.075125 0.075549
29 0.312187 0.978022 0.043406 0.035714
4 0.617696 0.382555 0.076795 0.078297
29 0.482471 0.455357 0.043406 0.037088
37 0.268781 0.550824 0.023372 0.019231
4 0.449082 0.382555 0.076795 0.078297
30 0.816361 0.551511 0.036728 0.034341
0 0.446578 0.623626 0.078464 0.076923
0 0.278798 0.101648 0.076795 0.074176
4 0.277963 0.765110 0.078464 0.076923
30 0.313022 0.552198 0.045075 0.032967
29 0.815526 0.977335 0.041736 0.034341
37 0.858932 0.729396 0.028381 0.024725
4 0.783806 0.382555 0.075125 0.075549
4 0.617696 0.903846 0.076795 0.076923
4 0.449082 0.904533 0.076795 0.078297
4 0.278798 0.903846 0.076795 0.076923
30 0.316023 0.029842 0.043414 0.024126
29 0.482471 0.978022 0.043406 0.035714
30 0.483306 0.553571 0.045075 0.035714
29 0.650250 0.454670 0.041736 0.035714
30 0.481932 0.028265 0.044583 0.023620
30 0.652258 0.027400 0.043421 0.024137
30 0.815064 0.027402 0.043398 0.024126
0 0.277538 0.243875 0.076801 0.074174
0 0.445734 0.243882 0.076789 0.074183