29 0.788966 0.958412 0.030345 0.045369
0 0.764138 0.226843 0.057931 0.098299
37 0.342069 0.609641 0.044138 0.051040
4 0.410345 0.610586 0.056552 0.102079
37 0.913793 0.538752 0.045517 0.052930
37 0.125517 0.610586 0.049655 0.060491
30 0.431724 0.126654 0.044138 0.041588
30 0.220690 0.124764 0.038621 0.045369
0 0.573103 0.226843 0.056552 0.098299
0 0.460000 0.227788 0.056552 0.100189
4 0.195172 0.609641 0.062069 0.100189
29 0.324138 0.956522 0.033103 0.052930
37 0.234483 0.847826 0.049655 0.062382
4 0.299310 0.846881 0.063448 0.105860
0 0.246207 0.225898 0.062069 0.100189
29 0.597931 0.958412 0.031724 0.045369
4 0.764828 0.850662 0.059310 0.102079
4 0.621379 0.850662 0.059310 0.102079
30 0.599029 0.121238 0.044127 0.041584
30 0.790584 0.122360 0.044147 0.041583