4 0.163910 0.581535 0.063158 0.112710
29 0.779699 0.958034 0.031579 0.050360
30 0.428571 0.056355 0.039098 0.045564
29 0.185714 0.955635 0.031579 0.055156
30 0.590977 0.057554 0.039098 0.043165
4 0.405263 0.580336 0.058647 0.110312
0 0.455639 0.165468 0.057143 0.110312
30 0.188722 0.053957 0.034586 0.045564
37 0.098496 0.581535 0.049624 0.069544
4 0.162406 0.839329 0.060150 0.115108
37 0.341353 0.838129 0.045113 0.064748
37 0.100000 0.838129 0.049624 0.069544
4 0.615038 0.841727 0.057143 0.110312
4 0.755639 0.841727 0.058647 0.115108
37 0.341353 0.577938 0.045113 0.062350
4 0.403759 0.841727 0.058647 0.115108
29 0.590977 0.956835 0.030075 0.047962
37 0.902256 0.503597 0.045113 0.057554
0 0.754887 0.165468 0.057143 0.110312
29 0.430075 0.955635 0.030075 0.050360
0 0.566917 0.165468 0.054135 0.110312
0 0.212030 0.164269 0.057143 0.112710
30 0.777597 0.052812 0.048116 0.052769