29 0.109818 0.934448 0.030360 0.022917
32 0.780108 0.603646 0.065584 0.053760
4 0.400403 0.840019 0.053127 0.089451
0 0.360850 0.370272 0.053131 0.089465
29 0.898585 0.933561 0.030369 0.022922
37 0.960195 0.603055 0.017530 0.022626
0 0.649034 0.368927 0.053125 0.089452
32 0.226169 0.603412 0.065584 0.053758
28 0.158418 0.602055 0.023681 0.076886
0 0.401664 0.499778 0.053142 0.089452
37 0.277416 0.371002 0.017528 0.022627
4 0.604799 0.702066 0.053139 0.089460
4 0.878043 0.838889 0.053128 0.089452
0 0.605323 0.501123 0.053122 0.089458
30 0.897154 0.073066 0.030356 0.022912
0 0.129607 0.170135 0.053138 0.089459
0 0.482870 0.170904 0.053134 0.089450
37 0.045756 0.602020 0.017527 0.022620
4 0.604435 0.839124 0.053128 0.089441
29 0.626791 0.934003 0.030366 0.022913
0 0.879063 0.167565 0.053138 0.089442
30 0.505187 0.073063 0.030372 0.022912
30 0.111423 0.075656 0.030357 0.022934
29 0.380513 0.935338 0.030364 0.022914
4 0.132258 0.837346 0.053125 0.089462
4 0.400769 0.703848 0.053125 0.089452
28 0.849700 0.601961 0.023675 0.076896
37 0.729563 0.371208 0.017516 0.022625