37 0.318913 0.456401 0.018109 0.033395
18 0.612173 0.688312 0.039235 0.144712
28 0.878773 0.660482 0.053320 0.051948
37 0.555835 0.457328 0.019115 0.035250
28 0.703219 0.543599 0.028169 0.096475
29 0.438129 0.971243 0.045272 0.042672
4 0.481388 0.806122 0.047284 0.113173
2 0.606640 0.223562 0.050302 0.113173
0 0.795775 0.223562 0.048290 0.109462
18 0.264588 0.688312 0.040241 0.144712
29 0.878270 0.794063 0.042254 0.040816
36 0.250503 0.799629 0.018109 0.022263
36 0.438129 0.800557 0.017103 0.020408
37 0.908954 0.543599 0.019115 0.037106
2 0.229376 0.223562 0.048290 0.109462
0 0.143360 0.222635 0.049296 0.111317
2 0.418008 0.224490 0.049296 0.115028
4 0.796781 0.805195 0.048290 0.111317
6 0.395372 0.807050 0.048290 0.111317
12 0.123742 0.570501 0.072435 0.131725
3 0.395372 0.455473 0.048290 0.109462
32 0.563883 0.542672 0.069416 0.072356
36 0.628270 0.538033 0.017103 0.022263
30 0.627345 0.108859 0.032193 0.024111
30 0.251896 0.114827 0.032186 0.024114
3 0.479781 0.456888 0.048285 0.109460
30 0.436384 0.107373 0.032194 0.024126