0 0.890723 0.351423 0.058176 0.080071
37 0.051887 0.398577 0.018868 0.021352
0 0.653302 0.138790 0.058176 0.078292
36 0.205975 0.562278 0.037736 0.028470
0 0.183962 0.397687 0.056604 0.076512
4 0.652516 0.491993 0.056604 0.080071
4 0.889937 0.867438 0.056604 0.080071
37 0.478774 0.865658 0.017296 0.023132
29 0.631289 0.978648 0.033019 0.028470
0 0.888365 0.137011 0.059748 0.081851
0 0.380503 0.398577 0.056604 0.074733
36 0.357704 0.561388 0.036164 0.026690
29 0.910377 0.982206 0.031447 0.028470
37 0.048742 0.565836 0.018868 0.021352
36 0.630503 0.806050 0.034591 0.024911
30 0.583333 0.038256 0.050314 0.023132
0 0.650943 0.350534 0.059748 0.078292
0 0.306604 0.253559 0.056604 0.076512
23 0.771226 0.298932 0.108491 0.110320
4 0.887579 0.491103 0.058176 0.081851
37 0.834906 0.419039 0.018868 0.019573
37 0.706761 0.419039 0.017296 0.019573
23 0.771226 0.545374 0.108491 0.115658
4 0.610063 0.865658 0.053459 0.080071
36 0.631289 0.696619 0.039308 0.026690
37 0.414308 0.256228 0.020440 0.021352