30 0.777017 0.066230 0.047184 0.016012
0 0.671994 0.401019 0.053272 0.059680
4 0.892694 0.694323 0.053272 0.058224
4 0.153729 0.490539 0.051750 0.058224
37 0.840944 0.476710 0.016743 0.016012
4 0.636225 0.895197 0.051750 0.061135
4 0.892694 0.565502 0.053272 0.059680
4 0.671994 0.694323 0.050228 0.061135
37 0.724505 0.476710 0.015221 0.016012
37 0.542618 0.492722 0.016743 0.016012
4 0.672755 0.564774 0.051750 0.061135
36 0.653729 0.254731 0.031963 0.020378
4 0.452055 0.491266 0.051750 0.059680
4 0.892694 0.895197 0.053272 0.064047
29 0.653729 0.979622 0.028919 0.023290
27 0.783866 0.363173 0.100457 0.085881
37 0.514460 0.893741 0.018265 0.017467
29 0.307458 0.977438 0.030441 0.024745
0 0.891933 0.141194 0.051750 0.061135
37 0.057078 0.492722 0.016743 0.016012
37 0.216895 0.677584 0.016743 0.016012
4 0.286910 0.863173 0.053272 0.061135
37 0.222222 0.861718 0.018265 0.017467
0 0.672755 0.141194 0.051750 0.058224
0 0.892694 0.401019 0.053272 0.059680
36 0.653729 0.849345 0.035008 0.018923
4 0.286910 0.676856 0.053272 0.061135
29 0.909720 0.981639 0.028910 0.023290
27 0.783933 0.737897 0.100451 0.085869