36 0.707055 0.827778 0.027607 0.018519
29 0.917178 0.966667 0.021472 0.025926
4 0.440184 0.831481 0.046012 0.066667
4 0.542178 0.529630 0.041411 0.066667
4 0.438650 0.676852 0.042945 0.064815
37 0.615031 0.528704 0.015337 0.020370
0 0.901840 0.156481 0.042945 0.064815
0 0.901074 0.338889 0.044479 0.062963
4 0.351227 0.530556 0.042945 0.064815
4 0.901840 0.685185 0.042945 0.062963
32 0.160276 0.341667 0.016871 0.038889
0 0.722393 0.338889 0.046012 0.062963
37 0.084356 0.531481 0.015337 0.018519
4 0.722393 0.684259 0.042945 0.064815
30 0.808282 0.075000 0.036810 0.020370
37 0.860429 0.512963 0.015337 0.018519
36 0.707055 0.275926 0.027607 0.022222
4 0.722393 0.875926 0.042945 0.066667
0 0.723160 0.155556 0.044479 0.062963
29 0.423313 0.962963 0.024540 0.025926
36 0.707055 0.727778 0.027607 0.022222
4 0.902607 0.875926 0.044479 0.062963
37 0.764571 0.512963 0.016871 0.018519
37 0.283742 0.529630 0.015337 0.018519
4 0.143405 0.529630 0.044479 0.066667
29 0.706746 0.966263 0.024538 0.025926