0 0.194595 0.170262 0.118919 0.090909
32 0.148649 0.699538 0.086486 0.086287
37 0.913514 0.238059 0.043243 0.026194
32 0.712162 0.520801 0.089189 0.086287
29 0.431081 0.986133 0.202703 0.027735
0 0.663514 0.167180 0.116216 0.087827
32 0.148649 0.523883 0.086486 0.086287
32 0.710811 0.346687 0.086486 0.089368
23 0.428378 0.294299 0.272973 0.135593
18 0.214865 0.836672 0.154054 0.086287
30 0.706205 0.062237 0.055705 0.021857
18 0.645232 0.836672 0.154034 0.086287
30 0.148326 0.064863 0.055701 0.021869