4 0.925926 0.781069 0.034769 0.088150
0 0.399849 0.287572 0.033258 0.083815
4 0.846183 0.781069 0.034014 0.085260
0 0.847695 0.448699 0.034014 0.085260
0 0.672336 0.286127 0.034014 0.089595
2 0.461451 0.156069 0.034014 0.086705
2 0.294407 0.156069 0.034014 0.086705
32 0.097884 0.324422 0.024943 0.082370
0 0.749055 0.448699 0.033258 0.085260
4 0.488284 0.783237 0.033258 0.086705
4 0.321240 0.783237 0.033258 0.086705
28 0.518141 0.476879 0.040060 0.031792
0 0.784958 0.152457 0.034014 0.088150
18 0.219955 0.784682 0.043840 0.083815
37 0.199334 0.258244 0.012850 0.023110
18 0.117914 0.784682 0.043840 0.086705
0 0.925926 0.283237 0.034769 0.086705
29 0.168934 0.924133 0.053666 0.027457
2 0.223734 0.155347 0.033258 0.088150
32 0.098639 0.656069 0.024943 0.080925
4 0.558201 0.781792 0.034014 0.089595
32 0.238095 0.325867 0.025699 0.085260
0 0.583900 0.153902 0.034014 0.085260
0 0.111111 0.156069 0.033258 0.083815
2 0.346183 0.287572 0.034769 0.086705
4 0.750567 0.781792 0.033258 0.086705
4 0.672714 0.781069 0.033258 0.088150
32 0.238473 0.455202 0.024943 0.086705
37 0.361397 0.715441 0.018236 0.055098
30 0.938603 0.057351 0.017944 0.021220
30 0.797217 0.058257 0.017944 0.021199
30 0.657090 0.057593 0.017959 0.021206
30 0.572140 0.059328 0.017951 0.021203
30 0.474509 0.057163 0.017951 0.021223
30 0.411758 0.059756 0.017946 0.021194
30 0.360335 0.059751 0.017941 0.021201
30 0.309140 0.061492 0.017943 0.021199
30 0.238913 0.061915 0.017945 0.021215
30 0.097005 0.059777 0.017947 0.021210