4 0.651408 0.618632 0.046948 0.064047
32 0.705986 0.145560 0.031690 0.049491
31 0.837441 0.681951 0.055164 0.045124
31 0.373826 0.422853 0.038732 0.071325
29 0.262911 0.790393 0.032864 0.032023
29 0.741197 0.791121 0.034038 0.033479
31 0.374413 0.743086 0.039906 0.071325
31 0.375000 0.148472 0.038732 0.072780
37 0.053404 0.682678 0.017606 0.020378
28 0.096831 0.683406 0.022300 0.050946
29 0.505869 0.973799 0.032864 0.029112
37 0.536385 0.209607 0.016432 0.020378
37 0.954225 0.682678 0.016432 0.020378
37 0.732394 0.331878 0.016432 0.020378
31 0.171362 0.682678 0.056338 0.043668
30 0.630282 0.080786 0.030516 0.016012
12 0.505869 0.894469 0.053991 0.068413
29 0.505869 0.722707 0.035211 0.030568
37 0.273474 0.617176 0.016432 0.020378
4 0.355047 0.334061 0.045775 0.062591
4 0.571009 0.521106 0.048122 0.064047
12 0.505282 0.632460 0.055164 0.065502
31 0.630869 0.151383 0.038732 0.072780
28 0.741197 0.732169 0.038732 0.026201
4 0.437793 0.520378 0.046948 0.062591
37 0.274648 0.333333 0.016432 0.020378
32 0.299883 0.145560 0.031690 0.049491
31 0.632042 0.430131 0.038732 0.071325
4 0.355047 0.617904 0.045775 0.065502
28 0.910211 0.682678 0.019953 0.049491
37 0.471831 0.208879 0.016432 0.021834
37 0.734742 0.619360 0.016432 0.018923
30 0.374413 0.080058 0.030516 0.017467
28 0.263498 0.731441 0.038732 0.024745
4 0.650235 0.331878 0.044601 0.064047
31 0.632042 0.743086 0.038732 0.071325
30 0.300618 0.082628 0.030509 0.017471
30 0.708177 0.081081 0.030511 0.017463