28 0.293963 0.327206 0.068241 0.058824
31 0.170604 0.163603 0.136483 0.106618
37 0.984252 0.163603 0.031496 0.040441
12 0.311024 0.715074 0.102362 0.143382
32 0.925197 0.327206 0.060367 0.154412
29 0.923885 0.529412 0.068241 0.066176
31 0.650919 0.716912 0.078740 0.183824
37 0.383202 0.941176 0.031496 0.044118
12 0.473753 0.325368 0.102362 0.143382
29 0.027559 0.163603 0.049869 0.091912
31 0.454068 0.715074 0.078740 0.187500
12 0.791339 0.715074 0.102362 0.143382
29 0.721785 0.937500 0.068241 0.066176