29 0.272388 0.393293 0.014925 0.067073
29 0.245522 0.961382 0.023881 0.036585
37 0.368657 0.646341 0.011940 0.060976
37 0.393284 0.308943 0.010448 0.028455
28 0.728358 0.202236 0.011940 0.063008
29 0.440299 0.398374 0.014925 0.069106
29 0.464552 0.297764 0.015672 0.067073
35 0.598881 0.663618 0.021642 0.128049
29 0.147015 0.474593 0.014925 0.063008
29 0.677985 0.772358 0.024627 0.036585
31 0.194776 0.532520 0.019403 0.077236
29 0.598881 0.766260 0.024627 0.036585
29 0.705597 0.202236 0.014179 0.067073
35 0.712313 0.456301 0.039552 0.058943
4 0.477612 0.642276 0.032836 0.109756
37 0.086567 0.724593 0.023881 0.050813
4 0.661940 0.530488 0.031343 0.109756
35 0.319403 0.509146 0.020896 0.123984
31 0.394403 0.455285 0.018657 0.073171
29 0.682836 0.320122 0.014925 0.067073
35 0.677239 0.668699 0.020149 0.126016
35 0.510821 0.406504 0.021642 0.126016
37 0.635075 0.231707 0.010448 0.032520
35 0.279851 0.646341 0.038806 0.056911
29 0.492164 0.919715 0.026119 0.038618
35 0.550373 0.664634 0.021642 0.126016
37 0.658955 0.319106 0.011940 0.060976
37 0.416791 0.396341 0.011194 0.060976
35 0.426866 0.646341 0.040299 0.056911
37 0.893284 0.456301 0.025373 0.054878
4 0.230224 0.721545 0.032090 0.113821
35 0.790672 0.457317 0.039552 0.056911
37 0.319403 0.303862 0.010448 0.026423
28 0.857463 0.456301 0.013433 0.063008
29 0.549627 0.768293 0.024627 0.036585
37 0.626493 0.531504 0.014179 0.058943
31 0.636567 0.381098 0.019403 0.071138
35 0.163433 0.723577 0.046269 0.056911
35 0.492164 0.785569 0.021642 0.123984
35 0.751493 0.318089 0.020896 0.128049
28 0.526493 0.533537 0.012687 0.058943
35 0.244776 0.860772 0.020896 0.128049
37 0.194030 0.386179 0.010448 0.028455
28 0.576119 0.532520 0.011940 0.056911
37 0.752239 0.113821 0.010448 0.028455
37 0.487914 0.299460 0.011944 0.060967
37 0.295777 0.391855 0.011941 0.060978
37 0.170523 0.474474 0.011940 0.060973
37 0.510750 0.228383 0.010453 0.028454