36 0.478411 0.367906 0.031088 0.031311
0 0.620898 0.215264 0.084629 0.117417
4 0.443869 0.707436 0.082902 0.119374
4 0.767703 0.801370 0.084629 0.123288
4 0.188256 0.800391 0.082902 0.121331
0 0.336788 0.217221 0.082902 0.117417
36 0.157168 0.517613 0.031088 0.025440
36 0.477547 0.792564 0.032815 0.027397
37 0.937824 0.747554 0.031088 0.035225
0 0.768566 0.216243 0.082902 0.119374
4 0.335060 0.525440 0.082902 0.119374
37 0.046632 0.755382 0.031088 0.035225
0 0.189119 0.216243 0.084629 0.119374
4 0.621762 0.525440 0.082902 0.119374
29 0.046632 0.825832 0.072539 0.046967
29 0.937824 0.818004 0.072539 0.046967
37 0.045769 0.523483 0.032815 0.037182
30 0.585492 0.098826 0.062176 0.029354
37 0.936097 0.524462 0.034542 0.035225
37 0.338515 0.707436 0.031088 0.037182
30 0.366896 0.091435 0.062185 0.029364