28 0.233675 0.274757 0.016645 0.048544
7 0.751601 0.705825 0.035851 0.075728
31 0.339949 0.824272 0.026889 0.060194
32 0.628681 0.561165 0.038412 0.062136
29 0.337388 0.942718 0.024328 0.029126
37 0.166453 0.928155 0.015365 0.023301
28 0.793214 0.224272 0.014085 0.052427
37 0.889885 0.355340 0.010243 0.019417
37 0.888604 0.710680 0.012804 0.019417
4 0.320743 0.548544 0.039693 0.075728
7 0.323303 0.704854 0.037132 0.077670
29 0.408451 0.145631 0.017926 0.050485
31 0.256082 0.701942 0.035851 0.044660
32 0.274008 0.474757 0.033291 0.064078
37 0.459667 0.710680 0.012804 0.023301
31 0.330986 0.207767 0.029449 0.062136
28 0.362356 0.144660 0.015365 0.052427
29 0.766325 0.942718 0.024328 0.029126
32 0.403969 0.549515 0.037132 0.058252
28 0.127401 0.885437 0.016645 0.046602
28 0.844430 0.353398 0.014085 0.046602
28 0.137644 0.705825 0.016645 0.048544
28 0.686940 0.558252 0.016645 0.048544
31 0.760563 0.433010 0.028169 0.058252
29 0.205506 0.548544 0.016645 0.040777
37 0.459667 0.552427 0.012804 0.025243
32 0.165813 0.532039 0.032010 0.062136
37 0.273367 0.402913 0.014085 0.021359
30 0.331626 0.083495 0.038412 0.019417
31 0.541613 0.430097 0.025608 0.060194
32 0.669014 0.799029 0.034571 0.064078
29 0.836748 0.227184 0.016645 0.046602
31 0.330346 0.411650 0.030730 0.069903
32 0.407170 0.706796 0.038412 0.058252
28 0.414213 0.275728 0.016645 0.046602
37 0.093470 0.704854 0.010243 0.015534
30 0.762484 0.165049 0.039693 0.015534
31 0.168374 0.802913 0.026889 0.064078
31 0.765045 0.288350 0.039693 0.067961
29 0.082586 0.886408 0.016645 0.036893
37 0.670935 0.931068 0.017926 0.025243
32 0.835467 0.708738 0.037132 0.058252
28 0.242638 0.548544 0.016645 0.048544
31 0.767606 0.826214 0.026889 0.060194