4 0.358127 0.438005 0.023140 0.070081
2 0.471625 0.349730 0.023140 0.071429
2 0.473278 0.140836 0.026446 0.071429
2 0.674656 0.140836 0.028099 0.074124
30 0.521212 0.033019 0.042975 0.025606
28 0.526997 0.181941 0.023691 0.029650
0 0.136088 0.209569 0.028650 0.071429
0 0.136364 0.553908 0.028099 0.072776
4 0.677410 0.561995 0.023691 0.072776
4 0.133333 0.724394 0.023140 0.071429
0 0.136364 0.389488 0.029201 0.070081
2 0.787328 0.140836 0.026446 0.071429
4 0.789532 0.349730 0.023140 0.074124
2 0.561983 0.140162 0.027548 0.072776
4 0.790634 0.561995 0.024242 0.075472
6 0.471350 0.561995 0.023691 0.072776
28 0.606887 0.099730 0.022590 0.026954
4 0.226722 0.437332 0.023691 0.071429
0 0.900275 0.139488 0.027548 0.074124
0 0.248485 0.209569 0.028650 0.071429
4 0.020386 0.553908 0.024242 0.072776
4 0.298347 0.647574 0.023691 0.071429
4 0.902755 0.562668 0.022590 0.076819
4 0.565014 0.350404 0.023691 0.072776
29 0.520937 0.851078 0.031405 0.039084
37 0.984573 0.450135 0.016529 0.040431
28 0.407713 0.552561 0.025344 0.029650
6 0.584022 0.725067 0.023140 0.072776
0 0.336364 0.210916 0.028099 0.071429
4 0.564463 0.561995 0.023691 0.075472
4 0.676860 0.349730 0.023691 0.074124