0 0.276355 0.173567 0.027108 0.079618
32 0.297816 0.497611 0.024849 0.046178
4 0.741717 0.498408 0.028614 0.085987
0 0.532380 0.205414 0.027108 0.085987
4 0.106551 0.605892 0.029367 0.084395
0 0.401732 0.174363 0.027861 0.081210
28 0.564006 0.401274 0.015060 0.063694
4 0.276732 0.609076 0.027861 0.084395
32 0.840361 0.588376 0.021084 0.052548
30 0.412651 0.085987 0.018072 0.025478
0 0.639307 0.203822 0.028614 0.085987
6 0.510919 0.502389 0.026355 0.084395
4 0.061747 0.406051 0.027108 0.082803
4 0.169051 0.405255 0.029367 0.084395
0 0.275602 0.350318 0.030120 0.082803
4 0.638931 0.624204 0.027861 0.082803
30 0.650979 0.083599 0.018825 0.023885
30 0.521837 0.085191 0.019578 0.027070
0 0.401732 0.351115 0.029367 0.081210
30 0.265437 0.085987 0.020331 0.022293
28 0.880648 0.574841 0.029367 0.031847
32 0.371988 0.496815 0.025602 0.044586
4 0.401355 0.609076 0.027108 0.084395
0 0.741717 0.260350 0.028614 0.084395
37 0.072586 0.606651 0.006033 0.015951
37 0.033604 0.407250 0.008114 0.017159