30 0.808803 0.037657 0.041265 0.029289
30 0.810179 0.575314 0.044017 0.029289
37 0.659560 0.265690 0.017882 0.025105
28 0.486245 0.657950 0.042641 0.039749
37 0.700138 0.847280 0.016506 0.025105
25 0.369326 0.528243 0.141678 0.248954
28 0.215956 0.661088 0.041265 0.041841
29 0.216644 0.785565 0.042641 0.043933
29 0.810179 0.972803 0.044017 0.041841
4 0.781981 0.848326 0.067400 0.127615
28 0.106602 0.657950 0.045392 0.039749
4 0.784732 0.375523 0.059147 0.127615
21 0.044017 0.657950 0.046768 0.064854
32 0.810179 0.662134 0.035763 0.094142
29 0.808803 0.496862 0.041265 0.035565
0 0.782669 0.151674 0.063274 0.119247
37 0.863824 0.754184 0.019257 0.027197
29 0.486245 0.784519 0.042641 0.046025
32 0.354883 0.327406 0.074278 0.073222
37 0.861073 0.266736 0.019257 0.027197
29 0.107978 0.784519 0.048143 0.025105
37 0.568776 0.530335 0.020633 0.031381
29 0.043427 0.788893 0.048146 0.025106