28 0.832752 0.324526 0.013380 0.066396
4 0.838569 0.695122 0.031995 0.081301
28 0.866492 0.485772 0.011053 0.069106
4 0.406923 0.605691 0.030832 0.081301
32 0.904305 0.483062 0.028505 0.039295
4 0.759453 0.750000 0.031995 0.082656
4 0.252763 0.741870 0.031995 0.079946
32 0.180628 0.649051 0.015707 0.067751
0 0.098313 0.105691 0.031414 0.081301
6 0.118092 0.743225 0.031414 0.079946
32 0.222513 0.537940 0.027341 0.035230
28 0.912158 0.628049 0.012798 0.069106
0 0.836533 0.104336 0.027923 0.086721
4 0.675684 0.668022 0.033159 0.084011
30 0.266434 0.030488 0.023269 0.020325
4 0.597440 0.667344 0.032577 0.082656
4 0.926702 0.739160 0.031414 0.079946
0 0.925247 0.097561 0.029668 0.081301
3 0.337987 0.388211 0.032577 0.082656
0 0.702152 0.103659 0.030250 0.082656
2 0.759453 0.104336 0.028505 0.081301
4 0.052647 0.742547 0.031995 0.084011
4 0.500582 0.606369 0.030832 0.079946
4 0.337405 0.749322 0.031414 0.081301
0 0.253927 0.105691 0.031995 0.084011
30 0.177720 0.031165 0.015707 0.018970
0 0.165503 0.105691 0.031995 0.084011
4 0.192263 0.384146 0.030832 0.079946
4 0.070971 0.384824 0.031414 0.084011
37 0.962410 0.489726 0.007365 0.017156
37 0.623309 0.190266 0.008698 0.020277
30 0.690277 0.030344 0.023268 0.020321
37 0.237792 0.390727 0.006344 0.016353
37 0.810488 0.698674 0.006606 0.016279
3 0.570852 0.393397 0.032577 0.082652
3 0.500003 0.391582 0.032574 0.082656
3 0.407232 0.390653 0.032579 0.082662
29 0.940663 0.869260 0.023269 0.020324
29 0.853832 0.875113 0.023272 0.020329
29 0.773603 0.871460 0.023268 0.020329
29 0.689916 0.872922 0.023265 0.020324
29 0.582784 0.873649 0.023269 0.020331
29 0.455524 0.871828 0.023265 0.020324
29 0.324168 0.872920 0.023267 0.020331
29 0.268638 0.874014 0.023270 0.020325
29 0.180701 0.872919 0.023267 0.020324
29 0.135081 0.872188 0.023269 0.020337
29 0.041166 0.871459 0.023271 0.020330
30 0.941998 0.030980 0.023270 0.020331
30 0.851750 0.027810 0.023270 0.020320
30 0.771830 0.033518 0.023266 0.020322
37 0.537485 0.611781 0.005854 0.014074