29 0.800489 0.963147 0.057003 0.029880
0 0.764658 0.283865 0.079805 0.105578
32 0.797231 0.856574 0.047231 0.115538
37 0.925896 0.478088 0.070033 0.047809
2 0.480456 0.284861 0.078176 0.103586
29 0.122150 0.759960 0.055375 0.029880
4 0.155537 0.640438 0.079805 0.105578
29 0.447068 0.837649 0.053746 0.029880
23 0.622964 0.507968 0.157980 0.183267
4 0.285831 0.473108 0.076547 0.105578
37 0.399837 0.097610 0.066775 0.043825
4 0.480456 0.717131 0.078176 0.103586
4 0.762215 0.719124 0.078176 0.103586
0 0.154723 0.282869 0.078176 0.107570