37 0.948959 0.940972 0.012089 0.034722
32 0.122565 0.486979 0.020819 0.029514
2 0.644392 0.328125 0.023506 0.065972
0 0.084956 0.238715 0.024849 0.067708
28 0.227334 0.535590 0.011417 0.046875
28 0.242109 0.409722 0.008731 0.045139
4 0.707858 0.703993 0.020148 0.064236
29 0.862324 0.971354 0.026864 0.036458
30 0.402955 0.184028 0.022834 0.024306
29 0.228005 0.970486 0.027535 0.041667
28 0.106783 0.535590 0.010745 0.046875
2 0.128274 0.327257 0.025520 0.067708
29 0.107455 0.970486 0.028207 0.041667
28 0.819678 0.620660 0.008731 0.043403
30 0.259906 0.184028 0.022834 0.027778
4 0.821357 0.703125 0.020148 0.065972
4 0.354265 0.703993 0.020819 0.067708
32 0.526864 0.646701 0.019476 0.029514
30 0.687038 0.184896 0.022834 0.022569
4 0.625923 0.702257 0.020148 0.064236
2 0.412693 0.327257 0.023506 0.064236
32 0.922095 0.621528 0.018805 0.031250
2 0.645064 0.237847 0.022163 0.062500
2 0.442243 0.327257 0.022163 0.064236
30 0.452317 0.184896 0.023506 0.026042
0 0.248825 0.238715 0.023506 0.064236
0 0.085964 0.326389 0.024177 0.065972
4 0.267629 0.703993 0.020819 0.067708
37 0.686031 0.756944 0.014103 0.034722
6 0.551713 0.900174 0.019476 0.067708
0 0.205843 0.239583 0.024849 0.065972
4 0.186702 0.704861 0.021491 0.069444
32 0.212559 0.485243 0.022163 0.026042
37 0.766286 0.327257 0.013432 0.036458
37 0.765615 0.900174 0.013432 0.036458
2 0.695769 0.327257 0.024177 0.064236
4 0.113835 0.901042 0.023506 0.069444
30 0.138348 0.184028 0.024177 0.027778
4 0.503358 0.703125 0.020819 0.065972
37 0.920081 0.276910 0.013432 0.036458
4 0.067495 0.703125 0.024849 0.069444
4 0.758227 0.702257 0.020148 0.064236
32 0.829080 0.224826 0.011417 0.050347
30 0.197112 0.185764 0.019476 0.024306
4 0.901276 0.703125 0.020148 0.065972
37 0.920081 0.345486 0.013432 0.038194
0 0.128610 0.238715 0.024849 0.067708
4 0.664540 0.703125 0.020819 0.065972
2 0.206179 0.326389 0.025520 0.065972
2 0.696441 0.239583 0.022834 0.065972
28 0.088986 0.408854 0.011417 0.046875
29 0.644728 0.969618 0.026864 0.039931
30 0.750839 0.184896 0.022834 0.026042
32 0.878106 0.411458 0.019476 0.031250
32 0.893889 0.223090 0.010745 0.050347
28 0.212559 0.409722 0.008731 0.045139
0 0.739758 0.238715 0.023506 0.064236
37 0.036938 0.797743 0.013432 0.032986
37 0.036602 0.837674 0.014103 0.036458
4 0.460376 0.703125 0.019476 0.065972
4 0.583277 0.703125 0.020819 0.065972
29 0.427804 0.970486 0.028207 0.041667
4 0.307925 0.704861 0.022163 0.065972
32 0.243788 0.486979 0.022834 0.029514
28 0.888613 0.926050 0.016468 0.024297
29 0.888687 0.971354 0.023177 0.036458
4 0.869711 0.901042 0.021491 0.065972
29 0.730356 0.968750 0.027535 0.038194
6 0.738079 0.899306 0.020148 0.065972
29 0.331095 0.968750 0.028207 0.041667
32 0.846206 0.410590 0.017461 0.029514
0 0.413365 0.238715 0.023506 0.064236
2 0.441907 0.237847 0.021491 0.065972
2 0.248825 0.326389 0.023506 0.065972
32 0.090665 0.486111 0.022834 0.027778
29 0.543318 0.968750 0.028207 0.038194
4 0.393217 0.703993 0.020819 0.067708
4 0.146743 0.703125 0.022163 0.069444
30 0.830561 0.184227 0.022828 0.026045
30 0.635295 0.179538 0.022831 0.026031
23 0.919712 0.900334 0.040583 0.140053
23 0.205847 0.098633 0.040586 0.140057
23 0.084003 0.097880 0.040583 0.140061
37 0.177718 0.060566 0.014104 0.036453
37 0.055966 0.059594 0.014101 0.036462
30 0.074235 0.183966 0.024180 0.027785
30 0.892628 0.180707 0.022831 0.026038
28 0.123681 0.408207 0.011416 0.046878
2 0.740387 0.325898 0.024179 0.064243
7 0.652677 0.900603 0.021526 0.065009
7 0.435670 0.896497 0.021523 0.064999
7 0.339623 0.902363 0.021519 0.064996
7 0.234858 0.899157 0.021523 0.065010