0 0.272326 0.216024 0.055127 0.123732
6 0.333517 0.790061 0.054024 0.123732
14 0.856119 0.470588 0.045204 0.154158
4 0.229327 0.532454 0.055127 0.123732
12 0.045204 0.279919 0.081588 0.150101
4 0.850606 0.791075 0.054024 0.125761
36 0.357222 0.702840 0.022051 0.026369
4 0.066152 0.791075 0.052922 0.121704
14 0.754135 0.344828 0.044101 0.154158
0 0.643330 0.216024 0.054024 0.119675
37 0.159868 0.707911 0.022051 0.040568
0 0.436604 0.217039 0.052922 0.125761
37 0.160419 0.529412 0.020948 0.040568
6 0.643330 0.791075 0.056229 0.125761
37 0.915105 0.599391 0.019846 0.038540
4 0.479603 0.530426 0.052922 0.127789
30 0.458051 0.094671 0.039687 0.030428
30 0.252578 0.089701 0.039689 0.030417
30 0.666922 0.094674 0.039694 0.030429
30 0.768980 0.087215 0.039689 0.030433