29 0.796809 0.968430 0.070213 0.039249
37 0.961702 0.495734 0.029787 0.025597
0 0.187234 0.209898 0.119149 0.133106
15 0.510638 0.496587 0.093617 0.105802
14 0.172340 0.495734 0.097872 0.110922
32 0.795745 0.396758 0.063830 0.090444
14 0.761702 0.279010 0.093617 0.104096
32 0.796809 0.644198 0.065957 0.090444
29 0.342553 0.966724 0.068085 0.035836
32 0.140426 0.660410 0.063830 0.088737
32 0.339362 0.843857 0.065957 0.090444
0 0.497872 0.210751 0.114894 0.127986
30 0.545745 0.091297 0.078723 0.032423