32 0.076561 0.739860 0.032980 0.078322
2 0.484099 0.430769 0.061249 0.106294
30 0.679034 0.048252 0.036514 0.023776
32 0.076561 0.360140 0.032980 0.074126
29 0.077739 0.945455 0.032980 0.030769
32 0.679034 0.781818 0.036514 0.075524
18 0.697291 0.125175 0.047114 0.110490
6 0.484099 0.577622 0.058893 0.106294
14 0.180801 0.577622 0.048292 0.086713
30 0.778563 0.047552 0.035336 0.022378
32 0.260895 0.839161 0.034158 0.075524
4 0.923439 0.646853 0.058893 0.107692
4 0.598940 0.425874 0.074205 0.121678
0 0.338634 0.338462 0.057715 0.106294
4 0.799176 0.649650 0.060071 0.107692
32 0.164900 0.713986 0.032980 0.076923
32 0.945230 0.393706 0.034158 0.076923
18 0.924617 0.130769 0.063604 0.121678
15 0.343934 0.576923 0.047114 0.090909
0 0.189046 0.338462 0.057715 0.106294
32 0.259128 0.576923 0.054181 0.043357
14 0.609541 0.576224 0.048292 0.092308
14 0.098940 0.227972 0.063604 0.117483
18 0.795341 0.137220 0.047106 0.110484