32 0.339350 0.477865 0.028881 0.080729
37 0.064982 0.029948 0.043321 0.033854
32 0.214801 0.477865 0.028881 0.080729
18 0.435018 0.087240 0.043321 0.075521
14 0.782491 0.627604 0.045126 0.083333
14 0.585740 0.299479 0.045126 0.078125
37 0.980144 0.210938 0.032491 0.026042
18 0.231949 0.087240 0.045126 0.075521
14 0.469314 0.626302 0.046931 0.080729
14 0.696751 0.298177 0.043321 0.080729
32 0.884477 0.261719 0.028881 0.085938
14 0.195848 0.682292 0.045126 0.078125
32 0.680505 0.105469 0.028881 0.080729
15 0.659747 0.626302 0.045126 0.080729
32 0.801444 0.457031 0.028881 0.080729
14 0.867329 0.153646 0.045126 0.078125
32 0.213899 0.837240 0.030686 0.080729
14 0.053249 0.682292 0.045126 0.078125
14 0.322202 0.626302 0.041516 0.080729
32 0.603791 0.105469 0.030686 0.080729
32 0.036101 0.477865 0.028881 0.080729
29 0.452166 0.986979 0.037906 0.026042
32 0.884477 0.391927 0.028881 0.080729