37 0.045794 0.030067 0.061682 0.037862
32 0.442991 0.400891 0.048598 0.106904
32 0.320561 0.759465 0.050467 0.106904
29 0.492523 0.968820 0.065421 0.026726
3 0.621495 0.133630 0.057944 0.084633
37 0.972897 0.501114 0.054206 0.031180
3 0.342056 0.134744 0.056075 0.086860
3 0.862617 0.132517 0.057944 0.086860
27 0.175701 0.217149 0.127103 0.153675
14 0.351402 0.590200 0.078505 0.106904
32 0.493458 0.759465 0.052336 0.106904
14 0.614019 0.587973 0.076636 0.106904
32 0.520561 0.400891 0.050467 0.106904
32 0.884112 0.701559 0.052336 0.111359