28 0.511364 0.841518 0.122727 0.053571
37 0.730682 0.265625 0.020455 0.017857
4 0.143182 0.854911 0.090909 0.084821
30 0.315909 0.116071 0.113636 0.031250
29 0.905682 0.958705 0.097727 0.051339
0 0.319318 0.755580 0.084091 0.100446
29 0.107955 0.958705 0.097727 0.051339
28 0.903409 0.335938 0.125000 0.060268
28 0.903409 0.645089 0.125000 0.058036
0 0.557955 0.265625 0.097727 0.084821
28 0.107955 0.551339 0.125000 0.058036
0 0.696591 0.755580 0.088636 0.095982
4 0.476136 0.623884 0.088636 0.087054
0 0.359091 0.199777 0.100000 0.082589
37 0.263636 0.535714 0.018182 0.017857
0 0.469318 0.454241 0.102273 0.087054
29 0.513636 0.958705 0.095455 0.051339
36 0.512500 0.191964 0.047727 0.031250
4 0.869318 0.854911 0.093182 0.084821
37 0.321573 0.889016 0.011939 0.008333