29 0.534857 0.834356 0.045714 0.073620
32 0.490286 0.546012 0.054857 0.073620
37 0.432000 0.544479 0.013714 0.039877
29 0.196000 0.835890 0.046857 0.082822
23 0.272000 0.595092 0.100571 0.294479
23 0.610857 0.489264 0.099429 0.285276
28 0.306286 0.386503 0.025143 0.122699
23 0.857714 0.490798 0.101714 0.288344
32 0.839429 0.282209 0.056000 0.073620
32 0.485714 0.282209 0.054857 0.073620
28 0.272000 0.188650 0.022857 0.125767
32 0.534286 0.662577 0.026286 0.147239
32 0.132000 0.544479 0.056000 0.076687
32 0.240571 0.388037 0.056000 0.076687
32 0.730857 0.280675 0.056000 0.076687
37 0.963429 0.493865 0.013714 0.036810
37 0.048571 0.544479 0.012571 0.039877
29 0.781143 0.831288 0.046857 0.079755
32 0.593714 0.282209 0.056000 0.073620
37 0.382857 0.282209 0.013714 0.036810