37 0.940367 0.595951 0.030581 0.036972
4 0.214832 0.477113 0.077982 0.112676
37 0.940367 0.713908 0.030581 0.036972
0 0.623089 0.419014 0.077982 0.109155
4 0.418960 0.596831 0.076453 0.112676
36 0.655963 0.502641 0.030581 0.022887
0 0.725535 0.213028 0.074924 0.112676
37 0.112385 0.477113 0.029052 0.035211
29 0.347859 0.917254 0.050459 0.021127
6 0.623089 0.801937 0.081040 0.114437
6 0.317278 0.801937 0.077982 0.114437
4 0.827217 0.801937 0.076453 0.114437
2 0.420489 0.214789 0.076453 0.112676
0 0.827217 0.507923 0.076453 0.110915
2 0.214832 0.213908 0.077982 0.110915
36 0.451835 0.414613 0.029052 0.022887
36 0.860092 0.590669 0.029052 0.026408
36 0.248471 0.588908 0.029052 0.026408
37 0.111621 0.595070 0.030581 0.035211
30 0.454177 0.100394 0.055040 0.026403
37 0.154368 0.796274 0.025732 0.029014
30 0.242943 0.100392 0.055054 0.026402
37 0.155458 0.915659 0.025750 0.029018
37 0.152792 0.211204 0.025757 0.029026