0 0.910112 0.214008 0.040449 0.132296
4 0.310861 0.813230 0.037453 0.132296
4 0.909738 0.811284 0.038202 0.136187
18 0.199625 0.809339 0.042697 0.198444
2 0.310112 0.215953 0.038951 0.128405
37 0.973783 0.526265 0.038951 0.079767
12 0.107491 0.641051 0.048689 0.126459
4 0.550562 0.812257 0.038951 0.134241
4 0.310112 0.530156 0.035955 0.130350
2 0.669663 0.215953 0.038951 0.132296
4 0.549813 0.529183 0.037453 0.136187
4 0.430337 0.528210 0.036704 0.134241
0 0.122097 0.213035 0.037453 0.130350
4 0.670037 0.528210 0.036704 0.134241
4 0.670412 0.811284 0.037453 0.132296
4 0.790262 0.528210 0.035955 0.134241
2 0.430337 0.214981 0.039700 0.130350
2 0.549813 0.215953 0.040449 0.132296
2 0.789888 0.215953 0.039700 0.132296
2 0.201124 0.214981 0.036704 0.126459
4 0.790262 0.812257 0.037453 0.134241
4 0.431086 0.813230 0.038202 0.132296
30 0.685618 0.078402 0.020809 0.031832
30 0.217275 0.073443 0.020796 0.031848
30 0.325570 0.076976 0.020799 0.031846
30 0.445858 0.075563 0.020803 0.031849
30 0.804540 0.079106 0.020794 0.031866
30 0.108185 0.075910 0.020796 0.031858
30 0.565876 0.076261 0.020801 0.031843
29 0.325614 0.981101 0.020790 0.031847
29 0.218431 0.984436 0.020795 0.031128
29 0.166026 0.981925 0.020796 0.031834
30 0.927295 0.077684 0.020794 0.031846
29 0.108411 0.982332 0.020795 0.031852