29 0.205167 0.953247 0.082067 0.036364
32 0.708207 0.537662 0.085106 0.051948
12 0.708207 0.216883 0.091185 0.090909
37 0.060790 0.689610 0.030395 0.028571
28 0.451368 0.779221 0.063830 0.031169
31 0.202128 0.779221 0.051672 0.103896
29 0.306991 0.503896 0.085106 0.036364
32 0.308511 0.277922 0.057751 0.083117
29 0.598784 0.959740 0.091185 0.038961
29 0.603343 0.414286 0.088146 0.038961
28 0.816109 0.306494 0.063830 0.031169
12 0.708207 0.693506 0.085106 0.088312
28 0.320669 0.777922 0.063830 0.028571
28 0.597264 0.780519 0.063830 0.033766
31 0.305471 0.406494 0.051672 0.106494
28 0.601824 0.303896 0.066869 0.031169
28 0.811550 0.779221 0.066869 0.031169
32 0.709726 0.087013 0.088146 0.054545
29 0.816109 0.411688 0.088146 0.038961