0 0.564841 0.212014 0.074928 0.113074
4 0.623919 0.566254 0.074928 0.114841
37 0.054035 0.507067 0.027378 0.035336
4 0.142651 0.802120 0.074928 0.116608
4 0.852305 0.801237 0.073487 0.118375
0 0.142651 0.212014 0.074928 0.116608
37 0.282421 0.566254 0.028818 0.033569
4 0.467579 0.801237 0.076369 0.114841
4 0.371758 0.565371 0.074928 0.116608
37 0.714697 0.566254 0.028818 0.033569
37 0.942363 0.507067 0.025937 0.035336
2 0.432997 0.212014 0.076369 0.113074
0 0.853746 0.211131 0.076369 0.118375
37 0.343833 0.214515 0.019959 0.019251
37 0.409342 0.800282 0.019932 0.019239
30 0.601796 0.095162 0.051865 0.026499
30 0.402206 0.092179 0.051875 0.026492