4 0.541035 0.406802 0.096094 0.142103
29 0.300559 0.930702 0.082682 0.057895
12 0.443575 0.677193 0.089385 0.136842
28 0.364246 0.480702 0.040223 0.098246
0 0.774302 0.194737 0.096089 0.164912
30 0.545810 0.261404 0.059218 0.035088
30 0.816201 0.050000 0.083799 0.040351
4 0.775419 0.768421 0.096089 0.157895
0 0.259777 0.192105 0.094972 0.166667
29 0.816201 0.930702 0.083799 0.057895
30 0.298883 0.043860 0.081564 0.028070
4 0.259777 0.765789 0.097207 0.159649
32 0.212849 0.477193 0.130726 0.087719
37 0.943891 0.381926 0.022573 0.025429