37 0.084135 0.827312 0.016827 0.018786
4 0.815505 0.826590 0.068510 0.101156
28 0.549279 0.335260 0.050481 0.028902
36 0.284255 0.455202 0.020433 0.017341
37 0.916466 0.643786 0.015625 0.018786
37 0.916466 0.458815 0.015625 0.018786
0 0.451923 0.177746 0.067308 0.104046
37 0.083534 0.643064 0.015625 0.020231
0 0.186298 0.349711 0.067308 0.101156
29 0.248798 0.971098 0.052885 0.034682
4 0.221154 0.826590 0.067308 0.104046
4 0.395433 0.457370 0.067308 0.102601
29 0.785457 0.971821 0.051683 0.036127
37 0.423678 0.917630 0.015625 0.020231
0 0.313101 0.643064 0.066106 0.104046
37 0.083534 0.350434 0.015625 0.018786
0 0.757212 0.274566 0.067308 0.104046
32 0.658654 0.392341 0.100962 0.050578
0 0.814303 0.458092 0.068510 0.101156
30 0.423678 0.062139 0.063702 0.017341
37 0.555889 0.179191 0.015625 0.020231
37 0.917067 0.828035 0.016827 0.020231
4 0.813702 0.643064 0.067308 0.101156
37 0.916466 0.567919 0.015625 0.020231
4 0.186298 0.642341 0.067308 0.102601