2 0.484888 0.121777 0.047306 0.065903
4 0.275296 0.280802 0.056505 0.054441
36 0.370565 0.702722 0.015769 0.012894
29 0.438239 0.469914 0.035480 0.022923
4 0.839685 0.373926 0.049934 0.068768
29 0.571616 0.943410 0.034166 0.021490
4 0.552562 0.373926 0.048620 0.068768
32 0.287122 0.671920 0.069645 0.034384
30 0.505256 0.543696 0.043364 0.018625
37 0.366623 0.230659 0.010512 0.011461
30 0.504599 0.045129 0.044678 0.010029
29 0.859396 0.469914 0.034166 0.022923
0 0.591327 0.229943 0.049934 0.067335
4 0.553219 0.848138 0.047306 0.068768
37 0.432983 0.593840 0.011827 0.012894
28 0.202365 0.303009 0.015769 0.038682
37 0.735217 0.225645 0.011827 0.012894
6 0.459264 0.373926 0.045992 0.065903
37 0.275296 0.225645 0.011827 0.012894
29 0.572930 0.469914 0.034166 0.022923
37 0.643890 0.230659 0.010512 0.011461
0 0.592641 0.704155 0.049934 0.067335
0 0.418528 0.704155 0.048620 0.067335
32 0.285808 0.737106 0.069645 0.035817
29 0.437582 0.943410 0.034166 0.021490
29 0.150460 0.469914 0.035480 0.022923
37 0.931669 0.303009 0.010512 0.012894
0 0.169514 0.120344 0.049934 0.065903
4 0.457950 0.847421 0.048620 0.067335
0 0.484231 0.594556 0.048620 0.065903
0 0.418528 0.230659 0.048620 0.065903
37 0.078844 0.303009 0.010512 0.012894
4 0.170828 0.373926 0.049934 0.068768
4 0.735874 0.280086 0.057819 0.053009
0 0.840342 0.120344 0.048620 0.065903
28 0.807490 0.302292 0.017083 0.040115
37 0.644096 0.703791 0.009877 0.012074
37 0.275317 0.098422 0.011543 0.010794