37 0.981588 0.906702 0.020713 0.023653
29 0.157652 0.280552 0.055236 0.040736
12 0.424051 0.772011 0.058688 0.119580
38 0.443613 0.427070 0.067894 0.078844
11 0.608291 0.265770 0.033840 0.065044
38 0.780207 0.417871 0.041427 0.094612
28 0.772152 0.762155 0.055236 0.042050
29 0.609321 0.971748 0.054085 0.035480
38 0.791715 0.135348 0.066743 0.081472
37 0.981588 0.641261 0.020713 0.023653
38 0.429804 0.128121 0.040276 0.095926
11 0.158803 0.174770 0.103567 0.097240
37 0.491846 0.721359 0.006745 0.009756