12 0.486683 0.137324 0.060533 0.108451
37 0.849274 0.327465 0.020581 0.023944
12 0.228814 0.135915 0.062954 0.108451
12 0.745157 0.137324 0.061743 0.108451
37 0.073245 0.866197 0.020581 0.025352
30 0.744552 0.033099 0.062954 0.021127
4 0.190678 0.867606 0.085956 0.078873
29 0.822639 0.986620 0.059322 0.012676
30 0.228208 0.032394 0.064165 0.019718
37 0.073850 0.957042 0.021792 0.023944
30 0.486077 0.033803 0.061743 0.022535
4 0.268160 0.507042 0.090799 0.076056
4 0.706416 0.866197 0.088378 0.078873
4 0.528450 0.686620 0.088378 0.077465
4 0.925135 0.904952 0.065475 0.095472