35 0.227616 0.583162 0.009884 0.061602
37 0.122621 0.220468 0.008140 0.032854
28 0.146221 0.217659 0.006395 0.041068
29 0.405814 0.836756 0.017442 0.022587
35 0.571221 0.489733 0.009884 0.063655
30 0.181105 0.099589 0.016860 0.022587
35 0.681105 0.409651 0.019186 0.034908
30 0.532267 0.098563 0.018023 0.016427
28 0.708430 0.720739 0.006395 0.049281
32 0.227616 0.707392 0.011047 0.080082
35 0.043314 0.688912 0.008721 0.063655
35 0.180233 0.422998 0.010465 0.065708
35 0.872965 0.407598 0.019186 0.034908
29 0.142151 0.733060 0.012209 0.028747
28 0.831977 0.453799 0.006977 0.049281
35 0.063372 0.597536 0.018605 0.032854
28 0.382849 0.739220 0.005233 0.045175
35 0.597093 0.405544 0.018605 0.034908
37 0.030523 0.805955 0.008721 0.043121
32 0.180233 0.316222 0.011628 0.082136
29 0.487791 0.665298 0.012791 0.028747
35 0.531977 0.328542 0.009302 0.065708
35 0.159302 0.496920 0.018605 0.036961
28 0.868023 0.150924 0.006977 0.047228
35 0.703488 0.318275 0.009302 0.061602
32 0.804360 0.453799 0.016860 0.036961
29 0.081395 0.921971 0.016279 0.024641
28 0.381977 0.497947 0.006977 0.043121
35 0.741860 0.509240 0.010465 0.069815
30 0.360756 0.104723 0.016860 0.020534
28 0.206105 0.496920 0.006395 0.041068
35 0.892733 0.335729 0.009884 0.063655
32 0.571221 0.613963 0.009884 0.078029
29 0.648256 0.656057 0.012791 0.030801
35 0.405233 0.622177 0.010465 0.065708
37 0.976744 0.408624 0.008140 0.032854
28 0.029942 0.597536 0.006395 0.045175
35 0.100000 0.597536 0.017442 0.032854
32 0.741860 0.623203 0.011628 0.075975
35 0.081686 0.683778 0.009884 0.061602
32 0.893023 0.238193 0.010465 0.073922
32 0.283721 0.581109 0.018605 0.032854
30 0.703488 0.091376 0.016279 0.022587
28 0.062209 0.804928 0.005814 0.045175
35 0.359593 0.379877 0.009884 0.061602
28 0.508140 0.220739 0.006977 0.055441
37 0.305318 0.238284 0.007509 0.041714
37 0.169876 0.805083 0.007507 0.041726
37 0.474532 0.223253 0.007515 0.041730
37 0.643592 0.208204 0.007513 0.041718
35 0.509223 0.405796 0.018603 0.036956
35 0.914451 0.408553 0.018607 0.036978
35 0.937497 0.477114 0.009888 0.063648
35 0.761456 0.407155 0.019187 0.034914
30 0.893125 0.075350 0.016277 0.022580
37 0.841078 0.150491 0.007513 0.041730
32 0.463056 0.409826 0.018607 0.032847
35 0.246550 0.498292 0.018604 0.036958
37 0.014063 0.598688 0.007510 0.026443
37 0.680474 0.723905 0.007507 0.041731
28 0.722998 0.407149 0.006976 0.049286
35 0.335473 0.501161 0.018605 0.036974
28 0.949596 0.409544 0.006975 0.049290
28 0.675306 0.206461 0.006980 0.049291
28 0.551016 0.407735 0.006977 0.049269
28 0.478526 0.409442 0.006670 0.041115
28 0.547089 0.709458 0.006979 0.049274
28 0.302254 0.579995 0.006979 0.049278
28 0.336291 0.238967 0.006978 0.049290
28 0.198817 0.805410 0.006976 0.049281
37 0.516050 0.710004 0.007510 0.041721
29 0.226301 0.904321 0.017636 0.024656
37 0.351128 0.740679 0.007512 0.041738
29 0.313189 0.860971 0.012461 0.024648
29 0.571497 0.819533 0.016275 0.024649
35 0.426581 0.500214 0.018605 0.036945
29 0.742795 0.808943 0.016277 0.024624
29 0.853276 0.765593 0.013574 0.024655