0 0.340054 0.223282 0.120968 0.099237
37 0.216398 0.415076 0.040323 0.028626
4 0.341398 0.791031 0.118280 0.097328
37 0.216398 0.790076 0.034946 0.026718
37 0.862903 0.414122 0.037634 0.026718
37 0.864247 0.602099 0.034946 0.024809
30 0.388441 0.051527 0.077957 0.022901
29 0.388441 0.975191 0.088710 0.026718
37 0.217742 0.602099 0.037634 0.028626
4 0.341398 0.603053 0.118280 0.099237
4 0.740591 0.604008 0.115591 0.097328
37 0.541667 0.413168 0.040323 0.028626
0 0.340054 0.411260 0.115591 0.097328
37 0.217742 0.226145 0.037634 0.028626
0 0.739247 0.411260 0.112903 0.097328