30 0.381068 0.162533 0.041262 0.014360
38 0.163228 0.428198 0.064320 0.073107
12 0.714806 0.872715 0.080097 0.087467
12 0.380461 0.259791 0.081311 0.086162
12 0.589199 0.566580 0.078883 0.086162
40 0.848908 0.427546 0.064320 0.074413
7 0.157160 0.725196 0.061893 0.079634
7 0.614078 0.725849 0.060680 0.075718
30 0.672330 0.028068 0.041262 0.014360
7 0.856189 0.725196 0.061893 0.077023
12 0.296723 0.872715 0.081311 0.087467
30 0.589806 0.483029 0.038835 0.015666
35 0.673544 0.268930 0.038835 0.086162
37 0.131068 0.654700 0.014563 0.014360
3 0.744933 0.425714 0.063108 0.077023
29 0.716019 0.979765 0.038835 0.019582
12 0.672937 0.110313 0.078883 0.084856
12 0.464199 0.871410 0.078883 0.084856
37 0.881675 0.655352 0.013350 0.013055
35 0.464806 0.512402 0.041262 0.087467
3 0.272451 0.428198 0.064320 0.075718
37 0.914210 0.400599 0.009931 0.009261
37 0.099767 0.399879 0.005188 0.012641
37 0.099912 0.456073 0.008330 0.007367
37 0.914219 0.454928 0.007221 0.007762