28 0.446305 0.547677 0.072748 0.058680
38 0.719400 0.377751 0.043880 0.046455
38 0.109700 0.823961 0.043880 0.048900
38 0.718245 0.825183 0.041570 0.046455
38 0.893764 0.575795 0.043880 0.046455
38 0.894342 0.825183 0.042725 0.046455
29 0.957852 0.962103 0.038106 0.061125
29 0.046189 0.963325 0.039261 0.063570
37 0.037529 0.584352 0.021940 0.048900
38 0.110277 0.575795 0.045035 0.046455
37 0.967090 0.136919 0.021940 0.048900
28 0.192841 0.712714 0.071594 0.061125
38 0.284642 0.825183 0.042725 0.046455
28 0.810624 0.712714 0.071594 0.061125
38 0.284642 0.377751 0.045035 0.046455
12 0.550808 0.577017 0.050808 0.102689
38 0.196882 0.474328 0.021940 0.092910
38 0.284065 0.129584 0.043880 0.048900
29 0.446305 0.764059 0.040416 0.066015
38 0.805427 0.475550 0.024249 0.090465
38 0.892610 0.128362 0.043880 0.046455
28 0.811778 0.264059 0.071594 0.058680
37 0.037529 0.136919 0.021940 0.048900
38 0.718822 0.128362 0.045035 0.046455
38 0.110277 0.128362 0.042725 0.046455
28 0.192263 0.265281 0.072748 0.061125
29 0.550808 0.765281 0.039261 0.063570
37 0.966513 0.584352 0.023095 0.048900