29 0.831412 0.689911 0.051873 0.080119
28 0.683718 0.449555 0.090778 0.074184
29 0.381124 0.940653 0.050432 0.083086
37 0.265850 0.275964 0.030259 0.065282
28 0.564841 0.689911 0.054755 0.050445
28 0.830692 0.458457 0.090778 0.074184
29 0.683718 0.942136 0.050432 0.080119
37 0.957493 0.278932 0.030259 0.065282
29 0.564841 0.824926 0.031700 0.053412
28 0.381124 0.712166 0.090778 0.071217
29 0.263689 0.824926 0.031700 0.053412
28 0.684438 0.707715 0.089337 0.074184
28 0.380403 0.449555 0.092219 0.074184
28 0.263689 0.689911 0.054755 0.050445