38 0.677419 0.259346 0.085253 0.093458
38 0.140553 0.503505 0.082949 0.091121
29 0.067396 0.903037 0.063364 0.067757
28 0.497696 0.882009 0.025346 0.123832
28 0.590438 0.172897 0.024194 0.121495
38 0.542627 0.504673 0.082949 0.088785
38 0.864055 0.260514 0.085253 0.095794
38 0.274770 0.505841 0.084101 0.091121
38 0.408410 0.504673 0.084101 0.088785
29 0.964286 0.658879 0.062212 0.065421
38 0.864631 0.752336 0.086406 0.093458
12 0.763249 0.529206 0.061060 0.123832
38 0.677419 0.750000 0.085253 0.093458
8 0.066820 0.661215 0.059908 0.121495
28 0.363479 0.093458 0.026498 0.121495