28 0.702479 0.567308 0.018890 0.129121
38 0.318772 0.748626 0.040142 0.173077
38 0.178276 0.539835 0.075561 0.096154
38 0.396104 0.094780 0.076741 0.090659
38 0.740260 0.747253 0.042503 0.175824
12 0.967532 0.759615 0.055490 0.129121
38 0.383117 0.542582 0.076741 0.090659
38 0.817591 0.542582 0.076741 0.101648
28 0.884888 0.760989 0.055490 0.043956
38 0.818772 0.373626 0.076741 0.098901
38 0.523022 0.748626 0.040142 0.173077
28 0.485242 0.567308 0.016529 0.123626
38 0.613932 0.233516 0.075561 0.093407
38 0.600945 0.542582 0.077922 0.096154
8 0.100354 0.733516 0.054309 0.131868
28 0.280992 0.567308 0.016529 0.123626