38 0.305243 0.509363 0.096130 0.157303
38 0.171036 0.108614 0.097378 0.164794
38 0.305243 0.106742 0.096130 0.161049
38 0.691635 0.507491 0.097378 0.161049
28 0.460674 0.543071 0.067416 0.067416
12 0.920724 0.544944 0.068664 0.205993
38 0.691011 0.106742 0.098627 0.161049
38 0.556180 0.108614 0.096130 0.157303
28 0.832085 0.543071 0.068664 0.067416
38 0.610487 0.747191 0.052434 0.280899
28 0.237203 0.322097 0.067416 0.067416
38 0.223471 0.743446 0.052434 0.280899
28 0.622971 0.322097 0.067416 0.067416
8 0.088639 0.541199 0.067416 0.198502