28 0.838048 0.669661 0.077793 0.057884
4 0.157709 0.536926 0.069307 0.123752
0 0.214286 0.228543 0.069307 0.121756
6 0.295615 0.795409 0.067893 0.121756
0 0.733380 0.354291 0.069307 0.121756
37 0.894625 0.541916 0.026874 0.037924
37 0.070014 0.537924 0.026874 0.037924
4 0.734088 0.792415 0.070721 0.123752
0 0.425035 0.229541 0.066478 0.119760
29 0.839463 0.818363 0.060820 0.047904
4 0.480905 0.536926 0.067893 0.123752
37 0.070014 0.713573 0.026874 0.037924
36 0.322489 0.706587 0.025460 0.023952
30 0.452330 0.113344 0.039130 0.047759
37 0.211141 0.790991 0.017169 0.026801
37 0.207167 0.915931 0.017182 0.026820