32 0.812195 0.416535 0.024390 0.067717
37 0.027439 0.056693 0.023171 0.025197
4 0.534146 0.799213 0.029268 0.051969
4 0.412805 0.796850 0.028049 0.053543
0 0.568902 0.203150 0.028049 0.053543
0 0.412805 0.359843 0.028049 0.058268
0 0.610366 0.427559 0.028049 0.055118
37 0.976829 0.359055 0.019512 0.025197
2 0.707927 0.203937 0.028049 0.055118
4 0.687805 0.592913 0.026829 0.051969
32 0.945122 0.574016 0.024390 0.067717
32 0.812805 0.592126 0.023171 0.069291
28 0.890244 0.581102 0.029268 0.028346
6 0.314024 0.796850 0.028049 0.050394
2 0.514634 0.155118 0.026829 0.055118
29 0.697561 0.937795 0.034146 0.023622
0 0.412805 0.244882 0.028049 0.058268
37 0.048780 0.508661 0.021951 0.025197
28 0.488415 0.695276 0.018293 0.042520
2 0.173780 0.155118 0.028049 0.055118
4 0.611585 0.799213 0.028049 0.051969
0 0.333537 0.359843 0.028049 0.058268
0 0.141463 0.507087 0.031707 0.053543
0 0.332927 0.245669 0.026829 0.056693
0 0.610976 0.155906 0.029268 0.053543
0 0.223780 0.507087 0.028049 0.056693
0 0.800000 0.283465 0.029268 0.059843
4 0.412805 0.625984 0.028049 0.055118
6 0.312805 0.625984 0.028049 0.051969
37 0.101525 0.156789 0.010898 0.019172
37 0.268580 0.795396 0.011700 0.014643
37 0.270472 0.627060 0.007933 0.013311