32 0.508439 0.784167 0.054852 0.068333
0 0.534810 0.648333 0.061181 0.076667
4 0.473629 0.872500 0.078059 0.078333
4 0.251055 0.872500 0.080169 0.078333
29 0.508439 0.973333 0.063291 0.040000
21 0.484177 0.650833 0.040084 0.031667
0 0.762658 0.651667 0.061181 0.080000
32 0.509494 0.298333 0.052743 0.066667
4 0.761603 0.430000 0.063291 0.076667
21 0.812236 0.430000 0.037975 0.033333
21 0.509494 0.539167 0.048523 0.038333
37 0.844937 0.541667 0.027426 0.023333
37 0.131857 0.871667 0.027426 0.023333
21 0.484177 0.430000 0.040084 0.033333
32 0.285865 0.145000 0.052743 0.066667
0 0.474684 0.210000 0.080169 0.076667
21 0.175105 0.149167 0.050633 0.038333
21 0.813291 0.650833 0.040084 0.031667
4 0.534810 0.649167 0.061181 0.078333
32 0.284810 0.519167 0.054852 0.071667
4 0.533755 0.430000 0.063291 0.076667
30 0.174362 0.089193 0.042495 0.024333
30 0.286872 0.091492 0.042493 0.024325
30 0.506010 0.087489 0.042492 0.024333
30 0.785570 0.088728 0.042503 0.024340