4 0.116310 0.601211 0.040107 0.067474
37 0.294118 0.864187 0.008021 0.012111
0 0.875000 0.552768 0.038770 0.067474
4 0.449198 0.605536 0.037433 0.065744
37 0.046791 0.600346 0.013369 0.020761
0 0.876337 0.203287 0.036096 0.067474
29 0.683824 0.970588 0.044118 0.020761
4 0.697861 0.862457 0.040107 0.067474
30 0.891711 0.098616 0.034759 0.024221
37 0.966578 0.723183 0.013369 0.020761
37 0.221257 0.600346 0.014706 0.020761
0 0.697861 0.552768 0.037433 0.067474
29 0.335561 0.970588 0.045455 0.020761
4 0.877005 0.862457 0.040107 0.067474
4 0.290775 0.601211 0.038770 0.067474
37 0.614973 0.723183 0.013369 0.020761
0 0.698529 0.203287 0.036096 0.067474
29 0.890374 0.971453 0.048128 0.019031
30 0.683824 0.097751 0.038770 0.022491
37 0.519385 0.605536 0.012032 0.020761
36 0.683824 0.432526 0.017380 0.017301
4 0.322861 0.863322 0.038770 0.069204
30 0.134966 0.097155 0.038774 0.022501