29 0.793478 0.769330 0.038462 0.033505
28 0.791806 0.349227 0.041806 0.043814
37 0.117057 0.612113 0.023411 0.038660
28 0.468227 0.900773 0.030100 0.064433
28 0.467391 0.121134 0.028428 0.067010
28 0.227425 0.414948 0.030100 0.067010
28 0.229933 0.608247 0.031773 0.067010
29 0.790970 0.255155 0.043478 0.036082
27 0.500836 0.512887 0.255853 0.520619
37 0.867893 0.413660 0.023411 0.038660
37 0.115385 0.413660 0.023411 0.038660
37 0.867893 0.612113 0.026756 0.038660
28 0.792642 0.675258 0.043478 0.041237