23 0.128278 0.443089 0.103763 0.257453
29 0.644812 0.966125 0.023945 0.062331
32 0.740593 0.245257 0.049031 0.111111
12 0.518814 0.242547 0.047891 0.111111
32 0.644812 0.662602 0.046750 0.111111
28 0.696693 0.651762 0.047891 0.062331
29 0.403649 0.162602 0.025086 0.059621
32 0.558723 0.777778 0.047891 0.119241
32 0.559863 0.573171 0.047891 0.116531
32 0.466363 0.243902 0.045610 0.108401
37 0.028506 0.380759 0.009122 0.024390
25 0.271380 0.441734 0.093501 0.216802
12 0.795325 0.242547 0.049031 0.111111
37 0.368697 0.443266 0.009125 0.024398
37 0.896782 0.449616 0.013051 0.038980