31 0.342561 0.564356 0.044983 0.108911
29 0.537197 0.429455 0.032872 0.051980
29 0.132353 0.429455 0.032872 0.051980
32 0.674740 0.759901 0.031142 0.064356
37 0.941176 0.700495 0.017301 0.024752
28 0.845156 0.459158 0.036332 0.037129
31 0.747405 0.159653 0.044983 0.101485
29 0.667820 0.216584 0.031142 0.051980
31 0.185986 0.342822 0.046713 0.106436
37 0.058824 0.701733 0.017301 0.027228
28 0.437716 0.459158 0.034602 0.037129
31 0.342561 0.840347 0.044983 0.106436
32 0.588235 0.219059 0.031142 0.066832
37 0.269031 0.826733 0.019031 0.024752
28 0.668685 0.117574 0.032872 0.037129
28 0.262111 0.117574 0.032872 0.037129
29 0.744810 0.948020 0.032872 0.049505
31 0.341696 0.158416 0.046713 0.103960
29 0.339100 0.949257 0.031142 0.051980
28 0.538062 0.330446 0.034602 0.037129
31 0.589965 0.344059 0.044983 0.103960
31 0.747405 0.839109 0.044983 0.103960
31 0.748270 0.295792 0.043253 0.101485
31 0.090830 0.830446 0.043253 0.101485
29 0.094291 0.941832 0.032872 0.051980
28 0.228374 0.700495 0.024221 0.049505
29 0.893599 0.941832 0.032872 0.051980
32 0.269031 0.759901 0.029412 0.064356
31 0.142734 0.698020 0.074394 0.059406
29 0.262111 0.215347 0.032872 0.049505
31 0.342561 0.295792 0.044983 0.101485
28 0.133218 0.330446 0.034602 0.037129
31 0.748270 0.564356 0.043253 0.108911
31 0.621107 0.696782 0.072664 0.061881
31 0.892734 0.830446 0.044983 0.101485
32 0.185121 0.219059 0.031142 0.066832
37 0.674740 0.827970 0.017301 0.027228
30 0.184695 0.056235 0.037574 0.027709
30 0.746705 0.056228 0.037583 0.027677
30 0.668567 0.056773 0.037579 0.027676
30 0.590442 0.055157 0.037574 0.027671
30 0.339676 0.054099 0.037578 0.027674
30 0.267140 0.053573 0.037574 0.027668