30 0.487179 0.184080 0.024359 0.026534
0 0.475321 0.488391 0.027564 0.091211
0 0.086859 0.405473 0.030128 0.094527
37 0.647384 0.612396 0.009616 0.024862
37 0.309048 0.417354 0.008977 0.023229
37 0.143869 0.561122 0.008980 0.024866
32 0.860577 0.199005 0.021154 0.056385
37 0.614874 0.299260 0.008978 0.023207
4 0.475000 0.697347 0.028205 0.094527
23 0.558974 0.320896 0.050000 0.144279
4 0.246795 0.716418 0.029487 0.096186
29 0.866987 0.835821 0.017308 0.036484
4 0.900962 0.438640 0.028846 0.097844
37 0.969231 0.676617 0.010256 0.026534
32 0.053205 0.479270 0.019231 0.053068
30 0.177564 0.101161 0.029487 0.026534
4 0.923718 0.674129 0.030769 0.094527
4 0.822436 0.440299 0.030769 0.097844
0 0.268590 0.413765 0.030769 0.091211
29 0.177564 0.869818 0.017949 0.034826
37 0.947436 0.264511 0.008974 0.024876
12 0.176603 0.179934 0.030128 0.074627
4 0.799359 0.674959 0.030769 0.092869
4 0.108974 0.715589 0.030769 0.094527
29 0.487179 0.810945 0.015385 0.029851
37 0.755449 0.675788 0.010897 0.024876
0 0.498718 0.323383 0.029487 0.089552
37 0.399856 0.589994 0.008969 0.024867
37 0.863088 0.505200 0.008976 0.024877
30 0.861274 0.113046 0.024358 0.026529
37 0.026875 0.409273 0.008972 0.024879