35 0.116188 0.503738 0.033943 0.151402
30 0.115535 0.103738 0.035248 0.035514
30 0.445822 0.102804 0.040470 0.037383
0 0.133812 0.211215 0.048303 0.119626
4 0.342689 0.792523 0.048303 0.119626
0 0.815274 0.209346 0.050914 0.119626
4 0.573760 0.790654 0.050914 0.123364
2 0.465405 0.210280 0.050914 0.117757
0 0.303525 0.516822 0.050914 0.117757
0 0.815274 0.678505 0.048303 0.119626
0 0.611619 0.516822 0.050914 0.117757
4 0.133812 0.787850 0.053525 0.117757
37 0.889687 0.391589 0.016971 0.024299
37 0.261749 0.517757 0.014360 0.022430
28 0.713446 0.608411 0.061358 0.042991
37 0.657242 0.518294 0.013088 0.022081
30 0.840343 0.101017 0.040477 0.037395
29 0.113760 0.900187 0.030064 0.024296
29 0.832651 0.897940 0.030060 0.024281
29 0.591356 0.900146 0.030057 0.024284
29 0.319229 0.897943 0.030077 0.024290