32 0.351492 0.684675 0.038911 0.070562
32 0.580415 0.672547 0.037613 0.066152
0 0.787938 0.200110 0.079118 0.078280
18 0.554475 0.825799 0.068742 0.081588
32 0.460441 0.598126 0.077821 0.034179
2 0.546044 0.200110 0.077821 0.076075
37 0.875486 0.507166 0.012970 0.013230
23 0.345655 0.363286 0.252918 0.184123
32 0.234112 0.594267 0.081712 0.035281
18 0.145266 0.825799 0.070039 0.079383
0 0.153048 0.199008 0.080415 0.078280
29 0.470169 0.943219 0.045396 0.016538
32 0.822309 0.716097 0.038911 0.069460
30 0.469520 0.066703 0.080415 0.014333