28 0.405473 0.781250 0.059701 0.037500
32 0.354478 0.721429 0.064677 0.046429
4 0.656095 0.439286 0.063433 0.082143
32 0.373134 0.194643 0.047264 0.075000
37 0.079602 0.440179 0.009950 0.016071
4 0.488184 0.720536 0.063433 0.083929
30 0.504975 0.042857 0.079602 0.017857
32 0.249378 0.381250 0.068408 0.055357
29 0.516169 0.944643 0.064677 0.067857
28 0.848881 0.441964 0.031095 0.062500
32 0.628109 0.191964 0.044776 0.076786
4 0.490050 0.596429 0.064677 0.082143
28 0.132463 0.440179 0.031095 0.062500
32 0.727612 0.367857 0.067164 0.057143
37 0.279851 0.721429 0.012438 0.017857
4 0.346393 0.440179 0.060945 0.083929
37 0.915149 0.438737 0.020751 0.019872