29 0.673434 0.570144 0.049884 0.043165
4 0.795244 0.773381 0.056845 0.111511
6 0.397332 0.771583 0.054524 0.107914
30 0.529582 0.099820 0.029002 0.019784
0 0.796404 0.208633 0.054524 0.107914
30 0.309165 0.099820 0.029002 0.019784
29 0.218097 0.543165 0.046404 0.043165
28 0.674014 0.437050 0.060325 0.050360
4 0.551044 0.488309 0.055684 0.109712
12 0.130510 0.351619 0.084687 0.131295
28 0.866589 0.492806 0.060325 0.050360
0 0.505800 0.208633 0.055684 0.107914
37 0.213457 0.643885 0.020882 0.032374
36 0.419954 0.639388 0.020882 0.023381
37 0.926334 0.377698 0.022042 0.035971
29 0.866009 0.625899 0.049884 0.043165
0 0.334107 0.207734 0.058005 0.106115
4 0.151392 0.772482 0.056845 0.106115
4 0.288283 0.486511 0.056845 0.106115