38 0.412060 0.380000 0.035176 0.050667
29 0.886307 0.953333 0.031407 0.040000
38 0.344849 0.544000 0.036432 0.058667
38 0.785176 0.544000 0.035176 0.058667
29 0.445980 0.953333 0.030151 0.040000
38 0.145729 0.718667 0.035176 0.050667
28 0.312186 0.473333 0.028894 0.040000
38 0.785176 0.380000 0.035176 0.050667
38 0.652010 0.716000 0.035176 0.056000
38 0.346106 0.378667 0.036432 0.053333
38 0.212312 0.548000 0.035176 0.050667
28 0.751884 0.474667 0.031407 0.042667
38 0.278894 0.377333 0.035176 0.050667
37 0.933417 0.220000 0.015075 0.034667
28 0.179020 0.814667 0.031407 0.040000
38 0.585427 0.717333 0.035176 0.053333
28 0.245603 0.644000 0.031407 0.040000
38 0.212312 0.718667 0.035176 0.050667
38 0.278894 0.542667 0.035176 0.061333
38 0.718593 0.378667 0.035176 0.048000
38 0.718593 0.717333 0.035176 0.053333
28 0.618719 0.814667 0.031407 0.040000
38 0.718593 0.544000 0.035176 0.064000
38 0.785176 0.206667 0.035176 0.056000
29 0.618090 0.954667 0.030151 0.042667
38 0.852387 0.380000 0.036432 0.050667
28 0.818467 0.305333 0.031407 0.040000
38 0.852387 0.209333 0.036432 0.050667
29 0.178392 0.954667 0.030151 0.042667
28 0.684673 0.644000 0.030151 0.040000
38 0.278894 0.718667 0.035176 0.050667
38 0.652010 0.544000 0.035176 0.058667
38 0.345477 0.205333 0.037688 0.058667
28 0.379397 0.305333 0.030151 0.040000
37 0.059652 0.221460 0.007909 0.026413