4 0.757069 0.252796 0.095116 0.111857
30 0.528278 0.102908 0.100257 0.031320
4 0.757069 0.827740 0.095116 0.111857
28 0.916452 0.417226 0.048843 0.033557
6 0.503856 0.540268 0.092545 0.109620
6 0.503856 0.255034 0.092545 0.107383
30 0.794344 0.099553 0.071979 0.024609
29 0.913882 0.809843 0.053985 0.031320
29 0.915167 0.487696 0.051414 0.031320
29 0.542416 0.973154 0.056555 0.035794
28 0.916452 0.705817 0.048843 0.029083
37 0.101542 0.210291 0.028278 0.022371
6 0.505141 0.828859 0.095116 0.109620
4 0.755784 0.539150 0.097686 0.111857
29 0.793059 0.973154 0.053985 0.035794
23 0.277635 0.253915 0.195373 0.185682
37 0.377892 0.829978 0.025707 0.022371
37 0.092545 0.497763 0.025707 0.020134
23 0.272976 0.537574 0.195362 0.185687