4 0.770513 0.261693 0.094872 0.109131
23 0.292308 0.840757 0.184615 0.184855
30 0.558974 0.110245 0.066667 0.024499
28 0.924359 0.444321 0.048718 0.028953
30 0.807692 0.108018 0.071795 0.024499
0 0.767949 0.840757 0.089744 0.109131
29 0.925641 0.839644 0.051282 0.031180
32 0.557692 0.543430 0.053846 0.084633
23 0.293590 0.262806 0.197436 0.187082
6 0.516667 0.263909 0.089744 0.109126
28 0.925641 0.738307 0.046154 0.028953
37 0.133333 0.881960 0.025641 0.022272
29 0.557692 0.977728 0.053846 0.031180
32 0.806410 0.543430 0.053846 0.075724
37 0.130769 0.218263 0.025641 0.022272
2 0.519231 0.840757 0.089744 0.109131
29 0.806410 0.977728 0.053846 0.035635
29 0.924359 0.516704 0.048718 0.031180