4 0.392491 0.616570 0.043231 0.077071
37 0.885666 0.344894 0.028441 0.038536
4 0.244027 0.431599 0.046644 0.080925
29 0.489192 0.951830 0.034130 0.034682
4 0.547213 0.428709 0.047782 0.075145
37 0.097838 0.059730 0.031854 0.042389
12 0.123436 0.639692 0.039818 0.084778
0 0.288888 0.149326 0.053464 0.078998
35 0.860068 0.529865 0.025028 0.088632
36 0.264505 0.340077 0.019340 0.021195
35 0.784414 0.610790 0.023891 0.088632
37 0.628555 0.610790 0.012514 0.019268
37 0.097838 0.342967 0.029579 0.038536
6 0.248009 0.827553 0.045506 0.078998
4 0.587031 0.616570 0.043231 0.073218
4 0.470421 0.823699 0.042093 0.078998
36 0.568259 0.525048 0.019340 0.021195
35 0.783276 0.445087 0.023891 0.088632
4 0.432309 0.428709 0.047782 0.075145
30 0.264505 0.064547 0.023891 0.025048
36 0.410694 0.525048 0.020478 0.021195
4 0.142207 0.826590 0.045506 0.080925
0 0.546644 0.152216 0.051195 0.077071
0 0.762230 0.226397 0.050057 0.078998