32 0.705742 0.871094 0.019139 0.091146
37 0.470096 0.423177 0.011962 0.028646
15 0.716507 0.563802 0.028708 0.101562
18 0.206938 0.723958 0.028708 0.104167
29 0.705742 0.970052 0.031100 0.039062
29 0.133373 0.888021 0.032297 0.041667
32 0.574761 0.196615 0.017943 0.091146
23 0.320574 0.420573 0.081340 0.184896
32 0.064593 0.277344 0.019139 0.085938
14 0.584928 0.562500 0.028708 0.104167
32 0.195574 0.277344 0.020335 0.091146
32 0.195574 0.542969 0.017943 0.091146
23 0.829545 0.342448 0.082536 0.184896
18 0.053828 0.725260 0.026316 0.101562
32 0.705742 0.675781 0.019139 0.091146
32 0.705742 0.197917 0.019139 0.088542
37 0.981830 0.340548 0.006873 0.016378