0 0.849654 0.316742 0.051434 0.167421
4 0.107814 0.645928 0.053412 0.174208
29 0.746291 0.826923 0.058358 0.061086
0 0.307122 0.317873 0.052423 0.169683
37 0.952522 0.316742 0.011869 0.031674
29 0.413947 0.835973 0.056380 0.061086
29 0.088526 0.837104 0.056380 0.063348
12 0.087537 0.316742 0.078140 0.180995
4 0.724530 0.645928 0.052423 0.169683
0 0.516815 0.316742 0.052423 0.171946
0 0.640455 0.317873 0.052423 0.169683
37 0.244807 0.316742 0.012859 0.031674
6 0.390208 0.647059 0.052423 0.171946
30 0.830324 0.121628 0.023856 0.032500
30 0.664592 0.124203 0.023862 0.032511
30 0.496611 0.119047 0.023851 0.032535
30 0.330881 0.124206 0.023856 0.032496
30 0.087934 0.122925 0.023855 0.032511