4 0.671429 0.844241 0.080952 0.091623
4 0.814286 0.845550 0.100000 0.094241
4 0.303571 0.541885 0.083333 0.089005
29 0.707143 0.962042 0.052381 0.044503
28 0.605952 0.715969 0.035714 0.060209
28 0.355952 0.713351 0.035714 0.060209
37 0.923810 0.840314 0.033333 0.041885
37 0.045238 0.842932 0.033333 0.041885
29 0.772619 0.960733 0.050000 0.041885
4 0.302381 0.844241 0.080952 0.091623
29 0.197619 0.963351 0.052381 0.041885
29 0.270238 0.964660 0.050000 0.044503
4 0.153571 0.845550 0.102381 0.094241
31 0.504762 0.137435 0.176190 0.086387
4 0.672619 0.541885 0.078571 0.094241
30 0.506528 0.058586 0.156605 0.043063