32 0.278289 0.515654 0.025000 0.058932
28 0.149342 0.567219 0.017105 0.036832
7 0.574342 0.790976 0.043421 0.079190
37 0.094079 0.568140 0.014474 0.020258
30 0.553289 0.069982 0.030263 0.018416
29 0.557237 0.931860 0.027632 0.025783
36 0.786184 0.302947 0.014474 0.016575
36 0.557237 0.566298 0.014474 0.016575
31 0.369079 0.214549 0.030263 0.071823
32 0.753289 0.567219 0.040789 0.033149
31 0.206579 0.569061 0.052632 0.040516
28 0.859868 0.304788 0.017105 0.038674
28 0.590789 0.350829 0.018421 0.038674
7 0.685526 0.568140 0.044737 0.079190
32 0.414474 0.567219 0.042105 0.036832
32 0.511842 0.790055 0.042105 0.033149
7 0.350658 0.568140 0.043421 0.079190
32 0.622368 0.567219 0.042105 0.033149
37 0.919079 0.303867 0.014474 0.018416
32 0.413158 0.214549 0.023684 0.057090
31 0.669079 0.217311 0.030263 0.073665