36 0.405897 0.401099 0.021330 0.021978
36 0.291092 0.668498 0.022585 0.025641
4 0.735257 0.804945 0.062735 0.115385
36 0.562735 0.228938 0.021330 0.021978
0 0.734630 0.233516 0.061481 0.111722
4 0.587829 0.803114 0.061481 0.115385
0 0.195734 0.288462 0.060226 0.111722
37 0.902133 0.475275 0.022585 0.034799
28 0.863864 0.595238 0.069009 0.054945
0 0.430991 0.231685 0.058971 0.108059
4 0.432246 0.515568 0.058971 0.111722
0 0.537641 0.404762 0.058971 0.106227
4 0.264743 0.805861 0.060226 0.109890
37 0.065872 0.514652 0.023839 0.032967
29 0.863864 0.728938 0.053952 0.043956
37 0.066499 0.674908 0.025094 0.034799
4 0.144918 0.514652 0.058971 0.109890
37 0.186642 0.919040 0.012233 0.017840
30 0.402443 0.122386 0.029330 0.034273
37 0.181704 0.805095 0.012226 0.017864
30 0.562878 0.118237 0.029342 0.034271