32 0.550000 0.134146 0.037349 0.037694
32 0.948193 0.542129 0.026506 0.099778
14 0.307831 0.386918 0.044578 0.090909
31 0.501205 0.093126 0.045783 0.044346
28 0.393373 0.228381 0.042169 0.035477
31 0.752410 0.454545 0.039759 0.097561
7 0.382955 0.557650 0.043728 0.086475
21 0.216875 0.227273 0.044933 0.086475
7 0.059036 0.505543 0.045783 0.088692
28 0.069880 0.830377 0.043373 0.037694
21 0.792771 0.137472 0.048193 0.084257
32 0.215663 0.444568 0.021687 0.073171
8 0.216867 0.545455 0.040964 0.070953
32 0.737952 0.651885 0.020482 0.070953
28 0.673494 0.137472 0.019277 0.079823
28 0.857831 0.537694 0.043373 0.033259
7 0.590964 0.549889 0.046988 0.084257
37 0.563508 0.572049 0.004158 0.011800
7 0.143275 0.693474 0.045786 0.088704
37 0.618257 0.549805 0.005663 0.010426
21 0.215912 0.812252 0.044937 0.086483
37 0.030978 0.529945 0.003568 0.007005
37 0.085076 0.505924 0.005730 0.011001
37 0.357616 0.580527 0.004573 0.010825
37 0.408670 0.556204 0.006186 0.012629
37 0.141279 0.642653 0.006356 0.006669
37 0.153738 0.742717 0.003631 0.008320