28 0.857831 0.538631 0.043373 0.035320
32 0.216265 0.445916 0.020482 0.070640
28 0.673494 0.139073 0.019277 0.079470
28 0.393373 0.230684 0.042169 0.033113
32 0.550000 0.137969 0.037349 0.037528
7 0.307831 0.389625 0.044578 0.090508
7 0.382530 0.557395 0.044578 0.081678
31 0.501205 0.096026 0.045783 0.041943
28 0.069880 0.827815 0.043373 0.035320
7 0.590964 0.550773 0.046988 0.086093
32 0.948193 0.543046 0.026506 0.101545
31 0.753012 0.456954 0.038554 0.097130
21 0.792771 0.140177 0.048193 0.086093
8 0.216265 0.545254 0.039759 0.070640
32 0.737952 0.651214 0.020482 0.070640
7 0.058434 0.506623 0.044578 0.081678
37 0.032067 0.530995 0.004168 0.007982
21 0.214067 0.230761 0.048189 0.086112
21 0.216314 0.809100 0.048192 0.086087
7 0.140433 0.693365 0.044577 0.081693
37 0.084358 0.508513 0.003796 0.010736
37 0.140607 0.642879 0.005295 0.008992
37 0.153257 0.744210 0.005309 0.008975
37 0.307719 0.338308 0.005304 0.009006
37 0.320625 0.440419 0.005317 0.008969
37 0.408014 0.559272 0.005311 0.008997
37 0.357272 0.581267 0.005310 0.008998
37 0.565159 0.572717 0.005320 0.008982
37 0.617351 0.549315 0.005309 0.008996