32 0.553012 0.136564 0.036145 0.035242
31 0.754819 0.453744 0.039759 0.096916
7 0.310241 0.386239 0.044578 0.080849
28 0.677108 0.137665 0.019277 0.081498
32 0.950602 0.540749 0.026506 0.099119
7 0.593373 0.546256 0.044578 0.083700
28 0.395783 0.229075 0.042169 0.035242
32 0.218675 0.442731 0.020482 0.070485
28 0.860241 0.536344 0.043373 0.033040
7 0.144578 0.688326 0.043373 0.085903
7 0.384940 0.555066 0.044578 0.083700
8 0.219277 0.544053 0.040964 0.070485
32 0.740361 0.648678 0.020482 0.072687
31 0.504217 0.095815 0.046988 0.041850
28 0.072892 0.825991 0.042169 0.035242
37 0.144432 0.638856 0.004063 0.008152
37 0.156215 0.741965 0.004068 0.008160
7 0.061705 0.508201 0.044581 0.088112
37 0.310479 0.334294 0.004056 0.008148
37 0.322372 0.438164 0.004062 0.008163
21 0.794653 0.137209 0.048192 0.085896
37 0.358134 0.580109 0.004063 0.008112
37 0.411957 0.554257 0.004066 0.008145
37 0.567165 0.570817 0.004067 0.008145
37 0.620250 0.547800 0.004060 0.008148
21 0.215925 0.227749 0.048197 0.085903
21 0.219173 0.806475 0.048185 0.085901
37 0.034881 0.527395 0.004066 0.008150
37 0.086967 0.504613 0.004075 0.008168