28 0.932692 0.669935 0.060440 0.041394
0 0.741071 0.277778 0.081044 0.132898
12 0.394918 0.825708 0.061813 0.091503
12 0.774038 0.806100 0.061813 0.095861
37 0.957418 0.532680 0.024725 0.041394
32 0.859890 0.671024 0.032967 0.100218
28 0.563874 0.755991 0.061813 0.043573
29 0.896978 0.822440 0.054945 0.045752
29 0.774038 0.923747 0.042582 0.039216
0 0.750000 0.639434 0.057692 0.098039
0 0.369505 0.293028 0.057692 0.093682
0 0.418269 0.638344 0.056319 0.095861
37 0.122253 0.206972 0.024725 0.039216
23 0.217720 0.291939 0.094780 0.331155
29 0.392048 0.919075 0.042583 0.039210
30 0.778407 0.092578 0.025974 0.025764
30 0.395276 0.088674 0.025977 0.025717