29 0.943308 0.758110 0.033898 0.043724
37 0.984804 0.485190 0.015196 0.039492
37 0.043542 0.533850 0.014611 0.035261
30 0.502338 0.067701 0.015780 0.025388
6 0.486265 0.816643 0.035067 0.087447
0 0.857978 0.583921 0.035067 0.090268
0 0.700468 0.364598 0.034483 0.086037
28 0.964933 0.614245 0.038574 0.035261
0 0.486850 0.328632 0.035067 0.084626
0 0.168615 0.258110 0.035652 0.087447
30 0.791350 0.066996 0.019871 0.023977
28 0.624196 0.657969 0.037405 0.038082
0 0.517241 0.583921 0.033898 0.087447
0 0.776154 0.145275 0.035067 0.090268
4 0.071303 0.817348 0.036236 0.088858
0 0.851257 0.241890 0.048510 0.125529
4 0.138808 0.709450 0.036821 0.087447
23 0.109001 0.487306 0.060199 0.196051
0 0.168323 0.149506 0.035067 0.087447
4 0.431034 0.485190 0.034483 0.084626
37 0.043834 0.425247 0.015196 0.035261
6 0.320865 0.816643 0.036236 0.087447
4 0.858562 0.815938 0.036236 0.088858
30 0.873466 0.068406 0.019287 0.021157
32 0.919638 0.617066 0.020456 0.091678
0 0.683811 0.148096 0.035067 0.087447
4 0.352133 0.485190 0.035652 0.087447
0 0.361485 0.214386 0.034483 0.087447
32 0.655172 0.541608 0.035067 0.047955
4 0.245763 0.485190 0.035652 0.087447
28 0.199883 0.586037 0.037405 0.038082
4 0.072180 0.708745 0.036821 0.088858
0 0.275570 0.214386 0.036821 0.087447
6 0.138515 0.816643 0.036236 0.087447
6 0.700175 0.815938 0.036236 0.088858
28 0.589129 0.782087 0.037405 0.038082
30 0.698714 0.067701 0.018118 0.028209
4 0.775570 0.736248 0.035067 0.090268
37 0.638028 0.455545 0.014805 0.021974
29 0.873175 0.893738 0.013170 0.019649
29 0.792948 0.891834 0.013169 0.019639
29 0.716257 0.896589 0.013175 0.019652
29 0.621739 0.891837 0.013169 0.019644
29 0.589493 0.895314 0.013173 0.019653
29 0.500610 0.895317 0.013171 0.019657
29 0.337401 0.894050 0.013175 0.019641
29 0.201587 0.894678 0.013178 0.019648
29 0.154396 0.896895 0.013173 0.019653
29 0.055951 0.894980 0.013170 0.019642
30 0.258682 0.065774 0.015779 0.025388
30 0.155615 0.065772 0.015779 0.025383
30 0.378516 0.066873 0.015781 0.025394