28 0.117695 0.474048 0.047078 0.020761
29 0.384740 0.726644 0.025974 0.017301
29 0.691558 0.889273 0.025974 0.017301
28 0.255682 0.696367 0.047078 0.022491
21 0.117695 0.701557 0.024351 0.032872
30 0.690747 0.126298 0.050325 0.017301
38 0.687500 0.170415 0.030844 0.050173
28 0.761364 0.549308 0.045455 0.022491
38 0.688312 0.615917 0.025974 0.044983
21 0.116883 0.553633 0.022727 0.031142
38 0.183442 0.837370 0.025974 0.051903
29 0.889610 0.726644 0.025974 0.017301
28 0.761364 0.399654 0.045455 0.024221
28 0.622565 0.770761 0.047078 0.022491
28 0.256494 0.399654 0.045455 0.024221
28 0.116883 0.770761 0.045455 0.022491
38 0.687500 0.320069 0.027597 0.048443
21 0.116883 0.401384 0.022727 0.031142
38 0.181818 0.539792 0.025974 0.048443
28 0.761364 0.696367 0.045455 0.022491
28 0.623377 0.623702 0.045455 0.022491
28 0.256494 0.549308 0.045455 0.022491
37 0.419643 0.588235 0.017857 0.020761
12 0.889610 0.651384 0.055195 0.057093
28 0.117695 0.326990 0.047078 0.024221
38 0.687500 0.763841 0.027597 0.046713
28 0.623377 0.327855 0.045455 0.022491
38 0.181818 0.689446 0.025974 0.046713
29 0.186688 0.889273 0.025974 0.017301
28 0.623377 0.473183 0.045455 0.022491
38 0.182630 0.384948 0.027597 0.064014
38 0.183442 0.245675 0.025974 0.044983
37 0.924513 0.588235 0.017857 0.020761
28 0.117695 0.623702 0.047078 0.022491
38 0.688312 0.466263 0.025974 0.050173
12 0.384740 0.651384 0.055195 0.057093