36 0.471536 0.816498 0.017186 0.020202
4 0.359828 0.553030 0.051557 0.102694
36 0.639098 0.632155 0.017186 0.021886
6 0.493555 0.744108 0.050483 0.101010
4 0.113856 0.552189 0.051557 0.101010
32 0.470462 0.500000 0.042965 0.117845
36 0.337272 0.343434 0.019334 0.020202
0 0.358217 0.187710 0.050483 0.099327
36 0.639635 0.184343 0.018260 0.021886
4 0.618690 0.820707 0.049409 0.102694
4 0.492481 0.637205 0.052632 0.102694
0 0.786788 0.189394 0.050483 0.102694
0 0.661117 0.374579 0.048335 0.106061
0 0.619227 0.267677 0.050483 0.101010
32 0.638561 0.510101 0.039742 0.117845
30 0.471536 0.088384 0.040816 0.028620
4 0.787325 0.742424 0.051557 0.101010
0 0.157358 0.345960 0.050483 0.102694
37 0.930183 0.517677 0.019334 0.031987
37 0.046724 0.701178 0.020408 0.031987
0 0.450591 0.346801 0.050483 0.097643
0 0.786788 0.373737 0.050483 0.101010
6 0.215897 0.822391 0.051557 0.099327
4 0.786788 0.635522 0.050483 0.102694
36 0.472073 0.185185 0.018260 0.020202
36 0.238990 0.694444 0.020408 0.021886
37 0.046724 0.553030 0.020408 0.031987
29 0.896885 0.750000 0.045113 0.038721
28 0.897959 0.626263 0.060150 0.047138
36 0.639635 0.737374 0.018260 0.020202
37 0.153472 0.928340 0.020412 0.031982
37 0.147407 0.822114 0.020405 0.031987
30 0.333507 0.090478 0.040821 0.028621
30 0.638965 0.084271 0.040810 0.028629