32 0.423015 0.626415 0.068071 0.128302
32 0.041329 0.629245 0.069692 0.126415
37 0.974878 0.450000 0.037277 0.043396
32 0.899514 0.631132 0.064830 0.126415
18 0.444895 0.802830 0.069692 0.118868
0 0.847650 0.179245 0.113452 0.177358
18 0.291734 0.801887 0.071313 0.120755
0 0.092382 0.179245 0.116694 0.188679
2 0.641275 0.181465 0.110220 0.177367
23 0.371151 0.331132 0.204214 0.216981
32 0.694489 0.633019 0.066451 0.122642
29 0.321524 0.917000 0.025765 0.020713
29 0.416463 0.918492 0.025752 0.020687
29 0.500612 0.918498 0.025752 0.020698
29 0.693037 0.916954 0.025755 0.020697
30 0.691306 0.051513 0.030174 0.028739
29 0.238801 0.919977 0.025769 0.020693