0 0.155496 0.366594 0.053619 0.069414
2 0.284853 0.365510 0.054960 0.071584
0 0.693029 0.366594 0.053619 0.069414
35 0.308981 0.688720 0.038874 0.093275
0 0.155496 0.248373 0.053619 0.067245
29 0.308311 0.969631 0.040214 0.039046
0 0.825737 0.562907 0.050938 0.067245
29 0.628686 0.967462 0.040214 0.039046
0 0.606568 0.563991 0.052279 0.065076
29 0.802949 0.967462 0.040214 0.039046
35 0.081769 0.719089 0.042895 0.088937
35 0.802949 0.704989 0.040214 0.091106
0 0.695040 0.246204 0.057641 0.067245
35 0.360590 0.660521 0.040214 0.088937
29 0.080429 0.966377 0.042895 0.041215
29 0.134048 0.970716 0.040214 0.036876
37 0.900134 0.627983 0.044236 0.058568
18 0.294906 0.817787 0.037534 0.108460
29 0.360590 0.970716 0.040214 0.036876
2 0.284182 0.246204 0.053619 0.071584
18 0.147453 0.817787 0.037534 0.108460
4 0.149464 0.521692 0.038874 0.067245
4 0.788874 0.844902 0.041555 0.071584
4 0.643432 0.843818 0.040214 0.069414
35 0.362601 0.817787 0.041555 0.091106
4 0.293566 0.521692 0.037534 0.067245
30 0.481233 0.109544 0.048257 0.036876