28 0.298055 0.601449 0.049199 0.033816
28 0.474256 0.701288 0.049199 0.033816
4 0.411327 0.460548 0.062929 0.074074
4 0.319794 0.194847 0.053776 0.090177
36 0.581236 0.330918 0.022883 0.020934
4 0.169908 0.849436 0.051487 0.091787
28 0.693936 0.601449 0.051487 0.033816
36 0.410755 0.330113 0.020595 0.019324
0 0.822654 0.611111 0.054920 0.091787
4 0.671625 0.194847 0.052632 0.090177
32 0.532037 0.705314 0.020595 0.057971
4 0.580664 0.459742 0.060641 0.072464
4 0.822082 0.850242 0.051487 0.090177
0 0.168764 0.610306 0.053776 0.090177
37 0.947337 0.741864 0.009246 0.006504
30 0.503880 0.079617 0.035355 0.014152
37 0.045580 0.743343 0.005471 0.013082
29 0.503477 0.993465 0.020399 0.013071