30 0.512842 0.068393 0.063356 0.017264
28 0.127568 0.615538 0.094178 0.033201
36 0.661815 0.332669 0.039384 0.019920
32 0.568493 0.634130 0.037671 0.062417
36 0.339041 0.332005 0.037671 0.018592
29 0.513699 0.746348 0.034247 0.015936
4 0.832192 0.191235 0.099315 0.092961
4 0.170377 0.191235 0.097603 0.092961
28 0.875856 0.614874 0.090753 0.031873
28 0.459760 0.628154 0.090753 0.031873
37 0.129020 0.666933 0.024809 0.022984
37 0.881186 0.665010 0.018778 0.009968
0 0.657967 0.466916 0.118143 0.075694
0 0.343464 0.462504 0.118146 0.075702