0 0.151053 0.222782 0.051579 0.122984
4 0.109474 0.534274 0.052632 0.125000
30 0.329474 0.101815 0.029474 0.018145
36 0.231579 0.706653 0.021053 0.026210
6 0.211053 0.795363 0.051579 0.122984
37 0.931579 0.541331 0.018947 0.038306
0 0.670526 0.224798 0.052632 0.122984
0 0.308421 0.225806 0.050526 0.125000
4 0.349474 0.535282 0.050526 0.127016
4 0.802105 0.792339 0.052632 0.125000
30 0.559474 0.103831 0.038947 0.026210
29 0.910526 0.818548 0.044211 0.048387
4 0.670000 0.792339 0.051579 0.125000
28 0.908421 0.669355 0.056842 0.060484
0 0.537368 0.416331 0.051579 0.122984
37 0.044211 0.712702 0.021053 0.038306
0 0.801053 0.224798 0.052632 0.122984
37 0.043684 0.535282 0.020000 0.038306
4 0.537895 0.792339 0.052632 0.125000
37 0.147857 0.801047 0.021057 0.038305
37 0.148181 0.916798 0.019096 0.035797
30 0.689175 0.102719 0.038944 0.026212