28 0.168200 0.511547 0.028909 0.030023
6 0.535480 0.824480 0.043364 0.092379
37 0.898160 0.493072 0.011827 0.020785
32 0.202365 0.448037 0.018397 0.060046
29 0.754928 0.969977 0.017083 0.018476
4 0.634691 0.624711 0.042050 0.090069
4 0.459921 0.624711 0.042050 0.090069
6 0.323259 0.825635 0.042050 0.090069
4 0.111038 0.643187 0.040736 0.090069
28 0.507227 0.027714 0.018397 0.050808
0 0.633377 0.300231 0.042050 0.092379
4 0.847569 0.755196 0.042050 0.092379
29 0.093955 0.759815 0.017083 0.018476
36 0.754271 0.424942 0.015769 0.018476
36 0.883706 0.754042 0.009198 0.030023
4 0.736531 0.824480 0.040736 0.092379
32 0.829172 0.648961 0.018397 0.060046
36 0.340999 0.525404 0.017083 0.020785
36 0.616294 0.466513 0.015769 0.018476
36 0.616294 0.525404 0.018397 0.020785
0 0.737188 0.300231 0.042050 0.092379
0 0.358081 0.297921 0.043364 0.092379
30 0.093955 0.311778 0.027595 0.018476
4 0.847569 0.875289 0.039422 0.092379
32 0.201051 0.587760 0.018397 0.062356
36 0.754271 0.466513 0.015769 0.018476
0 0.846912 0.541570 0.040736 0.090069
4 0.954008 0.876443 0.039422 0.094688
36 0.479632 0.525404 0.018397 0.020785
30 0.753614 0.195150 0.027595 0.025404
0 0.955322 0.542725 0.042050 0.092379
0 0.461235 0.300231 0.044678 0.092379
37 0.283180 0.824480 0.011827 0.023095
4 0.954008 0.752887 0.042050 0.096998
37 0.420499 0.623557 0.013141 0.023095
29 0.185174 0.680367 0.017607 0.024073
37 0.996843 0.644771 0.006314 0.016633