29 0.502161 0.989011 0.021614 0.015699
0 0.863833 0.654631 0.059078 0.078493
28 0.270893 0.646782 0.057637 0.031397
4 0.294669 0.289639 0.059078 0.080063
0 0.126081 0.655416 0.059078 0.080063
28 0.718300 0.646782 0.056196 0.028257
4 0.693804 0.290424 0.059078 0.078493
28 0.469741 0.733124 0.054755 0.028257
4 0.864553 0.865777 0.057637 0.076923
32 0.535303 0.738619 0.021614 0.051805
30 0.502882 0.186028 0.037464 0.014129
4 0.124640 0.864992 0.059078 0.078493
0 0.401234 0.522614 0.072183 0.061234
0 0.591219 0.521012 0.073188 0.061224