30 0.512121 0.079892 0.062626 0.026930
0 0.357576 0.403052 0.096970 0.098743
4 0.665657 0.653501 0.090909 0.100539
0 0.666667 0.403052 0.096970 0.098743
37 0.396970 0.166068 0.014141 0.016158
4 0.472727 0.879713 0.092929 0.100539
4 0.358586 0.653501 0.090909 0.100539
37 0.134343 0.538600 0.022222 0.014363
37 0.472727 0.540395 0.016162 0.014363
0 0.472727 0.165171 0.096970 0.100539
37 0.894949 0.539497 0.016162 0.016158
29 0.513131 0.973968 0.036364 0.019749
37 0.551515 0.542037 0.016162 0.014363
37 0.386902 0.878092 0.016159 0.014362