0 0.451637 0.211499 0.066964 0.110883
4 0.051339 0.870637 0.066964 0.114990
4 0.394345 0.553388 0.068452 0.112936
0 0.662946 0.213552 0.066964 0.110883
0 0.244048 0.212526 0.068452 0.112936
0 0.870536 0.211499 0.068452 0.114990
37 0.177827 0.660164 0.013393 0.022587
4 0.720238 0.553388 0.068452 0.112936
0 0.241815 0.660164 0.066964 0.108830
0 0.870536 0.659138 0.068452 0.110883
4 0.528274 0.868583 0.068452 0.114990
0 0.052827 0.211499 0.069940 0.119097
37 0.730655 0.344969 0.035714 0.049281
37 0.936362 0.212062 0.008153 0.015301
37 0.936951 0.660047 0.011356 0.023774
30 0.273168 0.105857 0.037690 0.036372
30 0.424932 0.109075 0.037689 0.036373
30 0.692679 0.109725 0.037703 0.036367
29 0.272077 0.975645 0.037678 0.036369
29 0.554310 0.974024 0.037683 0.036347