0 0.305319 0.213781 0.065957 0.151943
37 0.794681 0.159011 0.019149 0.028269
37 0.518085 0.782686 0.010638 0.017668
37 0.469149 0.593640 0.010638 0.021201
37 0.235106 0.212014 0.014894 0.028269
0 0.585106 0.784452 0.068085 0.141343
4 0.690426 0.784452 0.053191 0.141343
0 0.797872 0.279152 0.085106 0.127208
37 0.545745 0.212014 0.014894 0.021201
4 0.380851 0.786219 0.055319 0.144876
4 0.796809 0.475265 0.078723 0.109541
0 0.206383 0.560071 0.076596 0.095406
0 0.276596 0.787986 0.068085 0.141343
29 0.132979 0.772085 0.070213 0.067138
37 0.050000 0.074205 0.031915 0.056537
28 0.330851 0.494700 0.087234 0.070671
4 0.206383 0.561837 0.076596 0.091873
37 0.468085 0.171378 0.017021 0.024735
4 0.470213 0.485866 0.080851 0.109541
28 0.638298 0.459364 0.089362 0.070671
37 0.950000 0.379859 0.031915 0.053004
0 0.613830 0.213781 0.065957 0.151943
0 0.467021 0.289753 0.078723 0.127208
37 0.436675 0.787901 0.017845 0.035077
37 0.206144 0.457651 0.016239 0.018875
37 0.212247 0.785225 0.020297 0.035048
37 0.793818 0.584336 0.017886 0.024282
37 0.749982 0.787912 0.021113 0.026934