4 0.272331 0.832258 0.056645 0.122581
0 0.185185 0.270968 0.082789 0.103226
37 0.417211 0.467742 0.015251 0.019355
37 0.417211 0.808065 0.010893 0.016129
0 0.811547 0.353226 0.080610 0.100000
28 0.293028 0.450000 0.080610 0.054839
4 0.415033 0.550000 0.076253 0.080645
37 0.418301 0.398387 0.013072 0.022581
4 0.610022 0.832258 0.056645 0.122581
0 0.734205 0.803226 0.078431 0.103226
37 0.733115 0.904839 0.015251 0.022581
0 0.416122 0.148387 0.078431 0.103226
37 0.185185 0.369355 0.013072 0.016129
4 0.417211 0.309677 0.076253 0.090323
4 0.811547 0.514516 0.080610 0.087097
0 0.416122 0.708065 0.082789 0.106452
37 0.969499 0.229032 0.030501 0.045161
28 0.630719 0.509677 0.084967 0.051613
37 0.063181 0.229032 0.030501 0.045161
37 0.812636 0.256452 0.013072 0.022581
37 0.415985 0.050541 0.022815 0.024046
4 0.733367 0.649073 0.076259 0.080641
37 0.813310 0.596753 0.018777 0.022832
37 0.735797 0.560103 0.017916 0.021606
37 0.548696 0.828128 0.013875 0.014449
37 0.210649 0.828706 0.013074 0.020399
29 0.131085 0.919452 0.055270 0.110573