0 0.311083 0.218750 0.068010 0.148026
37 0.942065 0.384868 0.030227 0.052632
4 0.790932 0.478618 0.080605 0.101974
0 0.610831 0.220395 0.068010 0.151316
4 0.686398 0.781250 0.057935 0.134868
28 0.333753 0.498355 0.088161 0.062500
4 0.471033 0.488487 0.080605 0.101974
0 0.584383 0.782895 0.070529 0.138158
37 0.468514 0.592105 0.015113 0.019737
37 0.790932 0.162829 0.020151 0.023026
37 0.240554 0.218750 0.017632 0.023026
28 0.634761 0.460526 0.090680 0.065789
29 0.141058 0.769737 0.070529 0.065789
37 0.468514 0.174342 0.015113 0.019737
0 0.282116 0.782895 0.065491 0.138158
0 0.799748 0.284539 0.098237 0.128289
0 0.469773 0.294408 0.078086 0.121711
37 0.060453 0.083882 0.030227 0.055921
37 0.745523 0.783188 0.021146 0.023217
37 0.521128 0.784846 0.015220 0.022072
4 0.378298 0.775959 0.057935 0.134874
37 0.441239 0.783730 0.014355 0.024276
37 0.214735 0.782096 0.016057 0.020989
37 0.214741 0.454812 0.022814 0.019850
4 0.210118 0.561855 0.080606 0.101953
37 0.541822 0.223029 0.019460 0.022081
37 0.787780 0.575678 0.021149 0.025405