4 0.435323 0.729485 0.139303 0.076495
4 0.432836 0.609179 0.144279 0.077886
29 0.492537 0.965925 0.094527 0.040334
0 0.279851 0.130042 0.136816 0.079277
4 0.278607 0.308762 0.139303 0.080668
4 0.809701 0.426982 0.136816 0.075104
4 0.174129 0.425591 0.139303 0.075104
4 0.437811 0.848401 0.144279 0.080668
0 0.703980 0.128651 0.134328 0.079277
4 0.705224 0.308067 0.141791 0.079277
30 0.226368 0.039638 0.094527 0.029207
30 0.753731 0.039638 0.084577 0.029207
37 0.060550 0.426196 0.027528 0.020440
37 0.915698 0.430674 0.021690 0.019158