4 0.402119 0.464382 0.025655 0.087366
30 0.451199 0.025538 0.026771 0.021505
0 0.377858 0.149866 0.031790 0.084677
4 0.325990 0.799059 0.026213 0.090054
0 0.167038 0.323925 0.030675 0.088710
14 0.399331 0.652554 0.021194 0.073925
14 0.745956 0.605511 0.020636 0.073925
32 0.819576 0.743952 0.015059 0.065860
32 0.683770 0.573253 0.014501 0.063172
4 0.023424 0.543011 0.027886 0.086022
14 0.020357 0.821909 0.022867 0.076613
0 0.097323 0.324597 0.030675 0.087366
0 0.166202 0.149866 0.032348 0.087366
32 0.899888 0.254704 0.015059 0.065860
0 0.301729 0.324597 0.030117 0.087366
14 0.467373 0.652554 0.021194 0.076613
0 0.242610 0.151210 0.030117 0.084677
0 0.301729 0.149866 0.030117 0.087366
14 0.892359 0.605511 0.023424 0.073925
32 0.229504 0.738575 0.015059 0.065860
14 0.102621 0.821909 0.023424 0.076613
32 0.735639 0.260081 0.025655 0.081989
23 0.822644 0.229839 0.080312 0.166667
4 0.100390 0.543683 0.026771 0.087366
32 0.954267 0.266801 0.027886 0.081989
4 0.218070 0.518145 0.026771 0.087366
4 0.463748 0.464382 0.026213 0.087366
4 0.530117 0.801075 0.026213 0.086022
14 0.583659 0.657258 0.021751 0.075269
32 0.735917 0.484543 0.017289 0.073925
32 0.819297 0.854167 0.015616 0.063172
0 0.242052 0.323925 0.031233 0.086022
32 0.012270 0.672043 0.015616 0.067204
14 0.188232 0.655914 0.022867 0.075269
0 0.377301 0.261425 0.030675 0.084677
0 0.604573 0.151210 0.031233 0.087366
29 0.274400 0.966398 0.024540 0.037634
0 0.025655 0.323925 0.031233 0.086022
0 0.669548 0.151882 0.031790 0.086022
0 0.097323 0.150538 0.030675 0.086022
0 0.026213 0.149866 0.030117 0.084677
0 0.669269 0.324597 0.030117 0.087366
37 0.342085 0.261466 0.006526 0.019652
37 0.340586 0.149778 0.006254 0.013755
37 0.963490 0.074567 0.007883 0.018350
37 0.634005 0.325147 0.004533 0.016920