18 0.891617 0.841078 0.034731 0.076208
18 0.350898 0.840149 0.033533 0.074349
23 0.667665 0.356877 0.118563 0.156134
0 0.549102 0.163569 0.044311 0.100372
32 0.771856 0.680297 0.025150 0.085502
18 0.555090 0.842937 0.034731 0.076208
32 0.362874 0.681227 0.026347 0.083643
30 0.905389 0.063197 0.031138 0.018587
18 0.758683 0.839219 0.032335 0.076208
0 0.379042 0.166357 0.044311 0.098513
2 0.168862 0.163569 0.045509 0.100372
23 0.464671 0.356877 0.117365 0.156134
0 0.886826 0.167286 0.046707 0.100372
0 0.070659 0.165428 0.043114 0.100372
32 0.149102 0.840149 0.027545 0.085502
37 0.970659 0.548327 0.034731 0.029740
32 0.905389 0.683086 0.028743 0.087361
2 0.752695 0.166357 0.044311 0.098513
23 0.255689 0.354089 0.120958 0.154275
29 0.148953 0.938431 0.020214 0.023524
29 0.315353 0.937160 0.020196 0.023532
29 0.364865 0.938433 0.020208 0.023541
29 0.516640 0.939695 0.020214 0.023536
29 0.564538 0.937171 0.020209 0.023525
29 0.724436 0.937168 0.020216 0.023542
29 0.769897 0.939700 0.020204 0.023536
29 0.855122 0.939075 0.020209 0.022292
29 0.908695 0.935913 0.020201 0.023502
30 0.771727 0.063499 0.031138 0.020960
30 0.567794 0.061096 0.031137 0.020990
30 0.361120 0.063535 0.031140 0.020987
30 0.151300 0.061701 0.031141 0.020978
30 0.053047 0.061694 0.031144 0.020971