29 0.576599 0.951730 0.052189 0.023679
30 0.875421 0.071038 0.040404 0.021858
4 0.845960 0.603825 0.065657 0.100182
0 0.121212 0.604736 0.063973 0.102004
30 0.577441 0.070128 0.053872 0.023679
37 0.124579 0.393443 0.013468 0.014572
4 0.604377 0.602914 0.067340 0.098361
4 0.604377 0.842441 0.067340 0.100182
30 0.276936 0.071038 0.048822 0.021858
2 0.248316 0.395264 0.065657 0.102004
0 0.849327 0.175774 0.065657 0.100182
0 0.250842 0.172131 0.067340 0.100182
2 0.606061 0.392532 0.067340 0.100182
0 0.603535 0.175774 0.069024 0.100182
0 0.846801 0.392532 0.067340 0.100182
4 0.844276 0.842441 0.062290 0.100182
0 0.430976 0.604736 0.063973 0.102004
37 0.525522 0.605456 0.015289 0.022078
29 0.868797 0.947610 0.052202 0.023682
37 0.028703 0.605460 0.011229 0.022081
37 0.126065 0.168925 0.016440 0.023203