6 0.652174 0.756238 0.025934 0.088292
23 0.265828 0.382917 0.066362 0.136276
0 0.894355 0.285029 0.026697 0.090211
0 0.740275 0.165067 0.025172 0.095969
32 0.209382 0.623800 0.014493 0.076775
4 0.720824 0.757198 0.025934 0.090211
0 0.220824 0.164107 0.019069 0.078695
0 0.311976 0.162188 0.022883 0.078695
2 0.424485 0.267754 0.023646 0.090211
0 0.580092 0.166027 0.025172 0.090211
18 0.217010 0.768714 0.019069 0.071017
2 0.311594 0.264875 0.023646 0.088292
32 0.435164 0.625720 0.014493 0.076775
0 0.049580 0.268714 0.019832 0.088292
0 0.049199 0.163148 0.020595 0.076775
32 0.509153 0.627639 0.016018 0.076775
32 0.091152 0.766795 0.014493 0.078695
2 0.219298 0.268714 0.023646 0.088292
0 0.893974 0.506718 0.027460 0.088292
4 0.893211 0.755278 0.025934 0.094050
30 0.036995 0.074856 0.020595 0.030710
30 0.510297 0.073896 0.018307 0.036468
4 0.598780 0.758157 0.025934 0.088292
2 0.424867 0.162188 0.022883 0.090211
0 0.802059 0.168906 0.025172 0.092131
37 0.537376 0.552783 0.020595 0.026871
4 0.961861 0.755278 0.024409 0.090211
2 0.102593 0.159309 0.023646 0.092131
0 0.499619 0.165067 0.024409 0.088292
4 0.802059 0.760077 0.023646 0.088292
18 0.427918 0.766795 0.019832 0.071017
18 0.315408 0.770633 0.020595 0.067179
29 0.508772 0.976967 0.025934 0.034549
18 0.501907 0.768714 0.019832 0.071017
23 0.149123 0.380998 0.066362 0.140115
0 0.651411 0.164107 0.025934 0.094050
2 0.498474 0.268714 0.025172 0.088292
0 0.894355 0.394434 0.026697 0.086372
0 0.894737 0.170825 0.027460 0.092131
23 0.377956 0.382917 0.066362 0.140115
2 0.103684 0.262447 0.023646 0.092139
30 0.592977 0.077074 0.020592 0.030696
30 0.437577 0.072504 0.020595 0.030701
30 0.322955 0.074791 0.020595 0.030698
30 0.210145 0.071357 0.020595 0.030712
30 0.092357 0.073631 0.020596 0.030704
30 0.662970 0.076498 0.020591 0.030722
30 0.728441 0.070228 0.020596 0.030712
30 0.815877 0.070804 0.020594 0.030707
30 0.902873 0.073657 0.020591 0.030699