29 0.337209 0.987516 0.034330 0.019711
29 0.438538 0.472405 0.033223 0.019711
32 0.772425 0.631406 0.043189 0.116951
36 0.481728 0.337057 0.031008 0.022339
30 0.251384 0.345598 0.064230 0.023653
3 0.208749 0.204336 0.043189 0.074901
37 0.915282 0.785808 0.021041 0.026281
23 0.336102 0.414586 0.147287 0.177398
32 0.076412 0.837057 0.044297 0.115637
18 0.214839 0.820631 0.055371 0.095926
32 0.482835 0.632063 0.042082 0.113009
3 0.465670 0.205650 0.045404 0.077530
37 0.915836 0.478318 0.017719 0.023653
18 0.460133 0.821945 0.054264 0.093298
3 0.754153 0.205650 0.042082 0.077530
32 0.598560 0.837714 0.043189 0.116951
30 0.483014 0.067518 0.042051 0.031430