30 0.421348 0.477707 0.071910 0.025478
36 0.515730 0.289809 0.031461 0.024204
18 0.268539 0.475159 0.060674 0.096815
32 0.706742 0.817834 0.047191 0.119745
32 0.102247 0.817834 0.049438 0.119745
18 0.732022 0.474522 0.059551 0.092994
30 0.324719 0.082166 0.069663 0.026752
37 0.930337 0.908280 0.020225 0.022930
32 0.866854 0.601274 0.046067 0.119745
37 0.930337 0.727389 0.020225 0.025478
29 0.627528 0.613376 0.037079 0.019108
3 0.342135 0.185987 0.046067 0.081529
29 0.451685 0.973885 0.038202 0.021656
32 0.293258 0.818471 0.047191 0.118471
23 0.515169 0.550955 0.162921 0.187261
32 0.101124 0.385350 0.047191 0.115924