7 0.673851 0.827273 0.026092 0.072727
36 0.559558 0.744949 0.017584 0.021212
7 0.835224 0.827273 0.027794 0.070707
36 0.559558 0.272727 0.017584 0.022222
36 0.790130 0.273232 0.018151 0.021212
36 0.302609 0.619192 0.017584 0.022222
3 0.549348 0.150505 0.025525 0.072727
32 0.152297 0.480303 0.018718 0.069697
32 0.045094 0.844444 0.019853 0.074747
32 0.948951 0.166162 0.019285 0.075758
36 0.302609 0.272727 0.017584 0.022222
18 0.200227 0.418182 0.031764 0.078788
7 0.445264 0.418687 0.026092 0.069697
32 0.045377 0.406566 0.018151 0.071717
29 0.116563 0.978283 0.022121 0.019192
3 0.313103 0.168687 0.027226 0.072727
18 0.377765 0.624747 0.032898 0.083838
7 0.780204 0.544949 0.026659 0.071717
36 0.825865 0.917172 0.018151 0.020202
32 0.213556 0.842929 0.019853 0.071717
3 0.446115 0.153030 0.026659 0.069697
7 0.939875 0.827778 0.027226 0.071717
7 0.569767 0.828283 0.025525 0.070707
36 0.559841 0.516162 0.018151 0.022222
36 0.214124 0.563636 0.017584 0.020202
3 0.779637 0.166667 0.026659 0.070707
7 0.549631 0.417172 0.026092 0.070707
7 0.445547 0.827778 0.026659 0.073737
32 0.116563 0.842929 0.018718 0.071717
3 0.673284 0.166667 0.027226 0.070707
3 0.055871 0.166162 0.025525 0.071717
36 0.682927 0.517172 0.018151 0.024242
36 0.683778 0.273232 0.017584 0.021212
36 0.169881 0.917172 0.017584 0.020202
18 0.102099 0.465657 0.034033 0.080808
36 0.151730 0.563131 0.017584 0.021212
18 0.288712 0.527778 0.035167 0.081818
28 0.170164 0.150000 0.026092 0.021212
30 0.167242 0.057337 0.019958 0.025813
30 0.302937 0.055320 0.019955 0.025823
30 0.437263 0.056530 0.019949 0.025827
36 0.436452 0.714045 0.017582 0.021210
30 0.878993 0.055725 0.019952 0.025817
30 0.561177 0.056532 0.019955 0.025820
30 0.685995 0.056937 0.019956 0.025817
30 0.790193 0.056532 0.019956 0.025820