7 0.346512 0.653907 0.037209 0.070175
7 0.109302 0.711324 0.034884 0.070175
3 0.831395 0.544657 0.032558 0.068581
37 0.912209 0.641148 0.019767 0.028708
3 0.345349 0.276715 0.034884 0.068581
7 0.434302 0.653110 0.031395 0.068581
3 0.460465 0.472887 0.032558 0.068581
7 0.681977 0.653110 0.033721 0.068581
37 0.612209 0.065391 0.022093 0.031898
7 0.562209 0.653110 0.038372 0.068581
7 0.194767 0.563796 0.033721 0.068581
29 0.600000 0.893939 0.032558 0.023923
37 0.913372 0.811005 0.019767 0.027113
3 0.109884 0.346890 0.033721 0.068581
3 0.534302 0.278309 0.033721 0.068581
7 0.831395 0.701754 0.032558 0.070175
3 0.680814 0.472887 0.033721 0.068581
30 0.333188 0.142604 0.029220 0.030059
30 0.450090 0.143223 0.029220 0.030067
30 0.542630 0.142110 0.029228 0.030070
30 0.691981 0.145451 0.029221 0.030046