6 0.467489 0.656319 0.105381 0.146341
0 0.467489 0.372506 0.109865 0.146341
37 0.099776 0.196231 0.029148 0.028825
28 0.871076 0.333703 0.069507 0.042129
0 0.171525 0.371397 0.105381 0.144124
2 0.173767 0.195122 0.105381 0.146341
30 0.308296 0.054324 0.069507 0.024390
2 0.466368 0.196231 0.107623 0.144124
4 0.171525 0.656319 0.105381 0.146341
32 0.126682 0.809313 0.060538 0.106430
4 0.734305 0.431264 0.109865 0.148559
29 0.128924 0.955654 0.073991 0.044346
4 0.825112 0.655211 0.107623 0.148559