4 0.708193 0.814645 0.049383 0.100686
4 0.307520 0.519451 0.047138 0.096110
0 0.583053 0.260870 0.048260 0.096110
29 0.334456 0.957666 0.035915 0.057208
0 0.709315 0.260870 0.047138 0.096110
6 0.582492 0.815789 0.049383 0.098398
6 0.191358 0.814645 0.046016 0.100686
30 0.130191 0.102975 0.047138 0.036613
4 0.843434 0.814645 0.048260 0.100686
4 0.469697 0.263158 0.048260 0.096110
0 0.843434 0.258581 0.048260 0.100686
0 0.267116 0.262014 0.047138 0.098398
37 0.377104 0.520595 0.031425 0.048055
29 0.912458 0.747140 0.033670 0.057208
4 0.109428 0.519451 0.046016 0.096110
28 0.912458 0.614416 0.033670 0.029748
4 0.708754 0.536613 0.048260 0.098398
0 0.150393 0.260870 0.047138 0.100686
37 0.977553 0.494279 0.031425 0.050343
37 0.041526 0.671625 0.011223 0.025172
28 0.792929 0.609840 0.014590 0.070938
37 0.043771 0.520595 0.031425 0.048055
4 0.062851 0.815789 0.047138 0.098398
6 0.469697 0.815789 0.050505 0.098398