0 0.172200 0.176792 0.112613 0.161805
30 0.529711 0.080055 0.129488 0.060710
0 0.819849 0.178740 0.112620 0.161794
32 0.530952 0.574332 0.084778 0.095039
30 0.873566 0.066817 0.129455 0.060687
37 0.939253 0.439804 0.037567 0.043692
30 0.128539 0.072853 0.129485 0.060706
4 0.177582 0.424901 0.112614 0.176232
4 0.484177 0.426531 0.112593 0.174956
29 0.532880 0.944825 0.118872 0.068418
32 0.871062 0.562064 0.084767 0.095051
18 0.485713 0.739583 0.095881 0.144844
18 0.830659 0.744180 0.095890 0.144871
18 0.164400 0.733845 0.095902 0.144882
2 0.485453 0.177844 0.112596 0.161820