0 0.913970 0.192263 0.081176 0.169901
32 0.816551 0.474203 0.056830 0.108339
37 0.866060 0.357225 0.027606 0.039381
37 0.948033 0.421248 0.017858 0.022156
30 0.657766 0.058129 0.078353 0.053019
30 0.817286 0.057284 0.078335 0.053008
30 0.945243 0.053010 0.078354 0.053007
28 0.658715 0.114138 0.060721 0.041572
0 0.223200 0.195965 0.081168 0.169887
29 0.819009 0.637911 0.078754 0.082487
29 0.624208 0.733947 0.078728 0.082476
30 0.528688 0.056431 0.078346 0.053003
29 0.359575 0.961462 0.078714 0.077077
29 0.092923 0.728411 0.078753 0.082472
32 0.094989 0.588653 0.056793 0.108349
30 0.192448 0.061561 0.078334 0.052981
32 0.527608 0.587447 0.056799 0.108340
0 0.494321 0.193496 0.081168 0.169893
0 0.777607 0.187353 0.081164 0.169886
32 0.621767 0.582507 0.056811 0.108343