28 0.094340 0.563202 0.075472 0.036517
4 0.808962 0.317416 0.089623 0.078652
30 0.356132 0.407303 0.066038 0.022472
4 0.329009 0.654494 0.068396 0.106742
4 0.277123 0.856742 0.063679 0.106742
29 0.864387 0.400281 0.025943 0.019663
37 0.218160 0.581461 0.016509 0.022472
4 0.752358 0.747191 0.089623 0.078652
3 0.476415 0.389045 0.094340 0.081461
37 0.845519 0.181180 0.011792 0.019663
3 0.369104 0.254213 0.063679 0.109551
0 0.329009 0.488764 0.068396 0.106742
4 0.656840 0.317416 0.087264 0.078652
0 0.750000 0.178371 0.066038 0.109551
29 0.304245 0.969101 0.028302 0.022472
4 0.593160 0.748596 0.091981 0.075843
4 0.505896 0.654494 0.068396 0.106742
30 0.412736 0.091292 0.066038 0.014045
37 0.809097 0.780868 0.008948 0.013285
37 0.220282 0.860194 0.014749 0.023931