8 0.114424 0.829222 0.079057 0.106262
38 0.226768 0.102467 0.070735 0.068311
37 0.097087 0.121442 0.024965 0.034156
25 0.705270 0.273245 0.192788 0.265655
29 0.115118 0.966793 0.061026 0.047438
29 0.558946 0.967742 0.058252 0.045541
37 0.877254 0.209677 0.026352 0.036053
8 0.569348 0.400380 0.070735 0.094877
37 0.097087 0.298861 0.024965 0.036053
38 0.709431 0.101518 0.073509 0.066414
37 0.877947 0.748577 0.024965 0.036053
29 0.397365 0.967742 0.059639 0.045541
8 0.396671 0.868121 0.080444 0.108159
29 0.433426 0.490512 0.059639 0.047438
8 0.558252 0.879507 0.079057 0.104364
28 0.398058 0.757116 0.077670 0.056926
28 0.203883 0.685009 0.038835 0.098672
38 0.226768 0.278937 0.073509 0.064516
23 0.707351 0.748577 0.199723 0.263757
28 0.389043 0.211575 0.040222 0.100569
29 0.568655 0.493359 0.061026 0.049336
28 0.435506 0.331120 0.074896 0.055028
8 0.314147 0.685958 0.084605 0.111954