4 0.102710 0.853659 0.077033 0.097561
4 0.417974 0.627642 0.071327 0.100813
30 0.449358 0.045528 0.057061 0.026016
4 0.839515 0.630081 0.072753 0.099187
29 0.870185 0.744715 0.048502 0.039024
0 0.836662 0.155285 0.078459 0.099187
0 0.415835 0.151220 0.075606 0.097561
30 0.870899 0.047154 0.055635 0.026016
4 0.415121 0.855285 0.074180 0.100813
29 0.630528 0.969919 0.051355 0.037398
30 0.072040 0.340650 0.055635 0.024390
30 0.534950 0.809756 0.054208 0.022764
29 0.447932 0.969106 0.051355 0.035772
29 0.072753 0.968293 0.048502 0.037398
37 0.168331 0.452846 0.008559 0.011382
4 0.103424 0.452033 0.075606 0.100813
4 0.599857 0.855285 0.072753 0.100813
37 0.225442 0.389642 0.018399 0.009925
37 0.973487 0.389637 0.032927 0.023192