37 0.747466 0.096561 0.018581 0.029101
37 0.894426 0.628307 0.018581 0.029101
29 0.320946 0.248677 0.037162 0.037037
31 0.433277 0.332011 0.038851 0.108466
28 0.388514 0.152116 0.016892 0.066138
29 0.434122 0.972222 0.037162 0.034392
4 0.722973 0.664021 0.057432 0.121693
29 0.747466 0.970899 0.035473 0.037037
37 0.432432 0.113757 0.016892 0.026455
28 0.702703 0.142857 0.016892 0.063492
4 0.407939 0.658730 0.059122 0.121693
28 0.826858 0.629630 0.018581 0.068783
37 0.132601 0.661376 0.021959 0.031746
28 0.184966 0.660053 0.018581 0.071429
28 0.487331 0.608466 0.018581 0.068783
35 0.431588 0.854497 0.032095 0.153439
31 0.747466 0.320106 0.038851 0.111111
31 0.747466 0.843915 0.038851 0.105820
29 0.635980 0.239418 0.038851 0.039683
35 0.281250 0.662698 0.096284 0.044974
35 0.590040 0.663244 0.096290 0.044979