4 0.478235 0.828532 0.071342 0.112483
37 0.053809 0.395748 0.010883 0.012346
37 0.053809 0.653635 0.015719 0.017833
4 0.877872 0.827160 0.072551 0.109739
4 0.363966 0.528121 0.067715 0.109739
37 0.958888 0.651578 0.014510 0.016461
37 0.279927 0.524691 0.013301 0.015089
37 0.731560 0.524691 0.014510 0.015089
4 0.649940 0.526749 0.071342 0.112483
37 0.054414 0.524005 0.012092 0.013717
4 0.876663 0.656379 0.074970 0.111111
37 0.960097 0.524691 0.012092 0.015089
0 0.137243 0.390947 0.071342 0.112483
29 0.480048 0.967078 0.101572 0.041152
0 0.877267 0.390947 0.078597 0.112483
4 0.136034 0.829218 0.068924 0.111111
0 0.877267 0.133059 0.078597 0.112483
0 0.137243 0.133745 0.073761 0.113855
4 0.139057 0.657750 0.070133 0.111111
37 0.394767 0.825074 0.012092 0.015147
37 0.956386 0.822220 0.009393 0.013309
37 0.956764 0.396510 0.010108 0.013674
37 0.957245 0.139235 0.009772 0.009241
37 0.053997 0.138317 0.013563 0.020445
37 0.054606 0.825959 0.010427 0.013302