4 0.637972 0.578104 0.134434 0.106809
4 0.195755 0.871162 0.136792 0.105474
4 0.195755 0.704272 0.141509 0.108144
29 0.238208 0.971963 0.193396 0.045394
29 0.900943 0.971295 0.193396 0.044059
0 0.186781 0.446380 0.143887 0.110816
0 0.204327 0.199575 0.148592 0.112153
37 0.036910 0.699321 0.037242 0.025376
37 0.035954 0.865976 0.031391 0.018759
30 0.254304 0.076121 0.097665 0.022061
37 0.480492 0.575139 0.046981 0.022060
37 0.035931 0.450309 0.027517 0.017654
37 0.038860 0.198096 0.041138 0.023170
37 0.033990 0.577349 0.031400 0.022071