28 0.820343 0.779832 0.047556 0.030252
29 0.914795 0.731092 0.048877 0.033613
29 0.287318 0.732773 0.051519 0.033613
32 0.725892 0.535294 0.033025 0.126050
28 0.482827 0.132773 0.022457 0.060504
32 0.486129 0.254622 0.103038 0.035294
32 0.303831 0.536134 0.034346 0.127731
12 0.169089 0.532773 0.047556 0.087395
28 0.821664 0.530252 0.047556 0.028571
28 0.398283 0.531933 0.046235 0.028571
12 0.589828 0.534454 0.048877 0.087395
29 0.726552 0.973109 0.050198 0.033613
32 0.589168 0.779832 0.034346 0.124370
28 0.910172 0.533613 0.047556 0.028571
12 0.482624 0.427188 0.069631 0.060922