0 0.111929 0.306226 0.073638 0.086404
0 0.942563 0.168996 0.070692 0.086404
14 0.162739 0.789708 0.060383 0.077510
0 0.594256 0.167090 0.072165 0.085133
32 0.256259 0.907243 0.041237 0.063532
0 0.111193 0.168361 0.072165 0.085133
37 0.534610 0.304956 0.014728 0.015248
4 0.593520 0.909149 0.073638 0.087675
0 0.782769 0.169632 0.072165 0.085133
14 0.732695 0.774460 0.060383 0.077510
0 0.444035 0.167726 0.072165 0.083863
0 0.783505 0.305591 0.073638 0.085133
0 0.227541 0.599111 0.072165 0.085133
4 0.500736 0.909149 0.073638 0.085133
37 0.534610 0.166455 0.011782 0.012706
0 0.285714 0.304320 0.073638 0.085133
0 0.444772 0.305591 0.073638 0.085133
0 0.284242 0.168361 0.070692 0.085133
0 0.594256 0.304320 0.075110 0.087675
0 0.942563 0.305591 0.070692 0.085133
30 0.757140 0.043077 0.038379 0.018767
37 0.015127 0.168349 0.015365 0.018776
37 0.021521 0.303004 0.020468 0.018758
30 0.149451 0.043623 0.038386 0.018770
30 0.251820 0.044184 0.038381 0.018772
30 0.478253 0.045280 0.038385 0.018744
30 0.621542 0.043077 0.038373 0.018764
29 0.621518 0.989789 0.029309 0.011538
29 0.472438 0.990227 0.029312 0.011517
29 0.254720 0.991141 0.029322 0.011541
37 0.969493 0.469672 0.021735 0.014350