4 0.324914 0.839335 0.052813 0.088643
4 0.743972 0.904432 0.055109 0.088643
0 0.745121 0.137119 0.052813 0.088643
0 0.587830 0.138504 0.052813 0.088643
4 0.843284 0.799169 0.056257 0.088643
4 0.843858 0.691136 0.055109 0.088643
4 0.843858 0.583795 0.055109 0.087258
0 0.167049 0.142659 0.053961 0.088643
4 0.419059 0.837950 0.052813 0.088643
0 0.417910 0.299169 0.055109 0.088643
4 0.629162 0.904432 0.052813 0.088643
0 0.324914 0.299169 0.052813 0.088643
37 0.494259 0.138504 0.012629 0.016620
29 0.608496 0.980609 0.032147 0.022161
4 0.913318 0.797091 0.053961 0.090028
0 0.258324 0.143352 0.052813 0.090028
4 0.963261 0.427285 0.055109 0.090028
37 0.493111 0.295706 0.012629 0.015235
0 0.913892 0.904432 0.055109 0.088643
0 0.587830 0.295014 0.055109 0.088643
4 0.325488 0.715374 0.053961 0.087258
4 0.418485 0.713989 0.053961 0.090028
0 0.744546 0.294321 0.053961 0.090028
30 0.144661 0.062333 0.029851 0.017186
4 0.844432 0.477147 0.053961 0.087258
4 0.844432 0.903740 0.056257 0.090028
4 0.743972 0.783934 0.055109 0.088643
30 0.607922 0.062327 0.040184 0.016620
0 0.326062 0.142659 0.052813 0.088643
0 0.417910 0.142659 0.055109 0.088643
0 0.056257 0.143352 0.055109 0.090028
32 0.439724 0.913435 0.020666 0.045706
32 0.146383 0.689751 0.021814 0.044321
30 0.279499 0.061152 0.021452 0.016200
30 0.307955 0.062740 0.029851 0.016099
30 0.439882 0.064045 0.029851 0.018724
30 0.538704 0.065412 0.029851 0.019319
30 0.697114 0.062743 0.029853 0.016077
30 0.767273 0.063552 0.029847 0.016079
37 0.988623 0.513285 0.019216 0.017657
37 0.654169 0.138557 0.014739 0.014333
37 0.653729 0.294745 0.015608 0.022080
37 0.984046 0.908426 0.010065 0.015458