4 0.627646 0.645754 0.067248 0.079848
4 0.163761 0.645754 0.066002 0.077313
29 0.412204 0.724335 0.052304 0.031686
4 0.207347 0.374525 0.068493 0.077313
37 0.102740 0.148289 0.011208 0.012674
0 0.868618 0.645754 0.066002 0.079848
30 0.235367 0.072877 0.052304 0.019011
28 0.897883 0.849176 0.077210 0.035488
30 0.892902 0.559569 0.064757 0.024081
4 0.384807 0.633714 0.067248 0.078580
37 0.643836 0.374525 0.012453 0.013942
30 0.556040 0.073511 0.051059 0.020279
0 0.206725 0.147022 0.067248 0.078580
29 0.324408 0.927123 0.053549 0.031686
29 0.898506 0.927123 0.053549 0.031686
29 0.059153 0.915716 0.053549 0.029151
4 0.584060 0.373891 0.067248 0.078580
4 0.085305 0.825729 0.066002 0.077313
4 0.295766 0.825095 0.066002 0.078580
0 0.584060 0.148289 0.064757 0.078580
37 0.689755 0.145706 0.019512 0.013237
37 0.146019 0.374781 0.010092 0.014197
37 0.987359 0.758291 0.008780 0.007706