4 0.520225 0.688235 0.058427 0.115966
31 0.748315 0.509244 0.020225 0.127731
31 0.227528 0.683193 0.086517 0.031933
32 0.338202 0.185714 0.029213 0.095798
31 0.748315 0.814286 0.020225 0.129412
28 0.119663 0.689916 0.019101 0.072269
31 0.430899 0.563866 0.023596 0.129412
37 0.669101 0.892437 0.021348 0.050420
32 0.669101 0.788235 0.028090 0.097479
28 0.593820 0.427731 0.019101 0.068908
31 0.542135 0.814286 0.021348 0.129412
32 0.752809 0.188235 0.026966 0.097479
4 0.312921 0.689076 0.057303 0.114286
31 0.541011 0.509244 0.021348 0.127731
4 0.728090 0.688235 0.058427 0.115966
37 0.884831 0.425210 0.032584 0.033613
32 0.545506 0.186555 0.028090 0.097479
31 0.540449 0.342017 0.020225 0.129412
32 0.462360 0.788235 0.028090 0.097479
28 0.387079 0.427731 0.019101 0.068908
31 0.154494 0.551261 0.021348 0.131092
37 0.158989 0.421008 0.028090 0.048739
29 0.546067 0.919328 0.042697 0.047059
31 0.638764 0.558824 0.021348 0.129412
29 0.339326 0.920168 0.044944 0.048739
29 0.752247 0.917647 0.041573 0.043697
28 0.202809 0.547899 0.043820 0.026891
31 0.334831 0.815126 0.022472 0.131092
28 0.811236 0.426891 0.017978 0.070588
31 0.334270 0.341176 0.019101 0.127731
37 0.057865 0.689076 0.032584 0.033613
31 0.334831 0.510084 0.020225 0.129412
31 0.748315 0.342017 0.020225 0.129412
37 0.461798 0.890756 0.022472 0.050420
30 0.339326 0.078992 0.049438 0.020168