31 0.564085 0.550085 0.113485 0.037351
32 0.693591 0.195246 0.036048 0.108659
31 0.688251 0.374363 0.025367 0.147708
31 0.216288 0.481324 0.029372 0.151104
37 0.887850 0.486418 0.045394 0.042445
28 0.277036 0.479626 0.054740 0.028862
4 0.444593 0.643463 0.077437 0.129032
31 0.317757 0.635823 0.112150 0.039049
28 0.755007 0.486418 0.022697 0.079796
30 0.693591 0.073854 0.062750 0.032258
37 0.092790 0.642615 0.041389 0.039049
37 0.222964 0.333616 0.034713 0.059423
31 0.474633 0.795416 0.028037 0.151104
28 0.174232 0.644312 0.022697 0.083192
29 0.479973 0.897284 0.057410 0.056027