30 0.350134 0.042831 0.047043 0.026071
32 0.522849 0.770950 0.037634 0.108007
37 0.880376 0.432961 0.043011 0.042831
32 0.687500 0.169460 0.033602 0.108007
28 0.411290 0.465549 0.021505 0.078212
4 0.657258 0.663873 0.072581 0.128492
28 0.790323 0.433892 0.024194 0.081937
29 0.690188 0.912477 0.055108 0.052142
31 0.682124 0.345438 0.022849 0.143389
29 0.176747 0.902235 0.055108 0.054004
4 0.145833 0.618250 0.071237 0.126629
31 0.468414 0.554935 0.025538 0.145251
31 0.684812 0.801676 0.025538 0.147114
31 0.682124 0.522346 0.022849 0.147114
31 0.345430 0.351955 0.024194 0.145251
31 0.171371 0.767225 0.025538 0.145251
32 0.351478 0.178771 0.036290 0.108007
37 0.520833 0.897579 0.028226 0.059590
31 0.264113 0.525140 0.108871 0.037244
37 0.068912 0.615795 0.011444 0.022477