32 0.643285 0.132063 0.032374 0.074901
4 0.250000 0.441524 0.061151 0.091984
4 0.759592 0.247043 0.061151 0.091984
30 0.899880 0.060447 0.037170 0.015769
6 0.616906 0.441524 0.061151 0.089356
12 0.899880 0.180026 0.056355 0.060447
28 0.603717 0.567674 0.022782 0.089356
31 0.365108 0.869908 0.022782 0.091984
6 0.396283 0.441524 0.061151 0.089356
29 0.785971 0.595269 0.039568 0.018397
32 0.371103 0.132063 0.034772 0.077530
32 0.591727 0.772668 0.065947 0.034166
32 0.424460 0.772668 0.067146 0.034166
31 0.635492 0.869251 0.021583 0.093298
29 0.223621 0.595269 0.039568 0.018397
30 0.371103 0.060447 0.044365 0.018397
12 0.112710 0.180026 0.055156 0.060447
4 0.759592 0.441524 0.061151 0.091984
28 0.407074 0.567674 0.022782 0.089356
29 0.639688 0.985545 0.039568 0.021025
29 0.367506 0.986859 0.039568 0.021025
8 0.510192 0.772668 0.056355 0.060447
4 0.249400 0.246386 0.059952 0.093298
30 0.791966 0.059414 0.044365 0.018395
30 0.225207 0.060628 0.044366 0.018393
37 0.995644 0.340708 0.007030 0.012633
37 0.018935 0.341359 0.015470 0.010769
30 0.119333 0.061162 0.044368 0.018398
30 0.641411 0.059954 0.044369 0.018399