31 0.407480 0.369472 0.070866 0.068474
4 0.467520 0.813124 0.120079 0.108417
28 0.868110 0.350214 0.039370 0.049929
31 0.582677 0.597718 0.078740 0.077033
37 0.580709 0.497147 0.031496 0.021398
28 0.211614 0.223966 0.041339 0.057061
4 0.659449 0.225392 0.133858 0.097004
28 0.279528 0.667618 0.043307 0.054208
28 0.803150 0.705421 0.047244 0.061341
37 0.108189 0.811712 0.034460 0.020434
37 0.511878 0.982259 0.027417 0.019155
37 0.404787 0.457212 0.028278 0.011508
37 0.964956 0.707909 0.016751 0.019809
37 0.712325 0.023255 0.024977 0.020751
37 0.056175 0.220868 0.022134 0.020435
37 0.715479 0.398442 0.018595 0.015335