38 0.614144 0.101732 0.024814 0.030303
38 0.712159 0.399351 0.024814 0.028139
32 0.917494 0.256494 0.026055 0.088745
38 0.433002 0.398268 0.024814 0.030303
28 0.800868 0.751082 0.043424 0.030303
38 0.433623 0.101732 0.026055 0.030303
38 0.334988 0.399351 0.024814 0.028139
29 0.802109 0.971861 0.043424 0.043290
38 0.155707 0.398268 0.026055 0.030303
8 0.070099 0.241342 0.031017 0.054113
38 0.615385 0.400433 0.024814 0.025974
29 0.070099 0.495671 0.043424 0.043290
29 0.802109 0.480519 0.040943 0.043290
38 0.714640 0.101732 0.024814 0.030303
32 0.917494 0.750000 0.026055 0.088745
28 0.532258 0.259740 0.044665 0.030303
28 0.800868 0.259740 0.043424 0.030303
28 0.230149 0.259740 0.043424 0.030303
38 0.334988 0.101732 0.024814 0.030303
38 0.155087 0.101732 0.024814 0.030303