4 0.853617 0.798535 0.044776 0.084249
0 0.578645 0.465201 0.041332 0.080586
4 0.262342 0.796703 0.042480 0.084249
4 0.726177 0.798535 0.042480 0.084249
40 0.312859 0.796703 0.030999 0.051282
0 0.691160 0.464286 0.041332 0.082418
40 0.470149 0.796703 0.030999 0.054945
0 0.886338 0.464286 0.043628 0.082418
4 0.418485 0.796703 0.042480 0.084249
0 0.495408 0.220696 0.040184 0.082418
0 0.803100 0.220696 0.040184 0.082418
40 0.160161 0.796703 0.037887 0.054945
4 0.103904 0.796703 0.044776 0.084249
37 0.318025 0.465201 0.013777 0.021978
0 0.383467 0.464286 0.041332 0.082418
4 0.545350 0.798535 0.043628 0.084249
29 0.708454 0.910127 0.016327 0.020560
29 0.562698 0.914463 0.016326 0.020592
29 0.498191 0.913016 0.016314 0.020569
29 0.400411 0.913384 0.016324 0.020586
29 0.339073 0.911924 0.016312 0.020587
29 0.244912 0.913375 0.016324 0.020593
29 0.180387 0.911741 0.016312 0.020586
37 0.833313 0.221954 0.012448 0.018050
37 0.524584 0.222138 0.010183 0.017683