28 0.116133 0.586493 0.012586 0.035545
37 0.672197 0.369668 0.012586 0.028436
29 0.729405 0.972749 0.028604 0.040284
32 0.163043 0.586493 0.024027 0.040284
28 0.879863 0.744076 0.011442 0.037915
28 0.879863 0.443128 0.011442 0.037915
4 0.745995 0.513033 0.034325 0.087678
0 0.886156 0.163507 0.035469 0.085308
28 0.116133 0.443128 0.012586 0.037915
37 0.622998 0.515403 0.019451 0.045024
29 0.902746 0.972749 0.029748 0.040284
4 0.886728 0.867299 0.036613 0.085308
28 0.116705 0.284360 0.011442 0.037915
29 0.267162 0.972749 0.030892 0.040284
30 0.729405 0.050948 0.028604 0.030806
0 0.711098 0.162322 0.033181 0.082938
37 0.059497 0.524882 0.020595 0.045024
4 0.713387 0.866114 0.035469 0.087678
0 0.282609 0.370853 0.036613 0.087678
4 0.424485 0.514218 0.036613 0.085308
0 0.284897 0.514218 0.032037 0.085308
32 0.832952 0.281991 0.022883 0.033175
30 0.902746 0.050948 0.027460 0.030806
37 0.324943 0.864929 0.009153 0.023697
30 0.439931 0.050948 0.028604 0.030806
28 0.879863 0.234597 0.011442 0.037915
37 0.671625 0.515403 0.009153 0.021327
37 0.936499 0.523697 0.019451 0.042654
0 0.710526 0.513033 0.029748 0.082938
4 0.713387 0.657583 0.035469 0.087678
32 0.833524 0.443128 0.021739 0.037915
4 0.283181 0.864929 0.035469 0.085308
4 0.108696 0.867299 0.038902 0.085308
28 0.879863 0.283175 0.011442 0.035545
28 0.117277 0.234597 0.012586 0.037915
37 0.373570 0.515403 0.019451 0.045024
28 0.879863 0.586493 0.011442 0.035545
32 0.162471 0.744076 0.022883 0.037915
0 0.536613 0.162322 0.034325 0.087678
30 0.266590 0.050948 0.029748 0.030806
32 0.832952 0.744076 0.022883 0.037915
28 0.116705 0.745261 0.011442 0.035545
32 0.833524 0.586493 0.024027 0.035545
30 0.556064 0.050948 0.029748 0.030806
37 0.325515 0.656398 0.008009 0.018957
32 0.162471 0.283175 0.022883 0.035545
29 0.497712 0.971564 0.029748 0.037915
0 0.457666 0.162322 0.036613 0.087678
32 0.162471 0.441943 0.022883 0.040284
4 0.283181 0.658768 0.035469 0.085308
4 0.482265 0.866114 0.035469 0.087678
30 0.093249 0.050948 0.028604 0.030806
0 0.109840 0.162322 0.036613 0.082938
0 0.284325 0.162322 0.035469 0.082938
0 0.713959 0.370853 0.036613 0.087678
4 0.482838 0.657583 0.036613 0.087678
4 0.572082 0.515403 0.038902 0.087678
4 0.250572 0.514218 0.034325 0.085308
28 0.116133 0.795024 0.012586 0.035545
29 0.093249 0.972749 0.030892 0.040284
28 0.879863 0.795024 0.011442 0.035545
37 0.671831 0.164287 0.008479 0.017553
37 0.788303 0.513287 0.008481 0.017523
37 0.673779 0.864186 0.008460 0.017520
37 0.672846 0.658113 0.008469 0.017520
37 0.440945 0.659521 0.008472 0.017550
37 0.440474 0.867556 0.008475 0.017530
37 0.209190 0.515980 0.008463 0.017519
37 0.324254 0.517347 0.008470 0.017550
37 0.324255 0.372206 0.008466 0.017569
37 0.324913 0.164279 0.008477 0.017534