29 0.093979 0.866573 0.029369 0.030899
0 0.395007 0.414326 0.029369 0.081461
30 0.848752 0.103933 0.035242 0.033708
30 0.323054 0.178371 0.032305 0.025281
29 0.323789 0.866573 0.030837 0.030899
6 0.735683 0.783708 0.029369 0.084270
37 0.171072 0.415730 0.027900 0.044944
29 0.558003 0.866573 0.029369 0.030899
37 0.472100 0.417135 0.027900 0.047753
0 0.546990 0.119382 0.030837 0.081461
4 0.853157 0.543539 0.032305 0.081461
37 0.389134 0.780899 0.029369 0.044944
4 0.881791 0.783708 0.030837 0.084270
0 0.336270 0.257022 0.029369 0.081461
37 0.593979 0.481742 0.027900 0.047753
37 0.662261 0.634831 0.029369 0.044944
4 0.394273 0.609551 0.027900 0.078652
4 0.704846 0.542135 0.029369 0.073034
29 0.894273 0.869382 0.029369 0.030899
29 0.748899 0.867978 0.029369 0.033708
30 0.718796 0.071629 0.033774 0.030899
37 0.683554 0.782303 0.027900 0.042135
0 0.704846 0.171348 0.032305 0.084270
4 0.546256 0.782303 0.029369 0.081461
0 0.105727 0.119382 0.032305 0.081461
4 0.105727 0.780899 0.032305 0.084270
30 0.558737 0.039326 0.033774 0.028090
4 0.929515 0.542135 0.032305 0.078652
0 0.254772 0.414326 0.030837 0.081461
4 0.781938 0.543539 0.030837 0.081461
4 0.254038 0.609551 0.029369 0.078652
0 0.834068 0.205056 0.032305 0.084270
4 0.337004 0.783708 0.027900 0.084270
30 0.093245 0.040730 0.033774 0.030899