4 0.126984 0.439203 0.057143 0.111111
37 0.957143 0.626834 0.015873 0.020964
0 0.677778 0.169811 0.066667 0.113208
29 0.887302 0.958071 0.076190 0.041929
6 0.188889 0.808176 0.057143 0.115304
0 0.678571 0.435010 0.065079 0.111111
4 0.865079 0.513627 0.060317 0.113208
32 0.888095 0.762055 0.036508 0.090147
0 0.550000 0.170860 0.061905 0.111111
0 0.548413 0.433962 0.065079 0.109015
6 0.499206 0.810273 0.055556 0.111111
37 0.046825 0.438155 0.017460 0.020964
37 0.047619 0.535639 0.015873 0.023061
28 0.777778 0.764151 0.053968 0.044025
4 0.683333 0.811321 0.058730 0.109015
4 0.680952 0.663522 0.057143 0.111111
4 0.297619 0.440252 0.055556 0.109015
37 0.047619 0.808176 0.012698 0.018868
6 0.498413 0.665618 0.057143 0.111111
37 0.044974 0.664123 0.012689 0.018855
30 0.888603 0.090542 0.039299 0.030902
37 0.042177 0.912460 0.012703 0.018877
37 0.948357 0.912845 0.012697 0.018870
30 0.524623 0.090577 0.039290 0.030886
30 0.700573 0.090531 0.039285 0.030896