37 0.086252 0.181553 0.024643 0.036893
4 0.243839 0.605825 0.062257 0.120388
29 0.501297 0.963107 0.055772 0.046602
0 0.810636 0.183495 0.062257 0.118447
37 0.916342 0.182524 0.024643 0.038835
36 0.380026 0.297087 0.028534 0.027184
4 0.191310 0.787379 0.063554 0.118447
37 0.430610 0.606796 0.025940 0.036893
0 0.324903 0.183495 0.063554 0.118447
36 0.500000 0.242718 0.029831 0.042718
37 0.572633 0.606796 0.024643 0.036893
37 0.085603 0.788350 0.025940 0.034951
37 0.085603 0.424272 0.025940 0.036893
0 0.192607 0.182524 0.063554 0.116505
36 0.623865 0.297087 0.028534 0.027184
30 0.785344 0.064078 0.037613 0.019417
4 0.811933 0.423301 0.062257 0.120388
30 0.704280 0.064078 0.038911 0.019417
4 0.758755 0.606796 0.062257 0.118447
37 0.916991 0.424272 0.025940 0.036893
4 0.191310 0.423301 0.063554 0.120388
37 0.917639 0.787379 0.024643 0.036893
4 0.811933 0.787379 0.062257 0.118447
0 0.678340 0.180583 0.062257 0.116505
37 0.822778 0.907879 0.019814 0.023499
30 0.217659 0.063031 0.038900 0.019419
30 0.301292 0.059604 0.038908 0.019403
37 0.182145 0.909399 0.019819 0.023466