32 0.314652 0.902761 0.014855 0.055222
18 0.167117 0.487995 0.024983 0.068427
12 0.592505 0.848139 0.033086 0.054022
12 0.856516 0.085234 0.033086 0.057623
32 0.769413 0.133854 0.014180 0.056423
12 0.220122 0.883553 0.033761 0.055222
12 0.434504 0.206483 0.034436 0.055222
32 0.929777 0.293517 0.013504 0.051621
14 0.583727 0.443577 0.024983 0.073229
18 0.064483 0.481393 0.024983 0.069628
37 0.944970 0.976591 0.015530 0.025210
32 0.768737 0.861345 0.015530 0.061224
18 0.284943 0.613445 0.025658 0.067227
15 0.689399 0.461585 0.025658 0.073229
37 0.200540 0.485594 0.017556 0.027611
15 0.323093 0.730492 0.027684 0.073229
14 0.424375 0.731693 0.026334 0.075630
37 0.954423 0.473589 0.016880 0.027611
32 0.856853 0.864346 0.014855 0.057623
14 0.966239 0.254502 0.025658 0.072029
12 0.313977 0.205282 0.033761 0.055222
21 0.650912 0.644658 0.024308 0.028812
12 0.503714 0.205282 0.033761 0.055222
28 0.904119 0.624250 0.022957 0.024010
14 0.958474 0.693878 0.024983 0.072029
12 0.274139 0.205282 0.033761 0.055222
18 0.492910 0.613445 0.025658 0.069628
28 0.679271 0.374550 0.014855 0.040816
12 0.653275 0.203481 0.033086 0.054022
18 0.737677 0.238896 0.024983 0.067227
21 0.651249 0.509604 0.023633 0.027611
14 0.229575 0.558223 0.027009 0.072029
14 0.742066 0.460984 0.025658 0.072029
32 0.434841 0.905162 0.014855 0.052821
37 0.943282 0.025810 0.016205 0.027611
37 0.030385 0.478992 0.014855 0.026411
12 0.116813 0.211885 0.033761 0.058824
15 0.847911 0.691582 0.025661 0.073233
15 0.921132 0.692060 0.025660 0.092243
15 0.919951 0.188269 0.025658 0.108238
15 0.757794 0.693582 0.025660 0.073233