28 0.399055 0.051570 0.018890 0.071749
28 0.891972 0.803812 0.036600 0.033632
28 0.430342 0.802691 0.036600 0.035874
25 0.578512 0.625561 0.106257 0.354260
28 0.809327 0.422646 0.017710 0.069507
25 0.329398 0.243274 0.106257 0.347534
25 0.347107 0.624439 0.108619 0.347534
28 0.201299 0.802691 0.036600 0.035874
32 0.701299 0.811659 0.023613 0.094170
29 0.915584 0.958520 0.046045 0.047085
28 0.602715 0.310538 0.020071 0.073991
32 0.933884 0.810538 0.023613 0.096413
29 0.683589 0.958520 0.044864 0.047085
28 0.659386 0.802691 0.036600 0.035874
25 0.118064 0.625561 0.106257 0.345291
32 0.472255 0.810538 0.023613 0.096413
29 0.224321 0.957399 0.044864 0.049327
37 0.030697 0.625561 0.021251 0.040359
37 0.963991 0.624439 0.022432 0.042601
32 0.242621 0.809417 0.024793 0.098655
29 0.454545 0.958520 0.044864 0.051570
25 0.810435 0.632100 0.106256 0.354273