37 0.986178 0.596970 0.015625 0.042424
29 0.296274 0.939394 0.032452 0.054545
28 0.679688 0.189394 0.027644 0.136364
28 0.679087 0.371212 0.028846 0.166667
37 0.027644 0.596970 0.016827 0.042424
32 0.892428 0.753030 0.020433 0.093939
28 0.929688 0.750000 0.030048 0.045455
29 0.893029 0.942424 0.033654 0.054545
32 0.569712 0.765152 0.019231 0.093939
29 0.570312 0.950000 0.032452 0.057576
32 0.295072 0.748485 0.020433 0.090909
28 0.607572 0.753030 0.030048 0.045455
28 0.332933 0.737879 0.031250 0.045455
25 0.177503 0.603575 0.160037 0.252902
25 0.697920 0.592181 0.160045 0.252877
25 0.466999 0.593635 0.160030 0.252868