37 0.010870 0.651674 0.011199 0.035565
32 0.671937 0.742678 0.011858 0.066946
28 0.250988 0.435146 0.019763 0.033473
32 0.932477 0.764644 0.013834 0.069038
28 0.802701 0.356695 0.019104 0.106695
29 0.932148 0.903766 0.019763 0.041841
29 0.228590 0.540795 0.021080 0.039749
37 0.989130 0.651674 0.011199 0.035565
28 0.803030 0.487448 0.019763 0.125523
25 0.563241 0.650628 0.080369 0.175732
32 0.357708 0.720711 0.011858 0.069038
25 0.811265 0.648536 0.081028 0.171548
32 0.228590 0.437238 0.013175 0.066946
29 0.357378 0.829498 0.019104 0.043933
28 0.953887 0.764644 0.019763 0.035565
28 0.568182 0.276151 0.019104 0.100418
36 0.671937 0.350418 0.010540 0.027197
28 0.380105 0.721757 0.019763 0.033473
25 0.580369 0.114017 0.086957 0.190377
25 0.233869 0.660345 0.090498 0.190384
29 0.672105 0.855582 0.021181 0.042447
28 0.695900 0.739652 0.022491 0.042434
25 0.391290 0.353545 0.082648 0.190387
25 0.564958 0.907407 0.082655 0.185185
25 0.116357 0.354779 0.105763 0.190390