31 0.727536 0.433735 0.069565 0.033735
11 0.236957 0.821687 0.039130 0.053012
11 0.677536 0.153012 0.039130 0.055422
28 0.827536 0.439759 0.028986 0.069880
29 0.677536 0.312048 0.036232 0.040964
14 0.563043 0.549398 0.047826 0.130120
32 0.482609 0.327711 0.066667 0.053012
28 0.174638 0.550602 0.030435 0.069880
31 0.317391 0.543373 0.072464 0.036145
28 0.383333 0.445783 0.042029 0.053012
29 0.237681 0.955422 0.040580 0.040964
37 0.887681 0.439759 0.021739 0.026506
28 0.659420 0.556627 0.040580 0.053012
32 0.237681 0.662651 0.028986 0.110843
31 0.575362 0.744578 0.020290 0.110843
37 0.106522 0.550602 0.015942 0.026506
29 0.579710 0.901205 0.040580 0.043373
31 0.576087 0.163855 0.021739 0.115663
29 0.660145 0.706024 0.039130 0.043373