0 0.563715 0.183888 0.099352 0.105079
37 0.319654 0.841506 0.038877 0.033275
4 0.767819 0.650613 0.101512 0.106830
4 0.565875 0.839755 0.103672 0.106830
37 0.120950 0.568301 0.038877 0.033275
37 0.930886 0.568301 0.038877 0.033275
4 0.271058 0.533275 0.127430 0.082312
37 0.185745 0.184764 0.038877 0.033275
36 0.541037 0.453590 0.045356 0.024518
36 0.809935 0.451839 0.043197 0.024518
29 0.609071 0.962347 0.095032 0.040280
37 0.120950 0.457968 0.038877 0.033275
36 0.676026 0.563047 0.047516 0.026270
36 0.404968 0.563047 0.045356 0.026270
0 0.449244 0.375657 0.103672 0.106830
4 0.448164 0.649737 0.101512 0.108581
37 0.606911 0.062172 0.043197 0.036778
0 0.766739 0.374781 0.103672 0.105079
37 0.930886 0.458844 0.038877 0.035026
4 0.270249 0.425384 0.127422 0.082310