31 0.374142 0.430556 0.013730 0.101852
29 0.371854 0.831019 0.029748 0.041667
29 0.278604 0.951389 0.028604 0.041667
31 0.231121 0.662037 0.041190 0.032407
28 0.746568 0.796296 0.030892 0.055556
37 0.371854 0.312500 0.011442 0.023148
29 0.558924 0.831019 0.028604 0.041667
29 0.745995 0.951389 0.029748 0.046296
37 0.947941 0.436343 0.010297 0.020833
31 0.657895 0.217593 0.013730 0.101852
28 0.137300 0.800926 0.105263 0.055556
4 0.339817 0.666667 0.070938 0.250000
32 0.558352 0.670139 0.020595 0.113426
31 0.699085 0.427083 0.041190 0.030093
31 0.556636 0.340278 0.042334 0.027778
28 0.420481 0.550926 0.024027 0.074074
37 0.655606 0.098380 0.011442 0.025463
32 0.746568 0.549769 0.021739 0.113426
29 0.652746 0.715278 0.028604 0.046296
28 0.844394 0.341435 0.022883 0.071759
32 0.843249 0.528935 0.045767 0.048611
29 0.137872 0.951389 0.028604 0.046296
4 0.621281 0.548611 0.068650 0.254630
28 0.514874 0.550926 0.022883 0.074074
32 0.278032 0.787037 0.020595 0.111111
37 0.023769 0.671206 0.012836 0.028729