28 0.748715 0.309722 0.026992 0.086111
28 0.194087 0.718056 0.038560 0.063889
37 0.429306 0.120833 0.015424 0.030556
29 0.196015 0.906944 0.037275 0.052778
31 0.133676 0.556944 0.053985 0.036111
37 0.909383 0.420833 0.008997 0.019444
29 0.429306 0.948611 0.035990 0.047222
4 0.388817 0.566667 0.088689 0.311111
28 0.640103 0.791667 0.038560 0.066667
31 0.431877 0.781944 0.015424 0.119444
32 0.759640 0.529167 0.059126 0.058333
31 0.579049 0.413889 0.050129 0.033333
32 0.638817 0.566667 0.025707 0.144444
32 0.299486 0.711111 0.025707 0.138889
29 0.640746 0.948611 0.034704 0.047222
29 0.300771 0.911111 0.035990 0.050000
31 0.431877 0.268056 0.015424 0.119444
37 0.073907 0.565278 0.014139 0.030556
31 0.239075 0.556944 0.051414 0.036111
28 0.492288 0.420833 0.028278 0.091667