12 0.412362 0.648184 0.026117 0.061185
37 0.742020 0.307839 0.015670 0.042065
4 0.318050 0.465583 0.025537 0.086042
37 0.278294 0.369981 0.015670 0.040153
0 0.064132 0.514340 0.028439 0.087954
32 0.573128 0.748566 0.014510 0.074570
32 0.573418 0.615679 0.013929 0.072658
4 0.976785 0.521989 0.027858 0.087954
0 0.236506 0.216061 0.027278 0.087954
37 0.024086 0.515296 0.017992 0.043977
0 0.105049 0.277247 0.027858 0.087954
28 0.439350 0.370937 0.018572 0.026769
4 0.238537 0.466539 0.024376 0.087954
0 0.706907 0.305927 0.029019 0.091778
4 0.707487 0.651052 0.027858 0.086042
37 0.526988 0.684512 0.015090 0.042065
32 0.600116 0.655832 0.015090 0.076482
0 0.480847 0.217017 0.028439 0.086042
0 0.787290 0.276291 0.029600 0.089866
28 0.640453 0.642447 0.019153 0.030593
4 0.842136 0.652008 0.027858 0.087954
0 0.319501 0.216061 0.027278 0.087954
4 0.909460 0.652008 0.027858 0.087954
37 0.035694 0.276291 0.014510 0.043977
0 0.399884 0.370937 0.026698 0.087954
4 0.761172 0.651052 0.028439 0.089866
0 0.910041 0.278203 0.029019 0.089866
0 0.977075 0.370937 0.028439 0.091778
0 0.170052 0.517208 0.029019 0.089866
4 0.479977 0.478011 0.026698 0.087954
37 0.374347 0.213193 0.015090 0.043977
32 0.407429 0.215105 0.029019 0.040153
4 0.318920 0.720841 0.026117 0.080306
4 0.237086 0.717973 0.027278 0.086042
29 0.331689 0.968451 0.019153 0.028681
37 0.617237 0.311663 0.015670 0.042065
0 0.843297 0.276291 0.029019 0.089866
0 0.560940 0.340344 0.027278 0.087954
30 0.225634 0.090735 0.029093 0.032438
30 0.118604 0.093100 0.029103 0.032457
37 0.278459 0.623519 0.016858 0.033527
30 0.925428 0.090751 0.029100 0.032455
28 0.450205 0.560940 0.009865 0.050992
30 0.855492 0.090744 0.029101 0.032444
30 0.774298 0.086103 0.029100 0.032440
30 0.692164 0.087641 0.029094 0.032452
30 0.575295 0.092261 0.029101 0.032433
30 0.494567 0.090728 0.029093 0.032437
28 0.726236 0.431752 0.009862 0.050973
30 0.332181 0.089182 0.029102 0.032445