31 0.597363 0.547276 0.077150 0.040559
21 0.248258 0.271807 0.016294 0.029069
21 0.392493 0.271002 0.016296 0.029067
31 0.595108 0.468833 0.077134 0.040572
21 0.112787 0.441264 0.016310 0.029025
31 0.506120 0.467688 0.077134 0.040554
21 0.213174 0.441258 0.016307 0.029026
29 0.374389 0.441602 0.037477 0.043851
31 0.635685 0.187800 0.077125 0.040568
31 0.634865 0.116511 0.077127 0.040570
31 0.543875 0.117592 0.077142 0.040557
11 0.210002 0.124332 0.018780 0.064164
21 0.399436 0.712369 0.016295 0.029064
21 0.678439 0.713045 0.016300 0.029037
21 0.806862 0.713034 0.016288 0.029037
11 0.920353 0.709798 0.034755 0.031827
32 0.957969 0.712823 0.018767 0.071837
7 0.276411 0.272359 0.024730 0.088269
7 0.363749 0.270416 0.024737 0.088248
7 0.113356 0.496406 0.044705 0.055790
7 0.214053 0.496441 0.046678 0.053406
7 0.370880 0.711946 0.024029 0.088931
7 0.647557 0.715415 0.024032 0.088940
7 0.776533 0.714288 0.024032 0.088925
37 0.340742 0.297450 0.006570 0.018713
37 0.299431 0.241945 0.006802 0.018297
11 0.057286 0.687249 0.034735 0.031790
11 0.435702 0.478691 0.018777 0.064119
37 0.228690 0.539545 0.008247 0.011851
37 0.348004 0.741387 0.005929 0.015814
37 0.128030 0.539354 0.007562 0.012036
37 0.625213 0.743041 0.006114 0.014599
37 0.755243 0.742814 0.007251 0.015091
11 0.324234 0.475514 0.018773 0.064133
31 0.853066 0.467703 0.077144 0.040548
31 0.715639 0.467699 0.077131 0.040579
11 0.473630 0.125019 0.018769 0.064129
29 0.058923 0.969197 0.037491 0.043858