4 0.603939 0.596059 0.043764 0.064039
0 0.857768 0.152709 0.043764 0.064039
0 0.250547 0.152709 0.045952 0.064039
4 0.857768 0.873153 0.048140 0.066502
37 0.077681 0.343596 0.019694 0.022167
0 0.603939 0.151478 0.043764 0.061576
0 0.603939 0.339901 0.043764 0.064039
0 0.394967 0.341133 0.045952 0.066502
37 0.464989 0.190887 0.015317 0.017241
37 0.177243 0.153941 0.013129 0.017241
37 0.940919 0.481527 0.013129 0.017241
4 0.857768 0.596059 0.048140 0.064039
4 0.603939 0.874384 0.048140 0.064039
0 0.149891 0.342365 0.045952 0.064039
37 0.078775 0.470443 0.021882 0.024631
0 0.858862 0.342365 0.045952 0.064039
37 0.456386 0.775923 0.023460 0.024284
37 0.455357 0.811789 0.015678 0.014363