38 0.244289 0.164541 0.024112 0.079082
29 0.249365 0.258929 0.036802 0.038265
38 0.245558 0.411990 0.024112 0.079082
38 0.220812 0.563776 0.043147 0.045918
38 0.220812 0.798469 0.040609 0.051020
38 0.633249 0.192602 0.043147 0.048469
38 0.218274 0.326531 0.043147 0.045918
29 0.252538 0.746173 0.035533 0.038265
29 0.252538 0.979592 0.035533 0.040816
28 0.520939 0.207908 0.019036 0.104592
29 0.684645 0.565051 0.034264 0.038265
38 0.248731 0.651786 0.025381 0.079082
28 0.293147 0.577806 0.020305 0.104592
28 0.736675 0.396684 0.019036 0.109694
29 0.251269 0.506378 0.035533 0.038265
38 0.680203 0.471939 0.025381 0.076531
38 0.248096 0.887755 0.024112 0.081633
37 0.164340 0.573980 0.013959 0.030612
23 0.508883 0.394133 0.119289 0.257653
28 0.292513 0.813776 0.019036 0.107143
28 0.289340 0.090561 0.020305 0.104592
37 0.961929 0.452806 0.012690 0.022959
37 0.164975 0.806122 0.015228 0.030612
23 0.829315 0.451531 0.115482 0.255102
29 0.751269 0.602041 0.035533 0.040816
38 0.216371 0.076531 0.044416 0.051020
38 0.822970 0.248724 0.039340 0.063776
38 0.592640 0.289541 0.032995 0.079082
37 0.161802 0.335459 0.013959 0.028061
29 0.434010 0.536990 0.038071 0.038265
38 0.654188 0.385204 0.041878 0.045918
28 0.290609 0.340561 0.020305 0.104592
37 0.161168 0.086735 0.015228 0.030612
38 0.502538 0.576531 0.045685 0.051020
29 0.695431 0.248724 0.038071 0.038265