28 0.746850 0.443257 0.064147 0.050987
8 0.104238 0.402961 0.087056 0.128289
8 0.746850 0.711349 0.084765 0.123355
8 0.610538 0.500000 0.084765 0.125000
28 0.452463 0.343750 0.061856 0.052632
28 0.453036 0.612664 0.065292 0.054276
29 0.608820 0.907072 0.063001 0.054276
29 0.101947 0.809211 0.061856 0.055921
28 0.958763 0.191612 0.061856 0.054276
8 0.241123 0.612664 0.088202 0.126645
28 0.958763 0.442434 0.061856 0.052632
28 0.240550 0.344572 0.061856 0.054276
37 0.100552 0.221804 0.014030 0.017015