28 0.449594 0.604811 0.037080 0.192440
38 0.285052 0.391753 0.055620 0.109966
37 0.908459 0.400344 0.018540 0.065292
38 0.392236 0.393471 0.056779 0.113402
38 0.164542 0.713058 0.055620 0.099656
29 0.111240 0.917526 0.062572 0.109966
28 0.666280 0.601375 0.039397 0.192440
38 0.725377 0.386598 0.057937 0.113402
38 0.504056 0.386598 0.055620 0.113402
38 0.165122 0.329897 0.054461 0.116838
38 0.161645 0.591065 0.056779 0.116838
28 0.342410 0.235395 0.038239 0.189003
28 0.260718 0.603093 0.039397 0.195876
28 0.559096 0.231959 0.038239 0.189003
38 0.606025 0.383162 0.055620 0.113402
38 0.823291 0.393471 0.056779 0.113402
37 0.070684 0.238832 0.018540 0.072165
38 0.160487 0.204467 0.054461 0.106529