37 0.886490 0.088889 0.018106 0.051852
38 0.635794 0.072222 0.062674 0.077778
38 0.635097 0.416667 0.061281 0.077778
37 0.073120 0.087037 0.018106 0.048148
28 0.497911 0.433333 0.073816 0.111111
38 0.391365 0.070370 0.064067 0.081481
28 0.286212 0.257407 0.076602 0.114815
38 0.715181 0.624074 0.029248 0.166667
28 0.708217 0.257407 0.073816 0.114815
38 0.213788 0.066667 0.062674 0.081481
38 0.768802 0.068519 0.061281 0.077778
29 0.282730 0.912963 0.083565 0.144444
38 0.215877 0.422222 0.061281 0.074074
38 0.291086 0.629630 0.030641 0.162963