29 0.782051 0.373348 0.062271 0.068282
4 0.127289 0.657489 0.060440 0.081498
29 0.605311 0.607930 0.064103 0.066079
4 0.697802 0.579295 0.065934 0.079295
12 0.781136 0.277533 0.042125 0.052863
12 0.781136 0.457048 0.042125 0.050661
0 0.700549 0.222467 0.056777 0.074890
4 0.381868 0.656388 0.067766 0.083700
32 0.104396 0.438326 0.065934 0.092511
4 0.307692 0.443833 0.065934 0.081498
29 0.781136 0.909692 0.064103 0.066079
29 0.902930 0.940529 0.062271 0.066079
30 0.901099 0.057269 0.058608 0.035242
0 0.875458 0.223568 0.062271 0.077093
0 0.876374 0.410793 0.060440 0.077093
4 0.876374 0.580396 0.064103 0.077093
29 0.104396 0.807269 0.065934 0.068282
8 0.605311 0.524229 0.042125 0.052863
29 0.781136 0.718062 0.064103 0.066079
29 0.781136 0.540749 0.064103 0.063877
8 0.782051 0.634361 0.040293 0.052863
29 0.670330 0.941630 0.062271 0.068282
4 0.512821 0.444934 0.065934 0.079295
4 0.874542 0.768722 0.067766 0.079295
29 0.217033 0.607930 0.067766 0.070485
30 0.107143 0.056167 0.056777 0.033040
29 0.409341 0.806167 0.064103 0.066079
12 0.782967 0.824890 0.042125 0.050661
37 0.176740 0.656388 0.023810 0.030837
0 0.696886 0.410793 0.064103 0.077093
30 0.670330 0.055066 0.058608 0.035242
8 0.214286 0.524229 0.043956 0.052863
4 0.699634 0.768722 0.065934 0.079295