8 0.653846 0.649177 0.064516 0.109053
36 0.554591 0.635802 0.012407 0.045267
37 0.098635 0.962963 0.016129 0.028807
12 0.408809 0.132716 0.085608 0.117284
32 0.444789 0.861111 0.026055 0.109053
4 0.500620 0.636831 0.050868 0.117284
28 0.285360 0.787037 0.044665 0.051440
28 0.555211 0.789095 0.043424 0.051440
36 0.283499 0.635802 0.016129 0.053498
4 0.339950 0.636831 0.052109 0.117284
8 0.182382 0.662551 0.064516 0.111111
8 0.084367 0.186214 0.069479 0.117284
0 0.339950 0.354938 0.057072 0.125514
32 0.416873 0.492798 0.059553 0.043210
30 0.418114 0.036008 0.034739 0.026749
8 0.081266 0.348765 0.063275 0.113169
12 0.393921 0.861111 0.065757 0.113169
0 0.499380 0.355967 0.055831 0.123457
37 0.062499 0.027995 0.009917 0.018527
37 0.652983 0.032503 0.009919 0.018514
37 0.675252 0.962549 0.009921 0.018521
37 0.039684 0.591061 0.009920 0.018502
37 0.115738 0.594659 0.009931 0.018530