2 0.393156 0.202128 0.065642 0.117988
4 0.217877 0.808511 0.067039 0.119923
37 0.823324 0.565764 0.026536 0.036750
0 0.216480 0.200193 0.067039 0.117988
0 0.479749 0.323985 0.065642 0.114120
4 0.424581 0.566731 0.067039 0.116054
0 0.861034 0.323985 0.065642 0.114120
4 0.741620 0.566731 0.067039 0.116054
12 0.191341 0.500967 0.100559 0.139265
4 0.861732 0.808511 0.069832 0.119923
0 0.773743 0.202128 0.064246 0.114120
36 0.453212 0.200193 0.023743 0.025145
37 0.343575 0.565764 0.025140 0.036750
37 0.943436 0.444874 0.026536 0.034816
6 0.556564 0.808511 0.068436 0.119923
0 0.687151 0.323985 0.067039 0.114120
36 0.714385 0.199226 0.023743 0.023211
30 0.715362 0.084382 0.017669 0.025194
30 0.805770 0.082231 0.017670 0.025197
30 0.366690 0.087262 0.017677 0.025177
30 0.453702 0.083193 0.017672 0.025183