23 0.457317 0.577348 0.142276 0.314917
32 0.173780 0.511050 0.095528 0.116022
28 0.527439 0.165746 0.026423 0.165746
29 0.344512 0.842541 0.050813 0.071823
32 0.350610 0.171271 0.095528 0.110497
32 0.778455 0.582873 0.093496 0.104972
37 0.461382 0.726519 0.012195 0.027624
28 0.896341 0.759669 0.077236 0.071823
37 0.023449 0.944468 0.012188 0.027626
37 0.026183 0.509909 0.012203 0.027592
37 0.459641 0.430373 0.012185 0.027620
37 0.973260 0.939980 0.012196 0.027652
37 0.978899 0.581185 0.012198 0.027574