0 0.837784 0.198745 0.046729 0.104603
4 0.965955 0.513598 0.046729 0.102510
4 0.403872 0.526151 0.046729 0.102510
0 0.403872 0.198745 0.046729 0.104603
7 0.214953 0.815900 0.048064 0.100418
0 0.677570 0.199791 0.046729 0.102510
4 0.046061 0.441423 0.046729 0.104603
21 0.745661 0.805439 0.036048 0.054393
4 0.677570 0.816946 0.046729 0.102510
0 0.176903 0.198745 0.046729 0.100418
7 0.367156 0.814854 0.048064 0.102510
7 0.045394 0.814854 0.048064 0.102510
0 0.965955 0.199791 0.046729 0.102510
30 0.424566 0.074268 0.029372 0.031381
0 0.046061 0.198745 0.046729 0.100418
4 0.214953 0.526151 0.048064 0.102510
37 0.892523 0.708159 0.020027 0.035565
29 0.442590 0.968619 0.038718 0.050209
7 0.518262 0.813926 0.048058 0.102499
30 0.860519 0.067941 0.029372 0.031393
30 0.696686 0.070484 0.029377 0.031377
30 0.196262 0.075573 0.029372 0.031372