28 0.894483 0.509985 0.075862 0.036866
29 0.767586 0.968510 0.045517 0.032258
36 0.688276 0.433180 0.024828 0.036866
36 0.468276 0.433180 0.026207 0.036866
29 0.896552 0.581413 0.044138 0.032258
36 0.247586 0.142089 0.028966 0.038402
3 0.523448 0.202765 0.059310 0.070661
7 0.522069 0.326421 0.059310 0.072197
29 0.143448 0.357143 0.044138 0.032258
29 0.805517 0.357143 0.044138 0.032258
30 0.382069 0.104455 0.044138 0.012289
3 0.744138 0.203533 0.059310 0.069124
36 0.467586 0.141321 0.027586 0.036866
36 0.688276 0.142089 0.027586 0.038402
3 0.083448 0.203533 0.059310 0.069124
29 0.364138 0.357143 0.044138 0.029186
29 0.584828 0.357143 0.044138 0.032258
36 0.247586 0.433180 0.026207 0.036866
3 0.740846 0.745062 0.059316 0.069112
3 0.743817 0.506658 0.059307 0.069133
3 0.744820 0.863156 0.059321 0.069123
30 0.254202 0.062338 0.041624 0.027583
30 0.479191 0.066253 0.041630 0.027586
30 0.691290 0.062941 0.041629 0.027592
3 0.301802 0.205317 0.059308 0.069126
7 0.299797 0.328944 0.059313 0.072197
7 0.079785 0.328936 0.059299 0.072196
3 0.741845 0.625862 0.059312 0.069120
7 0.744807 0.325628 0.059315 0.072186