30 0.389793 0.162639 0.039941 0.027881
8 0.246302 0.845725 0.078402 0.092937
30 0.676036 0.163569 0.041420 0.029740
12 0.389793 0.236059 0.081361 0.092937
28 0.505178 0.316914 0.031065 0.057621
8 0.159024 0.657993 0.078402 0.092937
0 0.639053 0.488848 0.079882 0.111524
0 0.359467 0.385688 0.071006 0.094796
12 0.675296 0.856877 0.081361 0.092937
37 0.815089 0.607807 0.044379 0.033457
0 0.704882 0.691450 0.066568 0.092937
8 0.857249 0.850372 0.078402 0.091078
4 0.358728 0.670074 0.069527 0.094796