37 0.189404 0.665263 0.018543 0.029474
4 0.801325 0.667368 0.055629 0.088421
4 0.308609 0.851579 0.052980 0.090526
4 0.706623 0.406316 0.051656 0.092632
37 0.143046 0.290526 0.015894 0.025263
37 0.259603 0.852632 0.018543 0.029474
4 0.401987 0.667368 0.051656 0.088421
0 0.214570 0.330526 0.055629 0.084211
37 0.658278 0.851579 0.018543 0.031579
29 0.729139 0.956842 0.033113 0.052632
0 0.896026 0.182105 0.051656 0.090526
29 0.330464 0.957895 0.033113 0.054737
0 0.214570 0.441053 0.055629 0.086316
28 0.424503 0.855789 0.041060 0.040000
4 0.352980 0.516842 0.051656 0.090526
2 0.705960 0.182105 0.052980 0.090526
37 0.658940 0.178947 0.017219 0.029474
37 0.752318 0.665263 0.021192 0.029474
4 0.495364 0.516842 0.052980 0.090526
29 0.423841 0.957895 0.034437 0.054737
4 0.939735 0.406316 0.051656 0.092632
4 0.706623 0.852632 0.054305 0.092632
28 0.823179 0.855789 0.041060 0.040000
37 0.143046 0.404211 0.015894 0.025263
29 0.823841 0.957895 0.034437 0.054737
30 0.918405 0.069681 0.028350 0.027944
30 0.729140 0.073807 0.028329 0.027936