32 0.417742 0.292000 0.100000 0.072000
30 0.729032 0.076000 0.070968 0.034667
32 0.632258 0.292000 0.096774 0.072000
37 0.103226 0.600000 0.038710 0.032000
12 0.517742 0.812000 0.119355 0.104000
37 0.412903 0.424000 0.038710 0.032000
30 0.304839 0.078667 0.067742 0.040000
4 0.782258 0.602667 0.132258 0.112000
37 0.622581 0.424000 0.038710 0.032000
0 0.680645 0.201333 0.129032 0.109333
37 0.101613 0.737333 0.041935 0.034667
0 0.354839 0.201333 0.122581 0.104000
29 0.516129 0.950667 0.070968 0.066667
4 0.251613 0.601333 0.135484 0.114667