0 0.773026 0.202312 0.085526 0.127168
37 0.576754 0.406069 0.026316 0.037572
4 0.460526 0.508671 0.087719 0.127168
4 0.846491 0.510116 0.087719 0.124277
2 0.461623 0.202312 0.085526 0.121387
37 0.343202 0.507225 0.028509 0.037572
29 0.653509 0.960983 0.057018 0.072254
37 0.342105 0.661850 0.026316 0.034682
4 0.616228 0.813584 0.092105 0.130058
37 0.731360 0.406069 0.028509 0.037572
37 0.148026 0.406069 0.028509 0.037572
30 0.498904 0.104046 0.037281 0.023121
30 0.810102 0.104710 0.043381 0.026544