29 0.187141 0.946701 0.027555 0.065990
29 0.663031 0.652284 0.026406 0.065990
38 0.136625 0.191624 0.029851 0.098985
4 0.855339 0.446701 0.043628 0.101523
4 0.739380 0.447970 0.041332 0.098985
4 0.493685 0.446701 0.045924 0.101523
38 0.442021 0.656091 0.029851 0.104061
28 0.930540 0.282995 0.033295 0.048223
4 0.262342 0.406091 0.042480 0.101523
29 0.797359 0.946701 0.026406 0.065990
38 0.364524 0.826142 0.028703 0.098985
37 0.567164 0.318528 0.013777 0.032995
30 0.130310 0.071066 0.024110 0.030457
38 0.721010 0.826142 0.016073 0.098985
28 0.663031 0.535533 0.033295 0.045685
28 0.185993 0.788071 0.032147 0.048223
4 0.110792 0.404822 0.042480 0.098985
4 0.376579 0.446701 0.043628 0.101523
38 0.136051 0.826142 0.028703 0.098985
38 0.621125 0.318528 0.045924 0.048223
29 0.129162 0.946701 0.026406 0.065990
37 0.567164 0.191624 0.013777 0.032995
29 0.434558 0.947970 0.026406 0.063452
30 0.241676 0.071066 0.024110 0.030457
28 0.434558 0.831218 0.030999 0.043147
29 0.358209 0.947970 0.025258 0.063452
37 0.052813 0.403553 0.013777 0.030457
38 0.621699 0.191624 0.044776 0.043147
28 0.796785 0.829949 0.029851 0.045685
38 0.251435 0.191624 0.029851 0.098985
38 0.803674 0.656091 0.029851 0.104061
37 0.053387 0.530457 0.012629 0.030457
29 0.929966 0.397208 0.027555 0.063452
29 0.719862 0.946701 0.027555 0.065990
38 0.194030 0.614213 0.029851 0.101523