38 0.225313 0.242529 0.038943 0.098851
29 0.239917 0.929885 0.034771 0.062069
38 0.249652 0.812644 0.037552 0.098851
37 0.831711 0.324138 0.019471 0.032184
4 0.659944 0.447126 0.054242 0.098851
28 0.783032 0.817241 0.038943 0.043678
30 0.216968 0.083908 0.033380 0.048276
4 0.438804 0.447126 0.054242 0.098851
37 0.733658 0.324138 0.018081 0.032184
29 0.314325 0.928736 0.033380 0.059770
38 0.716968 0.812644 0.037552 0.098851
29 0.783032 0.927586 0.033380 0.057471
30 0.685675 0.082759 0.033380 0.041379
28 0.315021 0.817241 0.040334 0.043678
4 0.906120 0.447126 0.054242 0.098851
4 0.191238 0.447126 0.054242 0.098851
29 0.708623 0.928736 0.034771 0.059770
38 0.422809 0.241379 0.038943 0.096552
30 0.881085 0.082759 0.031989 0.045977
37 0.068150 0.567816 0.016690 0.027586
38 0.890125 0.242529 0.038943 0.098851
37 0.068150 0.444828 0.016690 0.029885
30 0.413769 0.082759 0.031989 0.045977
38 0.693324 0.242529 0.037552 0.098851
38 0.782930 0.611784 0.037558 0.098851
38 0.317889 0.615022 0.037551 0.098834