29 0.575663 0.946078 0.037441 0.063725
37 0.056942 0.125000 0.017161 0.029412
29 0.188768 0.946078 0.037441 0.063725
29 0.271451 0.944853 0.037441 0.061275
29 0.492200 0.946078 0.039002 0.063725
37 0.783931 0.388480 0.026521 0.036765
38 0.118565 0.111520 0.065523 0.071078
4 0.645086 0.388480 0.060842 0.105392
38 0.198908 0.821078 0.042122 0.102941
4 0.340874 0.388480 0.060842 0.105392
28 0.271451 0.825980 0.043682 0.044118
28 0.575663 0.825980 0.043682 0.044118
38 0.577223 0.610294 0.024961 0.102941
38 0.421997 0.110294 0.067083 0.068627
38 0.273011 0.609069 0.024961 0.105392
38 0.421997 0.241422 0.063963 0.071078
4 0.202028 0.388480 0.060842 0.105392
4 0.507020 0.388480 0.062402 0.105392
37 0.056162 0.256127 0.018721 0.031863
38 0.117785 0.240196 0.063963 0.068627
38 0.503120 0.821078 0.042122 0.102941
37 0.698380 0.125119 0.018722 0.031863
37 0.694952 0.258426 0.018715 0.031869