29 0.383682 0.850927 0.029670 0.035663
4 0.366150 0.426534 0.040459 0.102710
4 0.276804 0.761769 0.038436 0.105563
0 0.367498 0.184736 0.039110 0.106990
12 0.066419 0.771755 0.039784 0.082739
12 0.225219 0.947932 0.040459 0.084165
0 0.729939 0.427247 0.039784 0.101284
30 0.910317 0.062054 0.036413 0.021398
32 0.630479 0.343081 0.041807 0.041369
0 0.893122 0.125535 0.038436 0.102710
0 0.260958 0.293866 0.037761 0.102710
0 0.513823 0.428673 0.037761 0.101284
0 0.609912 0.258203 0.039784 0.099857
29 0.593055 0.849501 0.027647 0.032810
0 0.189481 0.293866 0.039110 0.102710
4 0.513149 0.577746 0.039110 0.105563
28 0.430209 0.301712 0.029670 0.027104
28 0.664194 0.300999 0.029670 0.025678
29 0.292650 0.850927 0.029670 0.035663
0 0.123399 0.581312 0.041807 0.104137
0 0.801753 0.427960 0.039110 0.099857
0 0.576871 0.427960 0.039784 0.097004
4 0.259272 0.577746 0.038436 0.105563
2 0.749494 0.126961 0.039784 0.105563
36 0.141605 0.425107 0.013486 0.019971
30 0.548887 0.060628 0.036413 0.024251
29 0.814228 0.666904 0.028995 0.035663
0 0.481457 0.258203 0.039110 0.102710
29 0.497640 0.850214 0.029670 0.037090
36 0.745786 0.674750 0.012138 0.017118
4 0.830411 0.579173 0.037087 0.099857
29 0.066082 0.849501 0.028321 0.032810
4 0.830411 0.763909 0.037087 0.098431
30 0.224882 0.062767 0.037087 0.022825
4 0.576534 0.577746 0.037761 0.105563
4 0.173972 0.762482 0.039110 0.104137
12 0.383345 0.772468 0.041133 0.087019
36 0.593055 0.675464 0.012812 0.018545
4 0.190829 0.578459 0.039110 0.104137
0 0.532704 0.124108 0.039110 0.102710
32 0.462576 0.342368 0.040459 0.039943
0 0.945381 0.427247 0.037761 0.101284
37 0.478422 0.124822 0.011463 0.024251
29 0.813891 0.848787 0.028321 0.031384
0 0.325691 0.578459 0.040459 0.106990
30 0.766015 0.060628 0.036413 0.021398
37 0.546190 0.410128 0.012138 0.029957
37 0.225219 0.722539 0.014835 0.024251
0 0.873567 0.427247 0.038436 0.101284
37 0.224545 0.504280 0.013486 0.024251
4 0.514160 0.761769 0.038436 0.105563
4 0.084963 0.426534 0.043156 0.102710
36 0.664869 0.123395 0.013486 0.021398
29 0.157451 0.850214 0.027647 0.034237
4 0.576871 0.761769 0.038436 0.102710
0 0.083277 0.184023 0.041133 0.102710
36 0.308496 0.424394 0.014160 0.021398
36 0.929998 0.503003 0.012135 0.017131
36 0.593192 0.502047 0.012137 0.017109
36 0.173179 0.183470 0.012133 0.017113
36 0.141063 0.184398 0.012135 0.017112
36 0.276219 0.182815 0.012133 0.017116
36 0.308169 0.183947 0.012142 0.017125
37 0.546573 0.556328 0.012135 0.029952
37 0.223651 0.157877 0.012141 0.029955
37 0.838067 0.388183 0.012136 0.029959
36 0.745986 0.501877 0.012135 0.017129
36 0.786378 0.503562 0.012136 0.017123
36 0.889073 0.502441 0.012133 0.017120