30 0.424059 0.105932 0.030914 0.021186
37 0.926747 0.442797 0.017473 0.025424
37 0.068548 0.748941 0.016129 0.027542
0 0.223118 0.204449 0.053763 0.095339
37 0.068548 0.583686 0.016129 0.027542
37 0.178091 0.825212 0.012097 0.019068
4 0.448253 0.578390 0.055108 0.097458
6 0.278898 0.825212 0.052419 0.091102
29 0.860215 0.723517 0.034946 0.031780
4 0.778898 0.822034 0.055108 0.093220
36 0.302419 0.741525 0.048387 0.038136
4 0.176075 0.579449 0.051075 0.091102
28 0.858199 0.595339 0.052419 0.050847
0 0.775538 0.237288 0.051075 0.088983
0 0.402554 0.199153 0.049731 0.088983
28 0.662634 0.443856 0.032258 0.082627
29 0.301747 0.918432 0.036290 0.019068