4 0.953184 0.859813 0.053683 0.077437
32 0.083645 0.233645 0.039950 0.093458
6 0.762172 0.859146 0.058677 0.081442
23 0.415730 0.662884 0.179775 0.201602
0 0.593633 0.233645 0.071161 0.080107
32 0.973783 0.580774 0.039950 0.088117
32 0.594257 0.371829 0.039950 0.092123
29 0.416979 0.975968 0.074906 0.034713
32 0.783396 0.232310 0.038702 0.090788
0 0.593633 0.233645 0.071161 0.080107
4 0.102372 0.858478 0.059925 0.080107
30 0.271762 0.093183 0.056160 0.028531
30 0.592136 0.090627 0.056173 0.028537
30 0.783076 0.089121 0.056161 0.028539
0 0.273910 0.236217 0.071162 0.080114