29 0.437274 0.829268 0.049457 0.037940
4 0.265380 0.623306 0.060314 0.189702
37 0.887817 0.479675 0.021713 0.059621
32 0.376960 0.487805 0.092883 0.086721
29 0.287093 0.822493 0.048251 0.035230
28 0.437877 0.636856 0.043426 0.065041
0 0.614596 0.338753 0.063932 0.189702
4 0.773824 0.619241 0.061520 0.192412
29 0.795537 0.817073 0.049457 0.040650
37 0.521110 0.093496 0.026538 0.046070
29 0.635706 0.815718 0.050663 0.037940
0 0.266586 0.340108 0.060314 0.186992
0 0.775030 0.331978 0.063932 0.197832
37 0.118215 0.486450 0.021713 0.056911
4 0.612183 0.621951 0.061520 0.192412