0 0.827419 0.334142 0.067742 0.085761
4 0.367742 0.500809 0.064516 0.085761
4 0.827419 0.623786 0.074194 0.085761
0 0.366935 0.148867 0.062903 0.087379
4 0.087097 0.887540 0.067742 0.085761
4 0.826613 0.887540 0.069355 0.085761
12 0.062097 0.540453 0.072581 0.074434
0 0.828226 0.148058 0.066129 0.088997
6 0.363710 0.887540 0.072581 0.085761
37 0.708373 0.337109 0.026769 0.020572
37 0.707747 0.626777 0.026750 0.020589
37 0.990922 0.479746 0.018155 0.027514
37 0.062661 0.378288 0.026772 0.020595