29 0.779809 0.510569 0.052464 0.019512
23 0.720986 0.269106 0.157393 0.173984
37 0.029412 0.630081 0.023847 0.027642
29 0.027822 0.673171 0.052464 0.019512
37 0.256757 0.947967 0.027027 0.029268
14 0.290938 0.488618 0.076312 0.115447
35 0.325119 0.139837 0.052464 0.117073
37 0.953100 0.423577 0.023847 0.027642
35 0.135135 0.479675 0.117647 0.058537
35 0.655008 0.477236 0.114467 0.060163
35 0.403021 0.856911 0.055644 0.113821
35 0.511129 0.856911 0.055644 0.117073
29 0.691574 0.756098 0.050874 0.019512
35 0.759141 0.396748 0.112878 0.061789
14 0.515103 0.479675 0.076312 0.113821
35 0.492846 0.145528 0.054054 0.115447
37 0.029412 0.478862 0.023847 0.027642
29 0.951510 0.465041 0.049285 0.019512
14 0.431638 0.720325 0.077901 0.113821
35 0.593800 0.722764 0.116057 0.060163
37 0.636725 0.055285 0.027027 0.029268
37 0.951510 0.271545 0.023847 0.026016