0 0.061424 0.312352 0.028703 0.078385
21 0.173364 0.838480 0.025258 0.038005
0 0.891504 0.252969 0.028703 0.121140
32 0.344432 0.597387 0.020666 0.059382
32 0.283582 0.602138 0.020666 0.064133
4 0.191734 0.599762 0.027555 0.078385
4 0.063720 0.602138 0.030999 0.083135
4 0.526406 0.729216 0.024110 0.080760
21 0.365098 0.836105 0.025258 0.033254
0 0.819747 0.219715 0.025258 0.078385
0 0.430540 0.220903 0.025258 0.085511
4 0.062572 0.495249 0.028703 0.078385
0 0.570608 0.349169 0.025258 0.080760
4 0.686567 0.485748 0.025258 0.083135
4 0.819173 0.640143 0.024110 0.078385
4 0.431114 0.796912 0.026406 0.078385
21 0.200918 0.837292 0.025258 0.035629
0 0.819173 0.342043 0.026406 0.080760
32 0.888634 0.688836 0.018370 0.057007
32 0.924225 0.770784 0.020666 0.059382
21 0.053961 0.844418 0.027555 0.040380
4 0.614237 0.728029 0.025258 0.078385
0 0.334099 0.304038 0.027555 0.080760
0 0.685993 0.214964 0.026406 0.083135
0 0.334673 0.188836 0.026406 0.078385
4 0.819747 0.796912 0.025258 0.078385
0 0.059127 0.194774 0.028703 0.080760
21 0.338117 0.836105 0.024110 0.038005
0 0.191160 0.194774 0.026406 0.080760
4 0.431114 0.640143 0.026406 0.078385
0 0.191160 0.311164 0.026406 0.080760
28 0.923651 0.579572 0.019518 0.028504
4 0.568886 0.486936 0.024110 0.080760
21 0.229047 0.837292 0.024110 0.035629
32 0.887486 0.580760 0.018370 0.059382
4 0.190586 0.494062 0.027555 0.080760
0 0.684271 0.346793 0.025258 0.080760
21 0.255454 0.838480 0.024110 0.038005
0 0.431114 0.351544 0.026406 0.080760
0 0.570608 0.218527 0.025258 0.080760
37 0.640069 0.942993 0.010333 0.019002
32 0.199770 0.711401 0.018370 0.059382
37 0.630842 0.063221 0.011476 0.021359
37 0.515499 0.605331 0.011481 0.021370
37 0.924688 0.458804 0.011484 0.021388
21 0.392337 0.838397 0.025252 0.033244
21 0.309652 0.837764 0.025259 0.033259