4 0.439076 0.423913 0.057423 0.136364
4 0.614846 0.422925 0.056022 0.138340
37 0.922969 0.528656 0.019608 0.033597
32 0.460784 0.668972 0.033613 0.100791
12 0.044118 0.700593 0.071429 0.100791
32 0.264706 0.280632 0.033613 0.106719
28 0.682073 0.668972 0.042017 0.045455
4 0.285714 0.685771 0.058824 0.134387
32 0.836134 0.666996 0.036415 0.108696
29 0.131653 0.982213 0.044818 0.027668
4 0.812325 0.422925 0.056022 0.138340
28 0.130952 0.700593 0.043417 0.041502
30 0.547619 0.103755 0.056022 0.029644
32 0.637255 0.280632 0.036415 0.106719
32 0.460784 0.281621 0.036415 0.104743
32 0.637255 0.672925 0.033613 0.104743
31 0.202652 0.593869 0.077905 0.054965
31 0.403268 0.589302 0.077892 0.054967