4 0.535077 0.769511 0.044643 0.055151
30 0.611607 0.023413 0.044643 0.015609
29 0.495536 0.991155 0.026786 0.013528
29 0.305485 0.806972 0.021684 0.011446
0 0.588010 0.644641 0.056122 0.055151
28 0.305485 0.773673 0.036990 0.015609
29 0.553571 0.257544 0.025510 0.011446
29 0.495536 0.429761 0.026786 0.012487
30 0.382015 0.584287 0.047194 0.013528
30 0.382015 0.023933 0.044643 0.014568
4 0.364796 0.254422 0.043367 0.055151
28 0.305485 0.212279 0.036990 0.016649
0 0.587372 0.082726 0.054847 0.055151
29 0.688776 0.806972 0.022959 0.011446
4 0.629464 0.816337 0.047194 0.055151
4 0.458546 0.208117 0.044643 0.056191
28 0.688776 0.213840 0.035714 0.015609
28 0.688776 0.774714 0.035714 0.013528
4 0.365434 0.815817 0.044643 0.054110
29 0.306122 0.245057 0.022959 0.011446
4 0.478954 0.378772 0.044643 0.056191
29 0.440689 0.257544 0.024235 0.011446
4 0.459184 0.769511 0.043367 0.055151
37 0.125000 0.815817 0.022959 0.018730
4 0.630102 0.254422 0.045918 0.055151
0 0.407526 0.644641 0.054847 0.055151
0 0.406888 0.082206 0.056122 0.054110
37 0.869898 0.816337 0.022959 0.019771
4 0.535077 0.207596 0.044643 0.055151
4 0.478954 0.939646 0.044643 0.054110
30 0.611607 0.584287 0.044643 0.013528
29 0.554209 0.819459 0.024235 0.011446
29 0.440689 0.818939 0.024235 0.010406
37 0.496692 0.680056 0.011469 0.009227
4 0.496452 0.701426 0.067900 0.030423
4 0.494857 0.139073 0.067907 0.030414
37 0.496587 0.064260 0.011489 0.009216
37 0.496148 0.114222 0.011477 0.009224
29 0.687063 0.246609 0.025503 0.011447
37 0.439006 0.379007 0.011462 0.009215
37 0.440192 0.941368 0.011472 0.009223
37 0.498371 0.628017 0.011468 0.009217