8 0.246503 0.203593 0.038462 0.063872
31 0.425991 0.229541 0.017483 0.095808
29 0.161422 0.695609 0.022145 0.029940
29 0.955711 0.920160 0.020979 0.031936
32 0.428322 0.739521 0.043124 0.037924
28 0.131119 0.197605 0.036131 0.031936
29 0.171329 0.385230 0.020979 0.031936
28 0.915501 0.177645 0.038462 0.027944
31 0.818765 0.178643 0.017483 0.093812
28 0.619464 0.740519 0.015152 0.059880
29 0.060606 0.972056 0.020979 0.031936
32 0.282051 0.714571 0.020979 0.067864
29 0.865967 0.921158 0.020979 0.029940
35 0.060606 0.887226 0.020979 0.081836
31 0.426573 0.540918 0.016317 0.095808
28 0.915501 0.489022 0.036131 0.027944
8 0.659091 0.531936 0.038462 0.065868
7 0.853147 0.715569 0.032634 0.069860
29 0.070513 0.695609 0.019814 0.029940
32 0.745338 0.591816 0.019814 0.069860
28 0.070513 0.644711 0.033800 0.023952
29 0.473193 0.937126 0.020979 0.029940
7 0.459790 0.819361 0.033800 0.065868
31 0.818182 0.489022 0.016317 0.095808
35 0.956876 0.712575 0.025641 0.079840
28 0.523310 0.540918 0.037296 0.027944
28 0.523310 0.229541 0.037296 0.027944
29 0.601399 0.552894 0.020979 0.031936
8 0.195936 0.653149 0.038458 0.065867