4 0.542050 0.305026 0.051248 0.107452
35 0.800920 0.755633 0.038108 0.097054
37 0.886991 0.641248 0.023653 0.020797
35 0.105782 0.444541 0.038108 0.095321
35 0.562418 0.873484 0.036794 0.093588
28 0.669514 0.804159 0.043364 0.034662
29 0.105782 0.964471 0.043364 0.032929
4 0.297635 0.883882 0.038108 0.072790
37 0.581472 0.075390 0.009198 0.015598
4 0.814717 0.896014 0.039422 0.072790
29 0.404731 0.963605 0.042050 0.031196
0 0.119580 0.594454 0.036794 0.072790
35 0.105125 0.148180 0.036794 0.098787
4 0.120237 0.720971 0.035480 0.072790
37 0.467806 0.908146 0.023653 0.024263
35 0.563732 0.710572 0.036794 0.097054
29 0.563075 0.965338 0.043364 0.034662
29 0.281866 0.964471 0.043364 0.032929
23 0.407359 0.884749 0.078844 0.102253
0 0.389619 0.594454 0.038108 0.072790
4 0.126150 0.304159 0.052562 0.105719
4 0.120237 0.884749 0.038108 0.071057
29 0.668857 0.964471 0.044678 0.032929
29 0.800920 0.964471 0.043364 0.032929
37 0.888305 0.896014 0.023653 0.020797
37 0.088699 0.072485 0.009198 0.015607