29 0.470092 0.963533 0.047546 0.030794
4 0.446319 0.487844 0.058282 0.094003
37 0.891871 0.581848 0.026074 0.019449
4 0.268405 0.487034 0.058282 0.095624
35 0.695552 0.580227 0.078221 0.045381
0 0.269172 0.175851 0.056748 0.095624
28 0.587423 0.757699 0.049080 0.034036
35 0.471626 0.773096 0.041411 0.084279
29 0.588190 0.962723 0.047546 0.029173
14 0.264571 0.653971 0.059816 0.102107
28 0.793712 0.757699 0.047546 0.034036
14 0.448620 0.653160 0.056748 0.097245
30 0.245399 0.072123 0.033742 0.024311
2 0.220092 0.300648 0.059816 0.092382
0 0.447086 0.299838 0.056748 0.094003
37 0.105828 0.301459 0.027607 0.019449
0 0.446319 0.175041 0.055215 0.094003
35 0.470092 0.888979 0.041411 0.085900
29 0.793712 0.962723 0.047546 0.029173
30 0.466141 0.074432 0.033733 0.024300