28 0.941121 0.428076 0.024299 0.041594
23 0.275701 0.242634 0.106542 0.128250
4 0.350467 0.863951 0.039252 0.053726
4 0.736449 0.863951 0.037383 0.053726
0 0.685047 0.123917 0.046729 0.053726
37 0.913084 0.254766 0.016822 0.013865
37 0.624299 0.863085 0.014953 0.013865
4 0.200935 0.863085 0.035514 0.051993
4 0.117757 0.710572 0.037383 0.051993
36 0.832710 0.253033 0.024299 0.013865
4 0.406542 0.513865 0.039252 0.053726
4 0.144860 0.513865 0.039252 0.053726
36 0.834579 0.382149 0.024299 0.015598
29 0.502804 0.980069 0.041121 0.019064
4 0.655140 0.559792 0.035514 0.055459
36 0.667290 0.383016 0.022430 0.013865
0 0.402804 0.296360 0.042991 0.055459
0 0.147664 0.101386 0.041121 0.053726
28 0.554206 0.428076 0.024299 0.041594
4 0.846729 0.558925 0.037383 0.053726
30 0.481308 0.019064 0.046729 0.010399
36 0.420561 0.426343 0.022430 0.017331
37 0.461682 0.863085 0.011215 0.010399
0 0.814019 0.124783 0.046729 0.055459
32 0.627103 0.428076 0.050467 0.024263
32 0.872897 0.428076 0.048598 0.027730
0 0.403738 0.101386 0.044860 0.057192
0 0.149533 0.296360 0.044860 0.055459
37 0.914953 0.320624 0.013084 0.013865
4 0.431776 0.711438 0.037383 0.053726
37 0.524809 0.709061 0.014945 0.013865
37 0.024943 0.709057 0.014938 0.013869
37 0.090742 0.862346 0.014950 0.013861
23 0.274702 0.576508 0.106529 0.128249