36 0.848193 0.396684 0.024096 0.022959
30 0.381928 0.158163 0.045783 0.015306
0 0.746988 0.292092 0.048193 0.084184
4 0.154217 0.293367 0.038554 0.081633
4 0.836145 0.751276 0.043373 0.089286
37 0.083133 0.295918 0.012048 0.015306
4 0.395181 0.293367 0.038554 0.081633
4 0.180723 0.750000 0.043373 0.086735
0 0.662651 0.502551 0.048193 0.086735
0 0.393976 0.293367 0.040964 0.081633
4 0.692771 0.750000 0.045783 0.086735
37 0.465060 0.295918 0.014458 0.015306
37 0.615663 0.610969 0.012048 0.012755
36 0.379518 0.501276 0.021687 0.022959
0 0.866265 0.503827 0.045783 0.084184
29 0.508434 0.975765 0.043373 0.028061
4 0.367470 0.750000 0.040964 0.086735
30 0.507229 0.056122 0.050602 0.020408
36 0.379518 0.396684 0.026506 0.022959
37 0.910843 0.609694 0.014458 0.015306
36 0.678313 0.397959 0.026506 0.020408