29 0.476012 0.974506 0.043478 0.021852
32 0.557721 0.597815 0.068966 0.023933
28 0.558471 0.431842 0.043478 0.027055
31 0.371814 0.447971 0.020990 0.057232
32 0.227886 0.776275 0.065967 0.022893
29 0.623688 0.346514 0.038981 0.020812
31 0.299100 0.722164 0.019490 0.052029
28 0.439280 0.618626 0.029985 0.034339
29 0.557721 0.509886 0.038981 0.020812
37 0.887556 0.230489 0.020990 0.017690
31 0.369565 0.293444 0.022489 0.060354
28 0.179910 0.322581 0.044978 0.027055
37 0.672414 0.735692 0.022489 0.016649
31 0.367316 0.106660 0.023988 0.057232
7 0.365067 0.214880 0.031484 0.032258
29 0.294603 0.905307 0.040480 0.020812
28 0.436282 0.236212 0.029985 0.033299
31 0.694903 0.289282 0.019490 0.058273
28 0.293853 0.827784 0.041979 0.026015
31 0.694903 0.104058 0.022489 0.058273
32 0.079460 0.311655 0.029985 0.053070
28 0.404798 0.789802 0.035982 0.037461
29 0.079460 0.386576 0.041979 0.021852
37 0.526237 0.023933 0.020990 0.014568
7 0.367316 0.597294 0.032984 0.033299
32 0.624438 0.270552 0.031484 0.052029
31 0.470015 0.858481 0.025487 0.058273
7 0.679910 0.213840 0.031484 0.030177