12 0.590909 0.779586 0.130435 0.097633
30 0.806324 0.118343 0.118577 0.035503
29 0.590909 0.896450 0.106719 0.053254
37 0.118577 0.467456 0.079051 0.041420
0 0.399209 0.236686 0.134387 0.118343
30 0.343874 0.116864 0.102767 0.032544
37 0.715415 0.465976 0.079051 0.038462
0 0.739130 0.236686 0.142292 0.118343
4 0.314229 0.584320 0.138340 0.121302
37 0.569170 0.319527 0.047431 0.035503
4 0.859684 0.587278 0.138340 0.115385
0 0.859684 0.365385 0.146245 0.115385
0 0.312253 0.366864 0.142292 0.118343
37 0.959081 0.582580 0.028747 0.031852
37 0.459388 0.463849 0.079032 0.038464
37 0.955994 0.368106 0.028726 0.031875