30 0.360549 0.095238 0.059249 0.041408
32 0.670520 0.944099 0.086705 0.053830
0 0.859827 0.207039 0.069364 0.111801
30 0.169075 0.095238 0.043353 0.037267
30 0.656792 0.094203 0.062139 0.043478
29 0.831647 0.786749 0.056358 0.049689
23 0.505058 0.788820 0.128613 0.169772
37 0.039017 0.420290 0.034682 0.037267
32 0.362717 0.944099 0.086705 0.053830
37 0.580925 0.412008 0.037572 0.041408
37 0.414740 0.421325 0.037572 0.039337
4 0.859827 0.616977 0.069364 0.111801
4 0.137283 0.625259 0.069364 0.115942
0 0.137283 0.216356 0.069364 0.113872
29 0.166908 0.791925 0.056358 0.051760
37 0.519509 0.900621 0.021676 0.028986
29 0.657514 0.791925 0.054913 0.051760
37 0.959538 0.414079 0.037572 0.037267
29 0.361994 0.791925 0.056358 0.051760
12 0.656792 0.238095 0.070809 0.095238
30 0.833092 0.096273 0.059249 0.039337
12 0.359165 0.241269 0.070813 0.095244
12 0.655696 0.625064 0.070814 0.095244
12 0.359927 0.625061 0.070811 0.095229