32 0.754883 0.773964 0.052734 0.076425
0 0.589844 0.371762 0.089844 0.067358
32 0.754883 0.167746 0.048828 0.073834
37 0.750977 0.860751 0.029297 0.019430
0 0.304688 0.250648 0.093750 0.066062
28 0.228516 0.586140 0.054688 0.022021
37 0.751953 0.077720 0.023438 0.015544
4 0.591797 0.834197 0.089844 0.064767
4 0.375977 0.834197 0.087891 0.064767
4 0.376953 0.566710 0.089844 0.066062
4 0.299805 0.685233 0.091797 0.067358
37 0.228516 0.857513 0.031250 0.018135
28 0.173828 0.251943 0.031250 0.037565
0 0.664062 0.248705 0.089844 0.064767
32 0.232422 0.166451 0.050781 0.073834
37 0.962891 0.485751 0.046875 0.020725
12 0.480469 0.124352 0.125000 0.082902
4 0.590820 0.567358 0.087891 0.064767
28 0.809570 0.685233 0.029297 0.038860
28 0.751953 0.393135 0.054688 0.019430
37 0.482422 0.335492 0.031250 0.018135
28 0.176758 0.686528 0.029297 0.038860
32 0.232422 0.767487 0.050781 0.076425
28 0.228516 0.393135 0.054688 0.019430
37 0.672852 0.928756 0.021484 0.018135
28 0.750977 0.590674 0.056641 0.020725
29 0.485352 0.975389 0.076172 0.031088
37 0.229492 0.077720 0.025391 0.015544
4 0.666016 0.686528 0.089844 0.067358
0 0.376953 0.371114 0.085938 0.066062
37 0.039062 0.485104 0.046875 0.022021
37 0.482422 0.599093 0.027344 0.016839
30 0.477539 0.062824 0.103516 0.022021
28 0.823242 0.251943 0.029297 0.037565
37 0.527065 0.463260 0.031439 0.032848
37 0.438236 0.462460 0.031451 0.032834