4 0.831340 0.348739 0.078947 0.114846
37 0.846890 0.053221 0.014354 0.022409
0 0.397129 0.172269 0.081340 0.114846
37 0.114833 0.421569 0.014354 0.019608
4 0.686603 0.525210 0.076555 0.114846
4 0.546651 0.841737 0.078947 0.114846
4 0.332536 0.525210 0.081340 0.109244
0 0.760766 0.172269 0.076555 0.109244
4 0.142344 0.568627 0.083732 0.112045
29 0.580144 0.942577 0.107656 0.047619
4 0.332536 0.666667 0.076555 0.112045
37 0.879187 0.267507 0.011962 0.014006
4 0.473684 0.523810 0.076555 0.112045
37 0.300239 0.096639 0.016746 0.019608
4 0.828947 0.665266 0.083732 0.114846
4 0.827751 0.523810 0.081340 0.117647
37 0.315544 0.054971 0.014358 0.022388
37 0.072353 0.569620 0.014359 0.022418
37 0.264438 0.667889 0.014334 0.022398
37 0.264795 0.525366 0.014347 0.022433
37 0.543815 0.524807 0.014336 0.022419
37 0.896905 0.668654 0.014352 0.022411
37 0.477650 0.844215 0.014355 0.022418
37 0.896187 0.348754 0.014339 0.022413