0 0.382208 0.189944 0.065898 0.117318
29 0.410214 0.924581 0.042834 0.072626
37 0.676277 0.589385 0.024712 0.039106
4 0.381384 0.587989 0.064250 0.125698
29 0.588138 0.924581 0.042834 0.072626
37 0.883855 0.488827 0.021417 0.039106
0 0.382208 0.391061 0.065898 0.117318
4 0.616969 0.786313 0.067545 0.120112
4 0.616145 0.586592 0.065898 0.122905
0 0.616145 0.389665 0.065898 0.120112
4 0.380560 0.786313 0.065898 0.120112
30 0.407743 0.097765 0.051071 0.033520
0 0.614498 0.191341 0.065898 0.114525
37 0.321252 0.589385 0.023064 0.039106
37 0.675453 0.391061 0.023064 0.039106
37 0.321252 0.391061 0.023064 0.039106
30 0.586186 0.096769 0.056018 0.033531
37 0.116969 0.488827 0.019769 0.039106