28 0.511501 0.458416 0.035109 0.100990
0 0.192494 0.208911 0.060533 0.124752
0 0.297215 0.210891 0.056901 0.124752
29 0.170097 0.968317 0.049637 0.047525
4 0.371671 0.583168 0.060533 0.120792
29 0.510896 0.967327 0.053269 0.049505
0 0.828087 0.208911 0.060533 0.124752
29 0.851090 0.969307 0.050847 0.049505
37 0.274213 0.583168 0.023002 0.037624
37 0.273608 0.707921 0.024213 0.037624
12 0.851090 0.579208 0.084746 0.136634
37 0.511501 0.044554 0.023002 0.045545
12 0.510291 0.829703 0.085956 0.142574
4 0.648305 0.586139 0.056901 0.122772
0 0.421308 0.208911 0.058111 0.120792
0 0.599879 0.208911 0.059322 0.120792
12 0.170097 0.578218 0.085956 0.138614
36 0.510291 0.701980 0.023002 0.025743
0 0.722760 0.211881 0.058111 0.122772