28 0.224582 0.264356 0.021879 0.053465
38 0.453024 0.613861 0.030888 0.071287
0 0.561776 0.265347 0.042471 0.071287
38 0.318533 0.764356 0.029601 0.071287
4 0.370656 0.472277 0.043758 0.073267
30 0.619048 0.061386 0.023166 0.023762
30 0.828185 0.061386 0.024453 0.023762
30 0.252896 0.061386 0.027027 0.023762
38 0.837838 0.116832 0.030888 0.063366
28 0.402831 0.265347 0.023166 0.051485
37 0.562420 0.473267 0.015444 0.023762
0 0.676319 0.265347 0.042471 0.071287
37 0.562420 0.561386 0.015444 0.021782
38 0.184041 0.613861 0.030888 0.071287
29 0.407979 0.967327 0.025740 0.045545
4 0.254183 0.473267 0.042471 0.071287
30 0.370013 0.062376 0.029601 0.025743
38 0.375804 0.142574 0.028314 0.071287
29 0.310811 0.968317 0.024453 0.043564
29 0.178250 0.266337 0.027027 0.041584
37 0.063707 0.472277 0.014157 0.021782
37 0.523166 0.265347 0.014157 0.019802
28 0.407336 0.885149 0.032175 0.031683
38 0.318533 0.882178 0.027027 0.069307
0 0.772201 0.266337 0.038610 0.069307
37 0.524453 0.178218 0.014157 0.023762
4 0.523166 0.472277 0.042471 0.069307
0 0.888031 0.265347 0.041184 0.071287
37 0.063063 0.561386 0.015444 0.021782
4 0.101030 0.472277 0.042471 0.069307
37 0.927284 0.177228 0.014157 0.021782
38 0.261261 0.144554 0.030888 0.071287
37 0.927284 0.266337 0.014157 0.021782
38 0.626770 0.116832 0.030888 0.063366