4 0.598485 0.333784 0.050505 0.056757
37 0.575758 0.455405 0.017677 0.018919
32 0.666667 0.213514 0.035354 0.045946
4 0.349116 0.333784 0.051768 0.059459
37 0.555556 0.407432 0.017677 0.017568
4 0.621212 0.456081 0.053030 0.060811
30 0.665404 0.045946 0.027778 0.021622
37 0.077652 0.456081 0.018939 0.020270
29 0.892045 0.522297 0.034091 0.036486
37 0.058081 0.407432 0.020202 0.020270
37 0.306187 0.406757 0.018939 0.018919
4 0.688763 0.334459 0.049242 0.060811
4 0.869318 0.455405 0.051768 0.059459
4 0.124369 0.455405 0.054293 0.062162
37 0.394571 0.840541 0.008838 0.010811
29 0.643308 0.522297 0.034091 0.036486
31 0.667298 0.121622 0.046717 0.072973
4 0.936869 0.333784 0.050505 0.059459
4 0.847854 0.333108 0.051768 0.058108
4 0.101010 0.333784 0.053030 0.059459
37 0.804293 0.407432 0.017677 0.017568
32 0.372475 0.213514 0.035354 0.045946
37 0.802399 0.335811 0.018939 0.020270
37 0.304924 0.335811 0.018939 0.020270
29 0.394571 0.522297 0.034091 0.036486
31 0.373106 0.120946 0.046717 0.074324
37 0.553662 0.335811 0.018939 0.020270
37 0.056187 0.335811 0.018939 0.020270
37 0.823864 0.455405 0.018939 0.018919
37 0.326389 0.456081 0.018939 0.020270
4 0.190025 0.337162 0.051768 0.063514
30 0.373106 0.046622 0.031566 0.017568
4 0.372475 0.455405 0.053030 0.062162
4 0.440025 0.335811 0.049242 0.060811
29 0.145833 0.522973 0.034091 0.037838