29 0.194030 0.476103 0.055437 0.051471
0 0.617271 0.121324 0.087420 0.080882
4 0.842217 0.877757 0.085288 0.079044
4 0.385928 0.384191 0.085288 0.080882
37 0.235608 0.614890 0.027719 0.023897
2 0.310235 0.614890 0.083156 0.075368
0 0.618337 0.613971 0.085288 0.077206
29 0.807036 0.476103 0.053305 0.047794
4 0.157783 0.385110 0.089552 0.082721
29 0.347548 0.477022 0.051173 0.049632
4 0.158849 0.876838 0.087420 0.080882
29 0.653518 0.475184 0.053305 0.049632
4 0.385928 0.877757 0.085288 0.079044
2 0.311301 0.122243 0.085288 0.079044
29 0.805970 0.968750 0.055437 0.047794
29 0.346482 0.968750 0.053305 0.047794
29 0.194030 0.969669 0.055437 0.049632
29 0.653518 0.969669 0.053305 0.049632
4 0.616205 0.877757 0.085288 0.079044
4 0.844350 0.384191 0.085288 0.080882
4 0.616205 0.384191 0.085288 0.080882
37 0.233475 0.120404 0.027719 0.023897
30 0.653019 0.055040 0.046904 0.029406
30 0.343874 0.057410 0.046903 0.029409
30 0.653843 0.550212 0.046916 0.029416
30 0.346659 0.551795 0.046904 0.029409