30 0.593905 0.100683 0.036070 0.044369
29 0.858831 0.931741 0.033582 0.095563
4 0.570896 0.766212 0.049751 0.153584
37 0.927239 0.764505 0.018657 0.047782
37 0.235697 0.766212 0.016169 0.051195
37 0.347637 0.215017 0.016169 0.047782
37 0.771144 0.766212 0.017413 0.051195
2 0.391791 0.220137 0.049751 0.146758
30 0.411070 0.100683 0.038557 0.044369
4 0.883085 0.764505 0.052239 0.143345
4 0.303483 0.766212 0.049751 0.146758
0 0.391791 0.460751 0.049751 0.143345
4 0.702736 0.767918 0.049751 0.143345
4 0.125000 0.766212 0.053483 0.146758
29 0.681592 0.933447 0.032338 0.092150
4 0.436567 0.764505 0.049751 0.150171
29 0.592662 0.935154 0.031095 0.088737
0 0.571517 0.218430 0.048507 0.150171
29 0.414179 0.935154 0.029851 0.088737
29 0.325249 0.933447 0.031095 0.092150
37 0.080846 0.764505 0.017413 0.047782
29 0.146144 0.933447 0.033582 0.092150
0 0.615050 0.460751 0.053483 0.143345