28 0.618421 0.498324 0.075439 0.022346
28 0.224561 0.526257 0.077193 0.022346
28 0.919298 0.236872 0.077193 0.022346
28 0.791228 0.132961 0.031579 0.046927
37 0.124561 0.287151 0.024561 0.015642
37 0.447368 0.648603 0.021053 0.012291
28 0.811404 0.769832 0.029825 0.046927
28 0.920175 0.526257 0.075439 0.022346
28 0.426316 0.525698 0.077193 0.021229
28 0.718421 0.237430 0.078947 0.023464
28 0.770175 0.648045 0.031579 0.046927
28 0.276316 0.068156 0.033333 0.046927
28 0.317544 0.190503 0.031579 0.045810
28 0.791228 0.712849 0.031579 0.046927
37 0.104386 0.069274 0.022807 0.013408
37 0.104386 0.649162 0.022807 0.013408
28 0.276316 0.648045 0.033333 0.046927
28 0.812281 0.478771 0.031579 0.045810
28 0.427193 0.816760 0.078947 0.022346
28 0.770175 0.068715 0.031579 0.048045
28 0.298246 0.132961 0.031579 0.046927
37 0.618421 0.866480 0.022807 0.014525
28 0.298246 0.421788 0.031579 0.048045
37 0.447368 0.356983 0.021053 0.012291
37 0.123684 0.866480 0.022807 0.014525
28 0.317544 0.769832 0.031579 0.046927
28 0.124561 0.209497 0.077193 0.023464
28 0.919298 0.816201 0.077193 0.023464
28 0.718421 0.526257 0.075439 0.022346
37 0.941228 0.648603 0.019298 0.012291
37 0.598246 0.357542 0.024561 0.013408
37 0.124561 0.575978 0.024561 0.014525
28 0.426316 0.236872 0.077193 0.022346
28 0.618421 0.209497 0.075439 0.023464
28 0.124561 0.498324 0.077193 0.022346
28 0.317544 0.479330 0.031579 0.046927
28 0.224561 0.237430 0.077193 0.023464
37 0.617544 0.575978 0.024561 0.014525
37 0.617544 0.287709 0.024561 0.014525
28 0.276316 0.357542 0.033333 0.046927
28 0.224561 0.816760 0.077193 0.024581
28 0.123684 0.788827 0.075439 0.022346
37 0.598246 0.649162 0.024561 0.013408
28 0.770175 0.357542 0.031579 0.046927
37 0.597368 0.069274 0.022807 0.013408
28 0.617544 0.788827 0.077193 0.022346
37 0.941228 0.069274 0.019298 0.013408
37 0.941228 0.357542 0.019298 0.013408
28 0.790351 0.422346 0.033333 0.046927
37 0.448246 0.068715 0.019298 0.012291
28 0.811404 0.190503 0.033333 0.045810
28 0.718421 0.816201 0.078947 0.023464
28 0.297368 0.712849 0.033333 0.046927
37 0.104386 0.357542 0.022807 0.013408