29 0.151927 0.950904 0.090703 0.046512
36 0.582766 0.342377 0.022676 0.038760
37 0.764172 0.564599 0.049887 0.049096
37 0.038549 0.121447 0.022676 0.025840
12 0.099773 0.563307 0.108844 0.124031
37 0.975057 0.453488 0.049887 0.043928
0 0.131519 0.229974 0.081633 0.129199
4 0.678005 0.789406 0.077098 0.131783
7 0.495465 0.562016 0.083900 0.131783
4 0.311791 0.786822 0.083900 0.131783
0 0.314059 0.342377 0.083900 0.131783
4 0.857143 0.786822 0.081633 0.136951
37 0.408163 0.565891 0.049887 0.046512
0 0.554422 0.228682 0.079365 0.131783
4 0.494331 0.788114 0.081633 0.129199
0 0.857143 0.341085 0.081633 0.134367
36 0.276644 0.231266 0.022676 0.038760
37 0.950150 0.116860 0.022660 0.025839
7 0.676562 0.560326 0.083917 0.131788
37 0.039392 0.898491 0.022669 0.025857
37 0.945410 0.895263 0.022679 0.025851