37 0.653477 0.263566 0.055156 0.051680
4 0.773381 0.748062 0.093525 0.147287
37 0.154676 0.751938 0.055156 0.051680
29 0.569544 0.932817 0.103118 0.051680
37 0.407674 0.382429 0.057554 0.046512
0 0.278177 0.259690 0.095923 0.142119
37 0.904077 0.627907 0.052758 0.046512
37 0.157074 0.262274 0.055156 0.049096
0 0.775779 0.259690 0.098321 0.147287
37 0.646283 0.750646 0.055156 0.049096
4 0.279376 0.751938 0.093525 0.144703
37 0.991033 0.874268 0.017935 0.034960
37 0.075759 0.871470 0.024454 0.034971
37 0.077278 0.137626 0.024475 0.034949
37 0.982978 0.142247 0.024452 0.034937