32 0.103945 0.586287 0.037936 0.081664
4 0.865706 0.834361 0.071320 0.100154
4 0.676783 0.835901 0.069803 0.100154
36 0.365706 0.292758 0.021244 0.033898
37 0.647951 0.093991 0.036419 0.046225
37 0.319423 0.647920 0.040971 0.032357
4 0.187405 0.496918 0.071320 0.103236
32 0.370258 0.406780 0.036419 0.077042
32 0.647193 0.496918 0.034901 0.078582
29 0.166161 0.968413 0.077390 0.038521
7 0.452959 0.496148 0.071320 0.101695
28 0.103945 0.428351 0.080425 0.040062
28 0.368741 0.563945 0.078907 0.036980
32 0.647193 0.203390 0.034901 0.077042
37 0.053869 0.360555 0.040971 0.033898
37 0.943923 0.019993 0.015466 0.020847
37 0.051358 0.022702 0.015476 0.020839
37 0.048107 0.927690 0.015475 0.020839
37 0.945165 0.924950 0.015479 0.020831