0 0.636232 0.186757 0.024928 0.105263
37 0.045217 0.332767 0.013913 0.033956
4 0.930725 0.708829 0.023768 0.100170
4 0.873333 0.709677 0.024928 0.098472
36 0.433913 0.187606 0.008696 0.035654
4 0.091304 0.453311 0.023768 0.101868
37 0.820290 0.529711 0.015072 0.037351
0 0.792754 0.185908 0.024928 0.103565
28 0.145507 0.521222 0.027826 0.040747
4 0.306087 0.712224 0.024348 0.100170
0 0.174493 0.452462 0.024348 0.096774
0 0.471884 0.350594 0.025507 0.100170
0 0.520580 0.533107 0.024348 0.098472
0 0.577971 0.187606 0.024348 0.103565
37 0.413043 0.532258 0.015652 0.035654
32 0.062319 0.530560 0.012174 0.079796
32 0.231884 0.235993 0.012754 0.081494
37 0.127536 0.577250 0.016232 0.037351
0 0.931304 0.185059 0.026087 0.108659
28 0.062609 0.394737 0.027826 0.035654
4 0.735652 0.709677 0.024348 0.098472
4 0.520870 0.707980 0.023768 0.098472
4 0.577971 0.708829 0.024348 0.100170
32 0.145217 0.382852 0.012174 0.079796
0 0.440870 0.533107 0.024928 0.098472
32 0.646087 0.431239 0.012174 0.078098
36 0.143768 0.305603 0.009275 0.037351
0 0.325217 0.351443 0.024348 0.101868
36 0.586957 0.532258 0.008696 0.035654
32 0.231304 0.452462 0.012754 0.076401
4 0.241159 0.707980 0.024348 0.101868
4 0.792464 0.708829 0.024348 0.100170
36 0.479130 0.187606 0.008696 0.035654
4 0.383478 0.709677 0.023768 0.101868
0 0.383188 0.185908 0.024348 0.103565
0 0.873623 0.185059 0.025507 0.105263
32 0.645797 0.658744 0.012754 0.078098
37 0.957971 0.332767 0.014493 0.033956
37 0.663478 0.332767 0.015652 0.037351
36 0.372174 0.350594 0.009275 0.039049
4 0.440870 0.708829 0.024928 0.100170
0 0.735942 0.185059 0.024928 0.105263
37 0.959268 0.101514 0.014493 0.033962
37 0.960211 0.801330 0.014494 0.033946
37 0.028106 0.804371 0.014489 0.033964
37 0.231405 0.161511 0.011046 0.042367
36 0.843500 0.800435 0.008693 0.035665
36 0.705700 0.105270 0.008696 0.035661
36 0.843574 0.104804 0.008692 0.035655
36 0.434371 0.105305 0.008696 0.035664
36 0.704217 0.802742 0.008698 0.035655
36 0.548351 0.804288 0.008692 0.035654