32 0.634633 0.775076 0.038069 0.212766
37 0.955896 0.799392 0.015785 0.054711
29 0.955432 0.942249 0.040854 0.079027
38 0.347812 0.463526 0.045498 0.185410
30 0.266017 0.054711 0.025070 0.042553
29 0.028319 0.424012 0.038069 0.075988
37 0.956825 0.402736 0.017642 0.057751
38 0.117040 0.463526 0.040950 0.185410
29 0.764160 0.943769 0.038997 0.075988
32 0.360260 0.772036 0.037140 0.218845
32 0.127669 0.768997 0.038069 0.218845
23 0.839369 0.677812 0.126277 0.413374
32 0.837976 0.404255 0.065924 0.121581
11 0.028319 0.186930 0.047354 0.124620
32 0.243733 0.773556 0.036212 0.215805
38 0.233519 0.462006 0.041783 0.182371
30 0.381151 0.056231 0.026927 0.045593
38 0.623152 0.460232 0.046429 0.194551
36 0.152433 0.301072 0.017805 0.051669
36 0.267839 0.308511 0.017797 0.051672
37 0.149650 0.400289 0.017640 0.057722
36 0.382818 0.305542 0.017788 0.051672
37 0.264613 0.401775 0.017640 0.057752
37 0.657745 0.399643 0.017642 0.057761
37 0.380940 0.400293 0.017638 0.057753