4 0.743976 0.542722 0.114458 0.123418
30 0.692771 0.151899 0.066265 0.025316
29 0.301205 0.655063 0.060241 0.056962
29 0.694277 0.653481 0.057229 0.060127
30 0.302711 0.156646 0.069277 0.034810
0 0.254518 0.300633 0.111446 0.120253
32 0.192771 0.425633 0.102410 0.085443
4 0.251506 0.544304 0.111446 0.120253
28 0.510542 0.840190 0.057229 0.098101
32 0.802711 0.422468 0.099398 0.085443
0 0.742470 0.300633 0.111446 0.120253
12 0.513554 0.718354 0.111446 0.113924
28 0.498494 0.424051 0.057229 0.101266