4 0.548963 0.525386 0.058756 0.119205
0 0.224078 0.260486 0.058756 0.114790
32 0.191820 0.377483 0.051843 0.079470
4 0.441244 0.491170 0.057604 0.116998
0 0.875576 0.259382 0.057604 0.116998
29 0.467166 0.596026 0.031106 0.057395
29 0.633065 0.593819 0.031106 0.057395
0 0.441244 0.259382 0.057604 0.116998
37 0.548387 0.654525 0.016129 0.033113
30 0.248272 0.124724 0.038018 0.041943
12 0.135369 0.749448 0.056452 0.108168
30 0.851959 0.123620 0.040323 0.039735
32 0.908410 0.378587 0.051843 0.077263
4 0.658410 0.492274 0.058756 0.119205
30 0.635985 0.120521 0.042632 0.026492
28 0.551843 0.833333 0.029954 0.094923
4 0.877304 0.492274 0.056452 0.114790
28 0.073733 0.748344 0.048387 0.057395
0 0.657834 0.259382 0.057604 0.116998
4 0.222926 0.491170 0.058756 0.116998
29 0.850806 0.592715 0.031106 0.055188
29 0.248848 0.591611 0.032258 0.057395
30 0.468174 0.119388 0.042637 0.026485