37 0.081148 0.197856 0.011475 0.013645
4 0.380328 0.456140 0.088525 0.101365
37 0.907377 0.687135 0.014754 0.017544
4 0.658197 0.453216 0.090164 0.099415
37 0.659836 0.364522 0.011475 0.011696
28 0.188525 0.393762 0.104918 0.058480
29 0.518852 0.947368 0.100000 0.046784
4 0.380328 0.260234 0.091803 0.099415
37 0.412295 0.786550 0.011475 0.013645
29 0.188525 0.752437 0.095082 0.050682
4 0.154098 0.592593 0.085246 0.113060
4 0.152459 0.198830 0.081967 0.109162
30 0.187705 0.059454 0.086885 0.033138
4 0.712295 0.651072 0.090164 0.105263
4 0.486066 0.785575 0.083607 0.113060
37 0.081148 0.595517 0.011475 0.013645
28 0.520492 0.587719 0.103279 0.056530
4 0.712295 0.635478 0.090164 0.074074
37 0.379727 0.366556 0.014751 0.017551
37 0.379727 0.170148 0.014755 0.017531
37 0.711579 0.562954 0.014750 0.017554