32 0.842493 0.365132 0.013598 0.092105
6 0.532578 0.613487 0.022663 0.075658
0 0.387535 0.115132 0.022663 0.075658
0 0.749858 0.115132 0.022096 0.075658
0 0.449008 0.250000 0.022096 0.075658
4 0.532011 0.831414 0.022663 0.074013
4 0.679603 0.467928 0.025496 0.057566
4 0.406799 0.612664 0.021530 0.074013
0 0.303683 0.112664 0.021530 0.077303
37 0.045326 0.899671 0.018130 0.042763
0 0.102833 0.115132 0.023229 0.075658
18 0.904533 0.826480 0.020963 0.077303
0 0.152975 0.115132 0.021530 0.075658
2 0.532578 0.250822 0.022663 0.077303
4 0.749292 0.830592 0.022096 0.075658
32 0.093484 0.771382 0.014731 0.095395
32 0.912465 0.568257 0.013031 0.093750
32 0.912465 0.365132 0.013031 0.092105
0 0.532295 0.115132 0.022096 0.075658
18 0.834844 0.828947 0.020963 0.072368
28 0.731728 0.500000 0.011898 0.072368
4 0.103116 0.574013 0.021530 0.078947
0 0.220397 0.115132 0.022663 0.075658
4 0.749292 0.613487 0.022096 0.075658
4 0.153541 0.575658 0.022663 0.078947
4 0.596884 0.830592 0.022096 0.075658
37 0.045609 0.047697 0.018697 0.042763
0 0.596884 0.114309 0.022096 0.077303
0 0.832861 0.114309 0.022663 0.077303
2 0.596601 0.250822 0.022663 0.077303
0 0.365439 0.299342 0.022663 0.075658
37 0.967705 0.215461 0.011331 0.032895
4 0.239660 0.831414 0.022663 0.077303
0 0.903116 0.113487 0.021530 0.078947
0 0.261756 0.297697 0.021530 0.075658
4 0.429462 0.830592 0.022663 0.075658
0 0.749575 0.248355 0.021530 0.075658
6 0.596884 0.613487 0.022096 0.075658
30 0.230416 0.048350 0.015864 0.023025
30 0.843794 0.047584 0.015864 0.023025
30 0.313268 0.046318 0.015862 0.023026
30 0.397521 0.047589 0.015861 0.023030
30 0.439865 0.046319 0.015863 0.023029
30 0.524117 0.048234 0.015864 0.023035
30 0.163200 0.046951 0.015864 0.023023
30 0.094083 0.046952 0.015863 0.023032
30 0.607493 0.046949 0.015867 0.023037
30 0.680331 0.046328 0.015860 0.023019
30 0.759539 0.047591 0.015862 0.023023