4 0.102810 0.753593 0.039591 0.086242
0 0.644955 0.316222 0.040868 0.086242
4 0.196041 0.454825 0.039591 0.088296
37 0.058748 0.069815 0.010217 0.016427
12 0.706258 0.752567 0.048531 0.075975
12 0.792465 0.208419 0.047254 0.075975
12 0.089400 0.306982 0.045977 0.075975
32 0.892720 0.752567 0.028097 0.047228
0 0.876756 0.316222 0.039591 0.090349
4 0.351779 0.752701 0.040875 0.086244
28 0.802043 0.752567 0.051086 0.030801
23 0.465517 0.257700 0.103448 0.158111
4 0.613027 0.628337 0.040868 0.090349
6 0.197318 0.755647 0.039591 0.086242
29 0.151341 0.889117 0.037037 0.032854
32 0.800128 0.655031 0.026820 0.049281
4 0.382503 0.454825 0.039591 0.088296
23 0.290549 0.434292 0.100894 0.166324
37 0.152891 0.457595 0.010211 0.016426
37 0.920903 0.457095 0.010214 0.016443
37 0.918870 0.067648 0.010227 0.016433
37 0.059909 0.854754 0.010217 0.016434
37 0.936265 0.852948 0.010219 0.016409