0 0.042273 0.381637 0.020790 0.095133
4 0.404019 0.390487 0.020790 0.090708
0 0.241164 0.227876 0.023562 0.097345
4 0.752945 0.707965 0.021483 0.092920
0 0.814622 0.518805 0.021483 0.090708
4 0.515246 0.709071 0.021483 0.095133
4 0.813929 0.706858 0.020097 0.090708
0 0.155925 0.538717 0.022176 0.095133
4 0.411642 0.570796 0.020790 0.088496
0 0.855856 0.224558 0.022176 0.095133
0 0.171171 0.225664 0.022176 0.097345
12 0.262994 0.530973 0.025641 0.079646
4 0.200624 0.705752 0.021483 0.092920
0 0.752945 0.517699 0.021483 0.088496
4 0.309425 0.570796 0.021483 0.092920
0 0.042273 0.226770 0.020790 0.095133
29 0.325710 0.844027 0.019404 0.037611
4 0.254331 0.703540 0.022176 0.092920
0 0.360360 0.230088 0.026334 0.097345
12 0.451490 0.574115 0.025641 0.081858
4 0.589744 0.477876 0.020790 0.092920
12 0.801109 0.314159 0.024948 0.075221
37 0.112613 0.540929 0.007623 0.019912
4 0.916147 0.599558 0.022176 0.092920
0 0.515939 0.228982 0.021483 0.095133
0 0.404712 0.228982 0.022176 0.095133
0 0.931046 0.226770 0.021483 0.095133
0 0.649342 0.228982 0.022176 0.095133
4 0.854816 0.707965 0.021483 0.092920
0 0.465003 0.227876 0.023562 0.097345
4 0.362093 0.709071 0.021483 0.090708
12 0.773042 0.313053 0.025641 0.077434
0 0.105336 0.381637 0.020790 0.095133
0 0.105336 0.227876 0.022176 0.097345
12 0.112959 0.717920 0.024948 0.077434
4 0.466043 0.391593 0.018711 0.092920
4 0.713098 0.707965 0.020790 0.092920
4 0.171518 0.705752 0.021483 0.088496
29 0.435551 0.679204 0.020097 0.035398
0 0.604297 0.227876 0.022176 0.092920
0 0.712058 0.224558 0.024255 0.095133
12 0.034304 0.722345 0.025641 0.077434
37 0.023863 0.807956 0.005541 0.017711
37 0.024488 0.127411 0.005540 0.017701
37 0.465569 0.643662 0.005545 0.017704
37 0.410232 0.643656 0.005538 0.017701
37 0.983208 0.810320 0.005545 0.017693
37 0.974995 0.236401 0.005544 0.017700
37 0.990155 0.125461 0.005546 0.017702