32 0.884667 0.281633 0.078667 0.114286
32 0.710000 0.083673 0.076000 0.110204
32 0.694000 0.793878 0.036000 0.240816
12 0.380667 0.275510 0.094667 0.159184
32 0.196667 0.275510 0.078667 0.118367
32 0.806000 0.595918 0.036000 0.244898
8 0.945333 0.575510 0.045333 0.138776
8 0.050667 0.608163 0.045333 0.138776
32 0.294000 0.585714 0.036000 0.240816
12 0.711333 0.279592 0.094667 0.167347
32 0.580000 0.453061 0.034667 0.236735
32 0.120667 0.463265 0.036000 0.240816
8 0.120667 0.757143 0.046667 0.142857
12 0.581090 0.758882 0.051852 0.284088
12 0.468339 0.590032 0.051876 0.284116