29 0.485820 0.975921 0.032059 0.031161
28 0.645499 0.427762 0.072750 0.067989
3 0.182491 0.094901 0.049322 0.076487
37 0.040074 0.073654 0.011097 0.028329
28 0.128237 0.553824 0.073983 0.065156
32 0.485820 0.597734 0.041924 0.215297
32 0.762022 0.266289 0.044390 0.215297
32 0.486436 0.263456 0.043157 0.215297
37 0.954994 0.075071 0.011097 0.025496
35 0.892109 0.451841 0.053021 0.223796
28 0.761406 0.620397 0.075216 0.067989
23 0.273736 0.516997 0.115906 0.286119
37 0.036436 0.879737 0.011096 0.025510
37 0.955903 0.879738 0.011095 0.025485