29 0.525966 0.975389 0.030193 0.033679
28 0.152778 0.724093 0.068841 0.054404
8 0.362923 0.343264 0.054348 0.116580
37 0.958937 0.159326 0.009662 0.023316
32 0.527174 0.329016 0.042271 0.191710
32 0.442029 0.160622 0.089372 0.098446
32 0.234903 0.562176 0.090580 0.093264
8 0.326087 0.698187 0.055556 0.116580
37 0.067633 0.560881 0.009662 0.023316
35 0.896739 0.500000 0.051932 0.202073
32 0.527174 0.633420 0.042271 0.199482
28 0.658213 0.476684 0.072464 0.062176
32 0.770531 0.332902 0.043478 0.194301
37 0.957729 0.884715 0.012077 0.023316
28 0.771135 0.651554 0.071256 0.059585
37 0.419598 0.483043 0.009661 0.023335
37 0.067229 0.884646 0.009658 0.023319