12 0.822777 0.666667 0.049939 0.113475
35 0.672960 0.312943 0.035323 0.093972
28 0.411693 0.450355 0.060901 0.049645
28 0.524361 0.504433 0.035323 0.090426
35 0.337393 0.531028 0.034105 0.090426
37 0.096224 0.286348 0.046285 0.069149
29 0.488429 0.957447 0.085262 0.049645
28 0.523752 0.175532 0.034105 0.092199
37 0.880633 0.505319 0.046285 0.070922
35 0.599269 0.096631 0.048721 0.069149
28 0.711328 0.723404 0.063337 0.049645
37 0.150426 0.667553 0.025579 0.037234
35 0.599269 0.586879 0.031669 0.092199
37 0.225944 0.668440 0.025579 0.035461
35 0.598660 0.803191 0.032887 0.092199
0 0.574909 0.342199 0.068210 0.148936
35 0.711328 0.585993 0.031669 0.093972
23 0.242996 0.342199 0.125457 0.234043