35 0.446321 0.695602 0.031363 0.122685
35 0.912545 0.695602 0.032569 0.122685
12 0.050060 0.587963 0.049457 0.148148
28 0.229795 0.592593 0.059107 0.064815
28 0.910736 0.454861 0.060314 0.062500
29 0.516888 0.957176 0.083233 0.062500
12 0.697226 0.590278 0.050663 0.148148
35 0.840169 0.627315 0.032569 0.120370
28 0.625452 0.245370 0.032569 0.115741
28 0.517491 0.592593 0.060314 0.064815
28 0.553076 0.106481 0.032569 0.115741
35 0.123040 0.627315 0.031363 0.120370
12 0.375305 0.592593 0.049456 0.148148