35 0.751831 0.220874 0.061839 0.063107
28 0.913344 0.434466 0.059398 0.069579
28 0.231082 0.577670 0.058584 0.064725
28 0.518308 0.576052 0.060212 0.064725
35 0.840928 0.612460 0.031733 0.124595
29 0.519121 0.956311 0.079740 0.064725
28 0.554923 0.074434 0.030919 0.119741
35 0.447111 0.683657 0.031733 0.124595
12 0.698535 0.573625 0.049634 0.150485
35 0.124085 0.611650 0.030106 0.126214
28 0.626932 0.218447 0.031733 0.119741
12 0.051668 0.574434 0.049634 0.152104
12 0.373103 0.579389 0.049631 0.152100