8 0.105327 0.850590 0.033898 0.039318
31 0.524818 0.819135 0.035109 0.073394
29 0.311743 0.528834 0.030266 0.022280
8 0.412833 0.839450 0.033898 0.040629
30 0.521186 0.087156 0.056901 0.017038
29 0.668886 0.511140 0.032688 0.023591
28 0.668886 0.384666 0.037530 0.019659
29 0.576877 0.718873 0.032688 0.022280
28 0.311138 0.447575 0.041162 0.019659
31 0.527240 0.188729 0.035109 0.076016
32 0.879540 0.355177 0.027845 0.065531
32 0.414044 0.747706 0.029056 0.064220
7 0.509080 0.357143 0.056901 0.064220
7 0.509080 0.647444 0.056901 0.065531
8 0.878329 0.441678 0.035109 0.039318
29 0.879540 0.513761 0.030266 0.023591
32 0.105327 0.749017 0.026634 0.064220
29 0.105932 0.950197 0.032688 0.023591
29 0.412833 0.977720 0.033898 0.023591
31 0.300847 0.663827 0.061743 0.038008
28 0.805085 0.272608 0.016949 0.041940
29 0.577482 0.511796 0.031477 0.022280
29 0.524213 0.977064 0.033898 0.024902
28 0.168886 0.665793 0.015738 0.041940