0 0.537500 0.226755 0.053947 0.100569
4 0.619079 0.600569 0.053947 0.100569
0 0.332237 0.226755 0.053947 0.100569
4 0.305921 0.872865 0.051316 0.102467
32 0.897368 0.518975 0.028947 0.074004
30 0.517105 0.072106 0.047368 0.026565
28 0.761842 0.148956 0.031579 0.028463
32 0.653289 0.227704 0.051316 0.041746
37 0.178289 0.874763 0.017105 0.022770
37 0.961842 0.393738 0.023684 0.028463
4 0.112500 0.595825 0.051316 0.102467
12 0.817105 0.740038 0.050000 0.068311
37 0.014474 0.598672 0.015789 0.024668
0 0.876316 0.226755 0.052632 0.100569
30 0.354605 0.072106 0.048684 0.022770
0 0.153947 0.225806 0.055263 0.102467
4 0.359211 0.601518 0.055263 0.102467
37 0.251974 0.602467 0.025000 0.028463
37 0.725000 0.602467 0.023684 0.028463
30 0.759826 0.071875 0.037864 0.026928
37 0.246431 0.974374 0.017101 0.022778