4 0.657310 0.726036 0.035088 0.058290
37 0.534503 0.498057 0.011696 0.014249
4 0.684795 0.394430 0.036257 0.055699
0 0.685965 0.588731 0.033918 0.055699
36 0.895322 0.215674 0.017544 0.014249
36 0.825731 0.167098 0.018713 0.015544
36 0.357895 0.810881 0.016374 0.012953
37 0.031579 0.083549 0.011696 0.014249
0 0.215205 0.549223 0.035088 0.056995
37 0.031579 0.318653 0.014035 0.015544
0 0.657895 0.258420 0.033918 0.058290
4 0.887719 0.912565 0.035088 0.058290
4 0.774269 0.394430 0.035088 0.055699
36 0.357895 0.845855 0.018713 0.012953
4 0.884211 0.651554 0.035088 0.056995
4 0.425146 0.322539 0.033918 0.056995
0 0.138596 0.082254 0.036257 0.058290
37 0.476608 0.318005 0.029240 0.019430
0 0.584211 0.321891 0.036257 0.058290
4 0.289474 0.321244 0.033918 0.054404
37 0.230994 0.907383 0.012865 0.016839
0 0.881871 0.321244 0.035088 0.059585
37 0.268421 0.548575 0.029240 0.019430
0 0.773099 0.588731 0.035088 0.058290
4 0.345614 0.909326 0.033918 0.056995
0 0.879532 0.081606 0.035088 0.062176
4 0.801754 0.726684 0.036257 0.056995
37 0.240351 0.318653 0.029240 0.020725
37 0.235088 0.653497 0.011696 0.014249
4 0.583626 0.649611 0.035088 0.055699
4 0.345614 0.654793 0.036257 0.058290
0 0.138596 0.319948 0.036257 0.059585
0 0.584795 0.083549 0.035088 0.055699
4 0.583626 0.911269 0.035088 0.055699
30 0.570760 0.022668 0.021053 0.014249
37 0.032749 0.549223 0.030409 0.020725
0 0.080117 0.548575 0.033918 0.060881
0 0.800585 0.258420 0.033918 0.060881