28 0.232916 0.605324 0.012528 0.062500
37 0.406036 0.532407 0.010251 0.018519
37 0.060364 0.689815 0.011390 0.027778
37 0.560934 0.831019 0.010251 0.023148
29 0.406036 0.877315 0.019362 0.027778
23 0.402620 0.673611 0.142369 0.287037
38 0.145786 0.597222 0.041002 0.046296
23 0.815490 0.664352 0.141230 0.287037
38 0.597380 0.038194 0.037585 0.043981
28 0.358770 0.327546 0.013667 0.062500
38 0.798975 0.349537 0.042141 0.041667
38 0.555809 0.603009 0.018223 0.081019
29 0.059795 0.836806 0.021640 0.025463
29 0.820046 0.870370 0.020501 0.027778
38 0.146355 0.681713 0.039863 0.048611
38 0.145786 0.759259 0.041002 0.046296
38 0.514237 0.109954 0.021640 0.081019
38 0.481207 0.317130 0.039863 0.041667
28 0.400911 0.042824 0.013667 0.062500
38 0.396925 0.177083 0.042141 0.048611
37 0.059226 0.605324 0.011390 0.025463
38 0.441344 0.385417 0.021640 0.081019
38 0.801822 0.038194 0.038724 0.043981
37 0.284738 0.739583 0.009112 0.020833
28 0.683371 0.598380 0.013667 0.062500
37 0.819824 0.523539 0.010242 0.018519
37 0.965359 0.445617 0.010258 0.018507