31 0.249403 0.876842 0.026253 0.077895
28 0.323389 0.207368 0.019093 0.048421
29 0.152148 0.347368 0.017900 0.033684
28 0.807876 0.163158 0.019093 0.044211
12 0.096659 0.868421 0.042959 0.073684
28 0.365155 0.872632 0.026253 0.035789
31 0.871718 0.264211 0.025060 0.077895
29 0.304893 0.956842 0.017900 0.035789
28 0.930788 0.262105 0.028640 0.035789
29 0.871718 0.347368 0.017900 0.033684
28 0.591885 0.547368 0.028640 0.037895
31 0.532220 0.548421 0.026253 0.077895
29 0.931981 0.348421 0.016706 0.031579
29 0.060859 0.328421 0.016706 0.033684
29 0.250000 0.960000 0.017900 0.033684
31 0.683174 0.264211 0.025060 0.077895
28 0.211814 0.261053 0.025060 0.029474
29 0.456444 0.633684 0.017900 0.033684
29 0.592482 0.632632 0.017900 0.035789
31 0.304893 0.876842 0.025060 0.077895
29 0.684368 0.348421 0.017900 0.031579
29 0.211814 0.347368 0.017900 0.033684
28 0.436158 0.261053 0.029833 0.037895
12 0.061456 0.256842 0.044153 0.075789
29 0.437351 0.347368 0.017900 0.033684
29 0.096062 0.940000 0.017900 0.031579
29 0.364558 0.958947 0.017900 0.031579
28 0.180191 0.872632 0.023866 0.031579
28 0.743437 0.261053 0.023866 0.029474
29 0.744630 0.348421 0.019093 0.031579
31 0.150955 0.264211 0.025060 0.077895
31 0.324582 0.114737 0.047733 0.044211
12 0.458234 0.561053 0.042959 0.073684
29 0.532816 0.632632 0.017900 0.035789
29 0.179594 0.960000 0.017900 0.033684
29 0.592482 0.327368 0.017900 0.035789
12 0.593675 0.257895 0.044153 0.073684