28 0.535078 0.181894 0.043430 0.044850
37 0.724944 0.186047 0.024499 0.033223
0 0.760579 0.373754 0.089087 0.096346
28 0.535078 0.717608 0.041203 0.039867
14 0.336303 0.340532 0.095768 0.079734
37 0.724388 0.453488 0.023385 0.033223
37 0.299555 0.187708 0.024499 0.036545
0 0.760579 0.640365 0.089087 0.098007
37 0.900891 0.845515 0.022272 0.033223
14 0.339087 0.875415 0.096882 0.079734
37 0.299555 0.698505 0.022272 0.034884
0 0.335746 0.617110 0.094655 0.101329
37 0.430401 0.453488 0.021158 0.036545
0 0.765590 0.884551 0.096882 0.098007
0 0.763363 0.103821 0.094655 0.101329
37 0.110802 0.846346 0.030067 0.034884
0 0.337973 0.103821 0.096882 0.098007
0 0.508909 0.455150 0.066815 0.136213
37 0.119154 0.064784 0.022272 0.033223
37 0.300061 0.967217 0.022279 0.033232
37 0.299046 0.431169 0.022276 0.033225