0 0.202358 0.465000 0.082515 0.115000
0 0.831041 0.467500 0.086444 0.115000
4 0.270138 0.793750 0.076621 0.112500
37 0.620825 0.467500 0.019646 0.025000
0 0.478389 0.258750 0.080550 0.112500
0 0.553045 0.466250 0.084479 0.112500
37 0.899804 0.467500 0.019646 0.025000
37 0.412574 0.258750 0.019646 0.027500
30 0.517682 0.115000 0.080550 0.040000
29 0.238703 0.957500 0.084479 0.040000
29 0.516699 0.956250 0.086444 0.037500
4 0.482318 0.793750 0.076621 0.112500
37 0.133595 0.466250 0.019646 0.027500
37 0.655206 0.688750 0.017682 0.022500