0 0.824499 0.258255 0.047114 0.110849
37 0.905183 0.358491 0.012956 0.028302
4 0.742638 0.680425 0.045936 0.110849
29 0.385748 0.834906 0.050648 0.037736
37 0.439340 0.170991 0.014134 0.025943
37 0.077150 0.437500 0.012956 0.025943
4 0.701413 0.469340 0.045936 0.108491
4 0.132509 0.259434 0.048292 0.108491
30 0.722026 0.123821 0.049470 0.035377
30 0.492344 0.123821 0.049470 0.035377
30 0.624264 0.123821 0.051826 0.035377
30 0.153121 0.126179 0.049470 0.040094
0 0.603062 0.580189 0.051826 0.108491
0 0.407538 0.258255 0.047114 0.110849
4 0.172556 0.678066 0.045936 0.110849
37 0.206125 0.767689 0.014134 0.025943
29 0.257951 0.833726 0.049470 0.040094
30 0.386926 0.126179 0.048292 0.035377
0 0.279741 0.259434 0.045936 0.108491
29 0.624264 0.834906 0.049470 0.037736
37 0.783863 0.767689 0.012956 0.025943
29 0.152532 0.834906 0.048292 0.037736
4 0.603651 0.357311 0.045936 0.110849
37 0.908716 0.469340 0.012956 0.028302
29 0.721437 0.834906 0.048292 0.037736
29 0.847468 0.834906 0.053004 0.037736
0 0.131920 0.259434 0.047114 0.108491
29 0.492933 0.834906 0.050648 0.037736
30 0.846879 0.122642 0.049470 0.033019
4 0.237927 0.679245 0.047114 0.108491
30 0.257951 0.125000 0.049470 0.037736
0 0.512956 0.680425 0.050648 0.106132
4 0.867491 0.470519 0.045936 0.110849
0 0.743816 0.258255 0.048292 0.110849
4 0.825677 0.680425 0.044759 0.110849
0 0.366313 0.680425 0.051826 0.106132
37 0.077150 0.500000 0.012956 0.028302
0 0.471731 0.259434 0.045936 0.108491