4 0.345489 0.699099 0.025592 0.079279
0 0.195777 0.301802 0.026871 0.084685
4 0.660909 0.847748 0.025592 0.081081
0 0.913628 0.303604 0.026871 0.084685
30 0.673065 0.052252 0.025592 0.028829
4 0.218170 0.845045 0.025592 0.082883
0 0.429942 0.304505 0.028151 0.082883
30 0.927063 0.052252 0.026871 0.032432
30 0.799424 0.052252 0.026232 0.032432
0 0.575816 0.304505 0.026871 0.082883
0 0.092450 0.302703 0.027511 0.082883
28 0.143314 0.500000 0.015355 0.091892
30 0.334293 0.051351 0.026232 0.027027
30 0.418746 0.050450 0.026232 0.028829
4 0.660589 0.700000 0.026232 0.081081
0 0.322137 0.302703 0.027511 0.082883
2 0.345809 0.154054 0.027511 0.081081
0 0.682981 0.302703 0.026232 0.082883
2 0.575816 0.454054 0.028151 0.082883
4 0.576775 0.848649 0.026232 0.082883
2 0.575176 0.154955 0.028151 0.082883
29 0.333973 0.966667 0.026871 0.034234
0 0.219450 0.154054 0.026871 0.084685
30 0.206654 0.052252 0.026871 0.032432
29 0.798784 0.966667 0.027511 0.037838
0 0.660269 0.454054 0.028151 0.082883
29 0.672105 0.967568 0.027511 0.036036
37 0.503199 0.126126 0.008317 0.021622
29 0.079974 0.965766 0.028151 0.036036
0 0.913308 0.154955 0.024952 0.082883
2 0.659629 0.154955 0.026871 0.082883
29 0.926104 0.966667 0.028791 0.037838
4 0.788548 0.845045 0.026232 0.082883
2 0.429942 0.454054 0.028151 0.082883
4 0.428983 0.847748 0.026232 0.081081
2 0.431222 0.155856 0.028151 0.084685
29 0.206974 0.965766 0.027511 0.036036
30 0.587972 0.052252 0.026871 0.028829
4 0.091171 0.844144 0.026232 0.084685
4 0.576456 0.700901 0.025592 0.082883
4 0.428983 0.700000 0.026232 0.081081
0 0.091811 0.154955 0.026232 0.082883
4 0.344850 0.847748 0.026871 0.081081
29 0.418746 0.966667 0.027511 0.037838
0 0.786308 0.154955 0.026871 0.082883
4 0.914907 0.845045 0.025592 0.082883
28 0.863084 0.500901 0.015355 0.093694
37 0.706094 0.304788 0.007677 0.021615
0 0.809661 0.301802 0.027511 0.084685
0 0.345170 0.454054 0.027511 0.082883
29 0.587332 0.967568 0.028151 0.036036
37 0.960327 0.502912 0.007678 0.021618
37 0.113643 0.153906 0.007679 0.021624
37 0.502751 0.335036 0.007677 0.021625
37 0.298846 0.308030 0.007678 0.021627
37 0.045755 0.502649 0.007675 0.021623
37 0.891948 0.155702 0.007683 0.021622
30 0.079900 0.051437 0.026874 0.032430
37 0.367435 0.851127 0.007678 0.021606
37 0.639192 0.849722 0.007680 0.021632