12 0.531582 0.518325 0.037523 0.108202
12 0.858036 0.518325 0.037523 0.104712
30 0.947467 0.299302 0.030019 0.026178
36 0.391182 0.697208 0.014384 0.068063
29 0.085366 0.970332 0.020638 0.041885
4 0.304253 0.318499 0.029393 0.141361
12 0.254221 0.511344 0.038149 0.108202
36 0.112258 0.691972 0.014384 0.071553
28 0.084740 0.881326 0.029393 0.059337
4 0.805816 0.323735 0.029393 0.141361
29 0.255472 0.623909 0.020638 0.040140
29 0.532208 0.630890 0.021263 0.040140
4 0.202001 0.318499 0.030019 0.141361
36 0.814259 0.130017 0.015009 0.071553
30 0.020325 0.792321 0.021889 0.024433
4 0.479362 0.323735 0.029393 0.141361
4 0.582239 0.322862 0.031270 0.139616
36 0.488743 0.130017 0.014384 0.071553
29 0.858349 0.630017 0.020638 0.041885
38 0.147280 0.401396 0.024390 0.055846
32 0.057536 0.806283 0.031270 0.066318
38 0.420065 0.408426 0.024391 0.055841
38 0.418028 0.306164 0.024392 0.055841
38 0.742206 0.408415 0.024391 0.055853
38 0.746275 0.318931 0.024387 0.055842
4 0.909130 0.326033 0.029393 0.141372
30 0.621591 0.294791 0.030017 0.026174
30 0.341187 0.289100 0.030021 0.026193
38 0.146986 0.312952 0.024391 0.055850
37 0.038612 0.697299 0.010255 0.023669
37 0.952438 0.133425 0.013086 0.037102
37 0.953458 0.054351 0.013086 0.037104
37 0.146085 0.232101 0.010252 0.023656
37 0.423867 0.239003 0.010252 0.023688
37 0.749353 0.234077 0.010242 0.023656