28 0.398810 0.873041 0.055556 0.159875
23 0.689484 0.231975 0.216270 0.319749
29 0.213294 0.608150 0.085317 0.081505
38 0.223214 0.125392 0.109127 0.106583
38 0.472222 0.702194 0.063492 0.156740
23 0.689484 0.800940 0.212302 0.316614
38 0.287698 0.705329 0.067460 0.169279
38 0.285714 0.347962 0.067460 0.169279
37 0.875992 0.233542 0.037698 0.059561
37 0.080357 0.874608 0.037698 0.062696
37 0.876984 0.800940 0.035714 0.059561
37 0.081349 0.161442 0.035714 0.059561
38 0.473214 0.344828 0.065476 0.156740
38 0.217262 0.838558 0.105159 0.103448
28 0.398810 0.159875 0.055556 0.163009