32 0.803413 0.772575 0.024020 0.107023
28 0.606827 0.274247 0.022756 0.127090
37 0.022124 0.575251 0.031606 0.080268
28 0.766751 0.172241 0.021492 0.123746
29 0.803413 0.941472 0.039191 0.056856
28 0.886220 0.772575 0.025284 0.040134
28 0.253477 0.770903 0.024020 0.043478
32 0.472187 0.170569 0.041719 0.060201
32 0.479140 0.775920 0.022756 0.100334
32 0.209861 0.775920 0.022756 0.100334
37 0.948167 0.578595 0.030341 0.086957
29 0.500632 0.943144 0.040455 0.060201
29 0.231985 0.941472 0.039191 0.056856
28 0.522756 0.770903 0.024020 0.043478
25 0.675727 0.576797 0.094817 0.484954
29 0.884956 0.943144 0.040455 0.053512
25 0.129578 0.576638 0.094813 0.484931
25 0.377222 0.588784 0.094813 0.484949