28 0.897945 0.837037 0.026027 0.029630
32 0.212329 0.838272 0.021918 0.076543
25 0.684932 0.692593 0.101370 0.358025
37 0.962329 0.688889 0.031507 0.064198
29 0.234932 0.960494 0.039726 0.039506
28 0.256849 0.834568 0.023288 0.034568
32 0.479452 0.387654 0.043836 0.044444
32 0.586301 0.222222 0.024658 0.079012
28 0.614384 0.470370 0.023288 0.091358
28 0.529452 0.834568 0.026027 0.034568
32 0.485616 0.838272 0.023288 0.076543
32 0.815068 0.834568 0.027397 0.079012
37 0.021918 0.688889 0.032877 0.059259
28 0.776712 0.146914 0.021918 0.091358
29 0.508219 0.960494 0.038356 0.039506
29 0.815068 0.959259 0.041096 0.037037
29 0.897945 0.959259 0.039726 0.041975
28 0.777397 0.390123 0.023288 0.093827
25 0.458904 0.148148 0.090411 0.192593
29 0.586301 0.317284 0.041096 0.041975
25 0.379145 0.689692 0.101377 0.358047
25 0.130111 0.688409 0.101370 0.358009