32 0.810588 0.602881 0.040000 0.131687
32 0.548235 0.101852 0.040000 0.125514
4 0.221176 0.795267 0.058824 0.100823
0 0.672353 0.274691 0.052941 0.100823
0 0.287647 0.275720 0.055294 0.098765
28 0.908235 0.621399 0.056471 0.041152
4 0.490000 0.794239 0.057647 0.098765
0 0.441765 0.274691 0.055294 0.100823
0 0.202941 0.274691 0.055294 0.100823
4 0.047647 0.795267 0.057647 0.100823
0 0.785882 0.274691 0.056471 0.100823
4 0.335294 0.565844 0.056471 0.098765
28 0.608235 0.476337 0.023529 0.104938
4 0.156471 0.563786 0.058824 0.098765
32 0.647647 0.101852 0.041176 0.125514
4 0.622941 0.795267 0.057647 0.100823
32 0.515882 0.477366 0.076471 0.074074
32 0.810588 0.822016 0.040000 0.129630
37 0.384827 0.569944 0.024685 0.037036
37 0.078864 0.566699 0.024685 0.037022
37 0.024228 0.579296 0.024674 0.037034
37 0.894747 0.904643 0.024677 0.037033
37 0.971907 0.392381 0.024684 0.037029
37 0.893898 0.018519 0.024688 0.037037