4 0.648915 0.621652 0.090730 0.100446
0 0.446746 0.150670 0.080868 0.104911
4 0.152860 0.856027 0.088757 0.104911
4 0.860947 0.561384 0.088757 0.100446
4 0.365878 0.622768 0.092702 0.102679
4 0.153846 0.562500 0.090730 0.102679
37 0.290927 0.621652 0.013807 0.015625
37 0.971400 0.973214 0.013807 0.017857
37 0.751479 0.267857 0.015779 0.017857
29 0.822485 0.972098 0.043393 0.015625
37 0.965483 0.707589 0.009862 0.013393
29 0.506903 0.972098 0.047337 0.015625
4 0.470414 0.857143 0.092702 0.102679
4 0.785996 0.858259 0.088757 0.104911
0 0.567061 0.150670 0.072978 0.104911
37 0.706392 0.859485 0.028582 0.025737
37 0.075526 0.560701 0.028568 0.025737
37 0.745675 0.035141 0.028583 0.025736
37 0.390626 0.855736 0.028552 0.025733
37 0.730944 0.620000 0.028582 0.025746
37 0.076168 0.857991 0.028588 0.025719
37 0.940569 0.562184 0.028591 0.025741