14 0.292547 0.508197 0.020540 0.098361
0 0.368251 0.364754 0.032277 0.095628
0 0.057218 0.573770 0.032277 0.095628
32 0.223592 0.217896 0.017606 0.091530
4 0.564847 0.717213 0.027582 0.095628
32 0.682218 0.495219 0.025235 0.031421
0 0.692782 0.221311 0.032277 0.095628
0 0.453052 0.366120 0.030516 0.095628
4 0.276702 0.819672 0.026408 0.092896
0 0.142019 0.397541 0.031690 0.092896
0 0.453932 0.574454 0.032277 0.096995
4 0.937500 0.349727 0.026408 0.092896
4 0.853286 0.349727 0.025822 0.090164
0 0.541960 0.392077 0.031103 0.098361
37 0.254695 0.778005 0.012911 0.034153
37 0.965962 0.479508 0.012911 0.027322
4 0.832160 0.732240 0.025822 0.092896
4 0.693955 0.717896 0.027582 0.094262
0 0.718603 0.388661 0.031103 0.091530
37 0.796362 0.224044 0.012911 0.030055
37 0.485329 0.648907 0.012911 0.030055
4 0.232981 0.817623 0.028169 0.096995
28 0.771714 0.667350 0.016432 0.020492
37 0.414613 0.577186 0.012324 0.028689
37 0.025235 0.649590 0.014085 0.031421
37 0.627054 0.178962 0.013498 0.030055
32 0.288146 0.218579 0.017606 0.092896
30 0.255869 0.111339 0.032864 0.020492
0 0.567782 0.221995 0.031103 0.094262
0 0.829812 0.221995 0.030516 0.088798
0 0.934859 0.607240 0.032864 0.096995
37 0.096244 0.577186 0.012911 0.028689
32 0.771714 0.594945 0.012911 0.058743
14 0.293427 0.650956 0.019953 0.105191
14 0.217430 0.506148 0.019366 0.105191
14 0.216843 0.650273 0.019366 0.106557
0 0.057218 0.397541 0.032277 0.092896
0 0.857101 0.603825 0.032277 0.092896
28 0.650980 0.495791 0.005492 0.033707
29 0.255970 0.957368 0.034503 0.025584