0 0.822823 0.296296 0.069069 0.129630
0 0.182432 0.296296 0.070571 0.129630
4 0.819820 0.493827 0.069069 0.135802
37 0.891892 0.776235 0.045045 0.077160
4 0.298799 0.773148 0.069069 0.132716
4 0.705706 0.396605 0.069069 0.132716
37 0.067568 0.395062 0.042042 0.067901
37 0.601351 0.277778 0.043544 0.080247
4 0.298048 0.396605 0.070571 0.132716
31 0.337838 0.177469 0.027027 0.114198
31 0.667417 0.179012 0.025526 0.117284
4 0.183934 0.493827 0.067568 0.135802
29 0.214715 0.657407 0.051051 0.037037
29 0.329580 0.949074 0.052553 0.058642
30 0.790541 0.146605 0.052553 0.052469
4 0.704955 0.774691 0.067568 0.129630
37 0.402402 0.276235 0.045045 0.070988
37 0.915165 0.395062 0.013514 0.030864
37 0.111862 0.776235 0.043544 0.077160
31 0.801051 0.757716 0.058559 0.058642
31 0.204204 0.757716 0.057057 0.058642
30 0.328829 0.075617 0.051051 0.046296
30 0.213213 0.148148 0.051051 0.049383
30 0.674925 0.074074 0.052553 0.049383
29 0.675676 0.950617 0.051051 0.061728
29 0.791902 0.656747 0.052544 0.052476