29 0.133094 0.678322 0.073381 0.041958
7 0.858273 0.688112 0.047482 0.083916
7 0.566906 0.689510 0.048921 0.086713
37 0.718705 0.030769 0.041727 0.036364
37 0.635971 0.311189 0.040288 0.037762
37 0.800000 0.590909 0.040288 0.034965
12 0.132374 0.569231 0.071942 0.064336
3 0.858273 0.192308 0.050360 0.085315
7 0.444604 0.688112 0.051799 0.083916
29 0.266906 0.679021 0.070504 0.043357
28 0.265468 0.592308 0.076259 0.037762
3 0.564748 0.192308 0.050360 0.085315
29 0.799281 0.372028 0.070504 0.044755
7 0.605755 0.427972 0.051799 0.086713
29 0.745324 0.865035 0.071942 0.040559
7 0.858273 0.545455 0.047482 0.086713
37 0.423712 0.569399 0.015601 0.019917