0 0.212917 0.148281 0.034167 0.081662
0 0.493333 0.308023 0.033333 0.083095
4 0.700000 0.747851 0.035000 0.083095
0 0.630833 0.549427 0.035000 0.081662
0 0.083333 0.277221 0.036667 0.084527
4 0.415000 0.742120 0.035000 0.083095
0 0.934583 0.277221 0.034167 0.084527
32 0.310833 0.437679 0.033333 0.032951
0 0.804583 0.148281 0.034167 0.081662
4 0.317917 0.748567 0.034167 0.081662
4 0.082500 0.838825 0.036667 0.084527
28 0.113333 0.772923 0.015000 0.038682
0 0.782500 0.580946 0.035000 0.081662
4 0.152917 0.694842 0.035833 0.083095
0 0.385000 0.549427 0.035000 0.081662
4 0.600833 0.742837 0.035000 0.078797
32 0.400000 0.888252 0.021667 0.060172
29 0.510000 0.967765 0.021667 0.027221
0 0.235833 0.580946 0.035000 0.081662
37 0.838051 0.694126 0.005832 0.015759
28 0.112917 0.495702 0.014167 0.040115
4 0.865000 0.693410 0.033333 0.083095
36 0.820000 0.434097 0.016667 0.020057
37 0.356250 0.550143 0.005833 0.014327
4 0.805833 0.888968 0.035000 0.081662
28 0.905417 0.773639 0.015833 0.037249
4 0.212083 0.888968 0.035833 0.081662
32 0.450833 0.438395 0.035000 0.034384
28 0.906250 0.494986 0.015833 0.041547
4 0.934583 0.837393 0.035833 0.084527
32 0.567917 0.438395 0.035833 0.034384
32 0.616250 0.888968 0.020833 0.061605
32 0.702083 0.438395 0.034167 0.034384
0 0.494167 0.147564 0.035000 0.083095
37 0.180197 0.695012 0.005835 0.015764
37 0.467981 0.310402 0.005838 0.015758
37 0.467314 0.148276 0.005835 0.015753
37 0.239204 0.148588 0.005828 0.015761
37 0.778304 0.148160 0.005838 0.015751
30 0.508294 0.072898 0.025018 0.020848
36 0.197066 0.435858 0.016665 0.020060
37 0.754878 0.582274 0.005828 0.015754
37 0.657230 0.552023 0.005833 0.015766
37 0.671362 0.749762 0.005830 0.015753
37 0.778564 0.890537 0.005832 0.015767
37 0.347114 0.750593 0.005837 0.015764
37 0.264095 0.583342 0.005837 0.015757