28 0.560320 0.472171 0.074128 0.050093
12 0.218750 0.153061 0.106105 0.135436
12 0.287791 0.866419 0.104651 0.129870
23 0.768895 0.434137 0.148256 0.189239
21 0.173692 0.328386 0.056686 0.044527
36 0.354651 0.269017 0.026163 0.022263
37 0.220930 0.050093 0.029070 0.037106
21 0.401890 0.331169 0.056686 0.046382
4 0.191134 0.664193 0.071221 0.111317
12 0.356105 0.153989 0.107558 0.133581
21 0.175872 0.443414 0.052326 0.044527
37 0.071948 0.388683 0.027616 0.035250
37 0.913517 0.433210 0.027616 0.035250
37 0.088663 0.663265 0.026163 0.038961
29 0.560320 0.554731 0.059593 0.040816
37 0.484012 0.663265 0.026163 0.035250
37 0.356105 0.046382 0.026163 0.037106
4 0.383721 0.664193 0.066860 0.111317
36 0.220203 0.500000 0.027616 0.024119
21 0.610465 0.593692 0.034884 0.074212
21 0.630087 0.274583 0.036337 0.077922
21 0.402616 0.445269 0.058140 0.044527
37 0.287794 0.967660 0.026097 0.034571