36 0.291312 0.350565 0.030664 0.045234
29 0.068995 0.926494 0.032368 0.037157
28 0.098807 0.840065 0.027257 0.025848
29 0.916525 0.712439 0.030664 0.029079
4 0.209540 0.731018 0.037479 0.088853
0 0.498296 0.347334 0.032368 0.067851
29 0.299830 0.810985 0.023850 0.032310
12 0.112436 0.235864 0.047700 0.064620
4 0.309199 0.743134 0.035775 0.074313
12 0.035775 0.819063 0.044293 0.061389
0 0.908007 0.252827 0.034072 0.069467
12 0.505963 0.181745 0.044293 0.059774
0 0.210392 0.443457 0.035775 0.075929
32 0.252981 0.922456 0.042589 0.035541
29 0.505963 0.821486 0.034072 0.037157
4 0.500000 0.743134 0.032368 0.061389
32 0.222317 0.205977 0.032368 0.085622
12 0.300681 0.253635 0.045997 0.058158
12 0.917376 0.555735 0.042589 0.058158
29 0.219761 0.820679 0.027257 0.035541
37 0.148604 0.444825 0.017861 0.015204
36 0.506133 0.486270 0.050433 0.045892
37 0.860812 0.574771 0.023213 0.029158