32 0.234926 0.136278 0.026166 0.095865
0 0.222412 0.400376 0.030717 0.086466
29 0.313424 0.807331 0.021615 0.035714
36 0.523322 0.446429 0.047782 0.050752
0 0.515358 0.734023 0.027304 0.073308
3 0.515358 0.112782 0.025028 0.063910
12 0.121160 0.170113 0.048919 0.073308
29 0.230375 0.817669 0.026166 0.037594
0 0.513652 0.295113 0.026166 0.078947
29 0.522753 0.819549 0.030717 0.041353
4 0.322526 0.732143 0.028441 0.084586
0 0.932309 0.189850 0.028441 0.082707
12 0.042662 0.816729 0.044369 0.069549
37 0.885097 0.545113 0.018203 0.026316
28 0.106940 0.841165 0.025028 0.028195
4 0.218999 0.718985 0.032992 0.095865
36 0.304892 0.296992 0.027304 0.052632
29 0.076792 0.936090 0.030717 0.041353
32 0.264505 0.933271 0.042093 0.039474
12 0.941980 0.525376 0.040956 0.065789
29 0.943117 0.698308 0.029579 0.031955
12 0.314562 0.190789 0.044369 0.065789
37 0.437946 0.109779 0.018200 0.026317
37 0.155944 0.404911 0.018211 0.026318
37 0.005968 0.721683 0.011935 0.026307