0 0.299296 0.154709 0.053991 0.134529
37 0.633803 0.377803 0.018779 0.051570
29 0.324531 0.901345 0.036385 0.031390
0 0.066315 0.155830 0.055164 0.141256
23 0.181925 0.334081 0.112676 0.206278
30 0.325117 0.044843 0.035211 0.026906
35 0.517606 0.572870 0.030516 0.114350
29 0.516432 0.902466 0.035211 0.033632
18 0.492958 0.773543 0.056338 0.152466
29 0.861502 0.900224 0.037559 0.033632
18 0.065728 0.771300 0.058685 0.152466
35 0.805164 0.751121 0.028169 0.112108
4 0.836854 0.484305 0.058685 0.139013
35 0.860915 0.752242 0.029343 0.114350
35 0.325117 0.572870 0.030516 0.114350
29 0.426056 0.901345 0.035211 0.031390
29 0.042254 0.902466 0.035211 0.033632
0 0.884977 0.154709 0.053991 0.134529
30 0.861502 0.044843 0.037559 0.026906
29 0.234155 0.901345 0.036385 0.031390
30 0.517606 0.044843 0.037559 0.026906
36 0.325704 0.256726 0.019953 0.024664
0 0.492371 0.155830 0.055164 0.136771
37 0.971831 0.154709 0.025822 0.035874
23 0.714202 0.483184 0.113850 0.213004
29 0.132629 0.900224 0.037559 0.033632
30 0.041667 0.045964 0.036385 0.029148
18 0.301056 0.772422 0.059859 0.154709
29 0.805164 0.900224 0.035211 0.033632