6 0.841480 0.296296 0.037709 0.091168
4 0.211592 0.689459 0.037709 0.091168
0 0.648045 0.217949 0.036313 0.094017
6 0.324022 0.309117 0.039106 0.094017
0 0.091480 0.324786 0.037709 0.096866
4 0.092179 0.871795 0.036313 0.091168
4 0.419693 0.507123 0.037709 0.091168
4 0.841480 0.794872 0.037709 0.091168
0 0.210196 0.311966 0.037709 0.094017
4 0.738128 0.507123 0.037709 0.091168
4 0.923883 0.688034 0.034916 0.088319
0 0.923184 0.293447 0.036313 0.091168
4 0.676676 0.705128 0.037709 0.088319
4 0.092179 0.538462 0.036313 0.091168
0 0.511173 0.217949 0.036313 0.094017
4 0.647346 0.507123 0.037709 0.091168
4 0.482542 0.706553 0.040503 0.091168
6 0.292598 0.794872 0.037709 0.091168
4 0.511872 0.507123 0.037709 0.091168
30 0.197353 0.101633 0.046082 0.037054
30 0.310194 0.103489 0.046086 0.037038
30 0.497635 0.100732 0.046083 0.037026
30 0.664601 0.100729 0.046100 0.037044
30 0.723290 0.098868 0.046096 0.037050
30 0.855694 0.102580 0.046086 0.037041
37 0.973291 0.505714 0.020950 0.028467
37 0.172118 0.508710 0.020955 0.028505
37 0.569919 0.660166 0.020952 0.028487
30 0.434395 0.102577 0.046081 0.037011
37 0.055901 0.871267 0.020950 0.028507