37 0.979362 0.034826 0.018762 0.016584
7 0.329268 0.654229 0.099437 0.137645
7 0.843340 0.653400 0.095685 0.135987
37 0.462477 0.465174 0.016886 0.014925
37 0.478424 0.751244 0.015009 0.013267
37 0.332083 0.034826 0.018762 0.016584
37 0.127580 0.752073 0.033771 0.031509
37 0.465291 0.035655 0.015009 0.014925
37 0.845216 0.538143 0.016886 0.014925
37 0.639775 0.251244 0.033771 0.031509
37 0.127580 0.251244 0.033771 0.031509
37 0.845216 0.463516 0.013133 0.014925
37 0.990619 0.250415 0.015009 0.013267
37 0.641651 0.752073 0.033771 0.031509
37 0.845216 0.034826 0.020638 0.016584
37 0.936210 0.250415 0.033771 0.029851
37 0.978424 0.465174 0.016886 0.014925
37 0.328864 0.536974 0.016882 0.014913
7 0.840256 0.148163 0.099429 0.137643
3 0.325021 0.853343 0.099429 0.137652
3 0.840567 0.849592 0.099439 0.137639
3 0.837986 0.350886 0.099450 0.137632
3 0.328370 0.352132 0.099432 0.137638
37 0.475601 0.248290 0.016878 0.014924
37 0.977592 0.966678 0.016878 0.014933
37 0.844891 0.966676 0.016877 0.014916
37 0.330551 0.964588 0.016872 0.014931
37 0.463851 0.965631 0.016883 0.014927
37 0.989778 0.752580 0.016891 0.014921
37 0.978605 0.538233 0.016877 0.014916
37 0.466158 0.537603 0.016883 0.014922
37 0.331695 0.464400 0.016878 0.014923
7 0.323857 0.154934 0.099427 0.137659