37 0.921813 0.088141 0.019711 0.048077
29 0.576873 0.793269 0.049934 0.067308
37 0.922470 0.873397 0.021025 0.048077
29 0.035480 0.575321 0.052562 0.073718
3 0.316875 0.699500 0.056502 0.201909
7 0.421058 0.263251 0.056505 0.205134
7 0.318190 0.268069 0.056505 0.205141
7 0.140652 0.266463 0.056499 0.205132
7 0.818060 0.264856 0.056503 0.205154
3 0.143924 0.707479 0.056496 0.201944
3 0.815443 0.704318 0.056500 0.201914
7 0.685719 0.260078 0.056504 0.205128
3 0.645102 0.699514 0.056503 0.201932