32 0.473819 0.655204 0.025543 0.072491
0 0.844828 0.338290 0.052363 0.074349
32 0.067688 0.848513 0.025543 0.076208
18 0.385057 0.852230 0.039591 0.076208
0 0.183908 0.229554 0.048531 0.072491
32 0.370370 0.659851 0.025543 0.070632
0 0.845466 0.454461 0.051086 0.072491
0 0.713921 0.229554 0.051086 0.072491
0 0.530013 0.394052 0.048531 0.070632
30 0.269476 0.104089 0.028097 0.018587
4 0.900383 0.876394 0.048531 0.072491
0 0.184547 0.393123 0.049808 0.072491
2 0.530651 0.232342 0.049808 0.074349
4 0.666028 0.691450 0.049808 0.070632
28 0.551086 0.687732 0.026820 0.026022
4 0.754789 0.804833 0.051086 0.070632
28 0.824393 0.902416 0.026820 0.024164
18 0.150064 0.846654 0.037037 0.076208
28 0.270754 0.167286 0.028097 0.026022
2 0.349298 0.232342 0.049808 0.070632
23 0.271392 0.637546 0.144317 0.193309
2 0.348020 0.394981 0.049808 0.072491
37 0.697318 0.491636 0.033206 0.039033
32 0.067688 0.654275 0.025543 0.074349
37 0.968710 0.877323 0.008940 0.014870
32 0.473180 0.846654 0.024266 0.076208
0 0.844189 0.225836 0.051086 0.072491
30 0.553817 0.103972 0.028099 0.018586
30 0.369969 0.100367 0.028090 0.018586
37 0.333584 0.623558 0.019122 0.017383
30 0.735180 0.101250 0.028089 0.018588