30 0.114618 0.043062 0.029900 0.033493
37 0.590255 0.326555 0.022148 0.050239
0 0.054264 0.186603 0.033223 0.081340
4 0.213732 0.710526 0.033223 0.081340
0 0.212625 0.351675 0.033223 0.081340
30 0.889812 0.299043 0.025471 0.023923
4 0.250277 0.821770 0.033223 0.078947
0 0.373754 0.187799 0.032115 0.083732
0 0.314507 0.521531 0.033223 0.081340
30 0.388151 0.043062 0.027685 0.028708
4 0.465116 0.711722 0.033223 0.083732
37 0.507752 0.190191 0.007752 0.016746
23 0.715947 0.362440 0.091916 0.222488
0 0.875969 0.362440 0.031008 0.078947
4 0.519380 0.821770 0.033223 0.078947
37 0.497785 0.523923 0.021041 0.047847
28 0.847176 0.437799 0.015504 0.052632
37 0.281838 0.523923 0.021041 0.047847
0 0.552602 0.354067 0.031008 0.081340
4 0.313400 0.710526 0.033223 0.081340
0 0.464009 0.521531 0.033223 0.081340
30 0.200997 0.045455 0.027685 0.028708
32 0.894241 0.788278 0.034330 0.102871
4 0.053710 0.885167 0.034330 0.081340
0 0.481728 0.188995 0.033223 0.081340
32 0.040975 0.537081 0.019934 0.088517
29 0.891473 0.933014 0.022148 0.047847
32 0.890919 0.595694 0.018826 0.086124
32 0.802879 0.437799 0.035437 0.043062
37 0.975637 0.437799 0.024363 0.047847
28 0.847176 0.521531 0.015504 0.057416
0 0.126800 0.114833 0.032115 0.081340
4 0.162237 0.885167 0.032115 0.081340
4 0.552602 0.711722 0.033223 0.078947
37 0.185199 0.116470 0.007749 0.016752
37 0.463739 0.823204 0.007748 0.016744
37 0.311303 0.824335 0.007754 0.016737
30 0.467901 0.048001 0.027679 0.028708
37 0.095065 0.886877 0.007751 0.016768