4 0.576208 0.494266 0.063197 0.098624
37 0.754647 0.280963 0.022305 0.029817
37 0.721190 0.678899 0.026022 0.036697
29 0.597584 0.946101 0.053903 0.020642
4 0.577138 0.814220 0.065056 0.100917
4 0.259294 0.493119 0.061338 0.100917
4 0.259294 0.814220 0.061338 0.105505
12 0.370818 0.161697 0.076208 0.094037
37 0.669145 0.944330 0.022305 0.029821
30 0.357395 0.064999 0.068335 0.033530
37 0.541324 0.282854 0.022309 0.029810
29 0.280698 0.944491 0.053893 0.020651
37 0.142441 0.946937 0.022302 0.029808