0 0.471809 0.211773 0.021143 0.041949
29 0.811276 0.479026 0.020360 0.021651
29 0.249804 0.771989 0.020360 0.023004
4 0.911511 0.778755 0.017228 0.039242
4 0.566171 0.434371 0.017228 0.040595
29 0.066954 0.558863 0.021143 0.024357
29 0.106500 0.242896 0.021926 0.023004
4 0.483164 0.434371 0.017228 0.040595
29 0.436570 0.944520 0.019577 0.021651
29 0.501175 0.537889 0.021926 0.023004
4 0.838684 0.778755 0.017228 0.039242
30 0.944792 0.078484 0.019577 0.010825
36 0.477291 0.379567 0.010180 0.012179
0 0.529366 0.123816 0.020360 0.044655
0 0.375881 0.755751 0.018794 0.041949
0 0.926782 0.622463 0.018011 0.040595
0 0.935787 0.123816 0.018794 0.044655
29 0.614330 0.950609 0.019577 0.020298
4 0.643696 0.859946 0.017228 0.039242
0 0.314409 0.134641 0.019577 0.044655
0 0.381363 0.133965 0.020360 0.043302
29 0.197729 0.680650 0.019577 0.024357
4 0.864135 0.394452 0.018011 0.041949
28 0.347298 0.560217 0.014879 0.054127
0 0.205560 0.194858 0.022709 0.054127
4 0.393892 0.265223 0.018794 0.043302
36 0.438919 0.085250 0.010180 0.013532
4 0.864135 0.265900 0.019577 0.041949
0 0.579092 0.210419 0.019577 0.044655
4 0.484338 0.330176 0.018011 0.040595
4 0.314409 0.434371 0.018011 0.040595
2 0.839076 0.123139 0.019577 0.043302
4 0.573218 0.859946 0.017228 0.039242
2 0.853563 0.648173 0.018794 0.043302
30 0.384886 0.656969 0.044636 0.014885
0 0.782302 0.648850 0.018794 0.041949
4 0.772514 0.395805 0.018011 0.041949
4 0.476899 0.853857 0.015662 0.040595
32 0.198904 0.445873 0.026625 0.044655
28 0.239624 0.317321 0.015662 0.055480
32 0.918951 0.700947 0.011746 0.037889
32 0.392717 0.560893 0.022709 0.023004
30 0.765466 0.182679 0.035239 0.016238
4 0.572827 0.757104 0.018011 0.039242
36 0.434221 0.380244 0.008614 0.010825
4 0.390368 0.853857 0.018011 0.040595
4 0.257635 0.685386 0.018794 0.041949
4 0.314409 0.265223 0.018011 0.040595
28 0.137823 0.449256 0.031323 0.027064
32 0.202428 0.611637 0.032106 0.046008
4 0.565779 0.329499 0.018011 0.041949
28 0.105717 0.301083 0.031323 0.025710
29 0.883320 0.873478 0.018794 0.020298
4 0.644479 0.756428 0.017228 0.040595
4 0.772122 0.267253 0.018794 0.041949
12 0.066562 0.460081 0.028191 0.048714
4 0.394283 0.345061 0.018011 0.040595
37 0.038468 0.373299 0.009395 0.017590
32 0.384547 0.699316 0.032105 0.046017
30 0.834745 0.078303 0.017130 0.016242
30 0.200010 0.086572 0.014079 0.016236
30 0.524524 0.086570 0.021640 0.016247
30 0.386491 0.085528 0.035238 0.016228
30 0.309253 0.087609 0.035237 0.016245