37 0.508117 0.400164 0.029221 0.014730
32 0.818182 0.949264 0.142857 0.032733
32 0.196429 0.284779 0.139610 0.032733
37 0.508117 0.842881 0.029221 0.016367
37 0.508117 0.180033 0.029221 0.016367
32 0.196429 0.728314 0.139610 0.032733
32 0.818182 0.506547 0.136364 0.034370
37 0.508117 0.621931 0.029221 0.016367
32 0.194805 0.949264 0.136364 0.032733
4 0.509740 0.693944 0.201299 0.068740
32 0.196429 0.506547 0.139610 0.034370
4 0.509740 0.252864 0.201299 0.070376
4 0.509740 0.474632 0.201299 0.068740
32 0.819805 0.285597 0.139610 0.034370
4 0.508117 0.914894 0.198052 0.068740
32 0.508117 0.085925 0.139610 0.034370
32 0.819805 0.728314 0.139610 0.032733