28 0.927027 0.512009 0.013514 0.054585
37 0.025000 0.450873 0.014865 0.024017
37 0.025676 0.337336 0.013514 0.024017
37 0.154730 0.698690 0.014865 0.021834
27 0.831081 0.187773 0.113514 0.227074
27 0.830412 0.641504 0.113519 0.219622
28 0.700000 0.640830 0.035135 0.024017
27 0.570294 0.635455 0.114862 0.224897
27 0.572297 0.186681 0.114865 0.224891
27 0.264189 0.638646 0.112162 0.220524
27 0.827703 0.396288 0.114865 0.224891
28 0.700000 0.396288 0.035135 0.024017
28 0.411486 0.396288 0.033784 0.024017
28 0.411486 0.640830 0.033784 0.024017
27 0.568919 0.396288 0.113514 0.220524
27 0.567316 0.854465 0.112168 0.220509
27 0.301690 0.397178 0.112160 0.220532
37 0.153748 0.582171 0.014874 0.021824
27 0.129736 0.391757 0.112158 0.220504
27 0.829615 0.846898 0.113512 0.219630