38 0.585165 0.414423 0.029304 0.094231
37 0.940476 0.682692 0.016484 0.034615
37 0.940476 0.321154 0.016484 0.034615
38 0.720238 0.775962 0.030220 0.101923
38 0.671245 0.300962 0.047619 0.063462
28 0.767857 0.680769 0.028388 0.100000
38 0.893773 0.121154 0.049451 0.069231
28 0.777473 0.139423 0.027473 0.098077
28 0.599359 0.685577 0.026557 0.101923
38 0.225275 0.351923 0.047619 0.065385
38 0.535714 0.665385 0.045788 0.069231
36 0.853938 0.318269 0.015568 0.025000
37 0.038462 0.538462 0.016484 0.034615
38 0.102564 0.517308 0.045788 0.061538
28 0.598901 0.320192 0.025641 0.098077
38 0.642399 0.412500 0.030220 0.094231
28 0.767857 0.322115 0.028388 0.098077
29 0.237637 0.717308 0.039377 0.050000
38 0.864011 0.231731 0.030220 0.098077
38 0.293498 0.441346 0.050366 0.067308
29 0.517857 0.556731 0.039377 0.048077
38 0.885073 0.774038 0.028388 0.098077
28 0.179487 0.538462 0.025641 0.096154
37 0.475275 0.683654 0.014652 0.032692
29 0.932692 0.195192 0.037546 0.048077
38 0.585165 0.591346 0.031136 0.090385
28 0.786172 0.863462 0.026557 0.100000
38 0.535714 0.300000 0.047619 0.065385
38 0.641941 0.589423 0.031136 0.094231
29 0.631868 0.196154 0.038462 0.046154
38 0.904304 0.842308 0.050366 0.065385
38 0.670788 0.840385 0.044872 0.061538
23 0.298993 0.582692 0.094322 0.196154
38 0.720696 0.232692 0.029304 0.096154
38 0.672161 0.117308 0.047619 0.061538
36 0.875458 0.677885 0.014652 0.025000
29 0.947344 0.919231 0.037546 0.046154
38 0.671703 0.661538 0.048535 0.065385
29 0.631410 0.919231 0.039377 0.050000
23 0.773352 0.501923 0.099817 0.200000
37 0.393315 0.540378 0.017399 0.034609
37 0.476368 0.323048 0.017405 0.034623