0 0.846725 0.211238 0.025658 0.078236
32 0.224848 0.588905 0.027009 0.065434
32 0.779541 0.590327 0.026334 0.062589
29 0.667792 0.917496 0.033761 0.051209
23 0.641121 0.386202 0.077650 0.160740
0 0.572924 0.212660 0.023633 0.072546
18 0.051992 0.747511 0.029710 0.083926
2 0.213032 0.203414 0.026334 0.073969
32 0.498650 0.628734 0.033086 0.076814
29 0.167454 0.913940 0.033761 0.052632
37 0.433153 0.457326 0.010128 0.021337
18 0.554693 0.749644 0.031735 0.085349
0 0.343011 0.203414 0.027009 0.073969
23 0.138758 0.386202 0.076300 0.163585
18 0.717758 0.746799 0.027009 0.082504
18 0.344024 0.752489 0.027684 0.088193
18 0.215733 0.746799 0.029034 0.085349
32 0.727211 0.588905 0.025658 0.062589
32 0.354490 0.588193 0.028359 0.064011
2 0.718096 0.213371 0.024983 0.073969
0 0.070898 0.204125 0.027009 0.078236
32 0.857529 0.589616 0.027009 0.061166
30 0.224449 0.096158 0.025475 0.026430
30 0.061003 0.095663 0.025465 0.026427
37 0.936308 0.456335 0.010130 0.021329
30 0.855155 0.090550 0.025465 0.026434
30 0.725898 0.090548 0.025472 0.026441
30 0.563562 0.092152 0.025464 0.026424
30 0.352185 0.093748 0.025476 0.026420