18 0.392680 0.833333 0.033499 0.063584
0 0.467742 0.500963 0.029777 0.057803
2 0.389578 0.216763 0.032258 0.059730
18 0.749380 0.827553 0.032258 0.067437
0 0.627792 0.500963 0.029777 0.057803
32 0.759926 0.706166 0.031017 0.048170
0 0.748139 0.327553 0.029777 0.057803
2 0.746898 0.216763 0.029777 0.059730
32 0.821340 0.707129 0.029777 0.050096
0 0.542804 0.327553 0.028536 0.057803
2 0.542804 0.217726 0.031017 0.061657
0 0.390199 0.328516 0.031017 0.059730
4 0.489454 0.758189 0.028536 0.063584
4 0.195409 0.748555 0.028536 0.063584
4 0.604839 0.759152 0.028536 0.061657
32 0.913151 0.714836 0.029777 0.050096
0 0.900744 0.328516 0.029777 0.059730
0 0.050248 0.328516 0.031017 0.059730
4 0.050868 0.749518 0.029777 0.061657
32 0.331266 0.740848 0.037221 0.059730
0 0.193548 0.328516 0.029777 0.059730
0 0.900744 0.214836 0.029777 0.059730
0 0.217742 0.216763 0.028536 0.059730
37 0.967122 0.574181 0.013648 0.023121
29 0.529777 0.962428 0.037221 0.040462
30 0.403353 0.101487 0.046802 0.035794
30 0.761289 0.097894 0.046800 0.035793
30 0.203214 0.096996 0.046800 0.035799
4 0.122382 0.853467 0.042306 0.043196
30 0.551287 0.097007 0.046805 0.035801