32 0.270229 0.544643 0.017912 0.035714
32 0.023471 0.662500 0.012353 0.053571
18 0.309141 0.753571 0.017912 0.078571
23 0.072267 0.364286 0.049413 0.096429
28 0.973440 0.130357 0.016059 0.025000
4 0.965411 0.547321 0.019765 0.076786
0 0.939778 0.484821 0.021618 0.076786
4 0.611797 0.721429 0.021618 0.075000
0 0.714021 0.283036 0.021001 0.076786
0 0.123842 0.280357 0.020383 0.075000
28 0.893762 0.125893 0.016059 0.026786
0 0.032119 0.281250 0.021001 0.076786
4 0.860408 0.479464 0.019765 0.073214
18 0.121680 0.753571 0.017295 0.078571
0 0.532736 0.348214 0.021618 0.078571
4 0.401482 0.719643 0.021001 0.078571
4 0.665534 0.722321 0.021618 0.076786
0 0.861025 0.371429 0.021001 0.078571
0 0.611489 0.278571 0.021001 0.078571
0 0.348672 0.281250 0.020383 0.073214
4 0.939778 0.604464 0.021618 0.076786
0 0.252316 0.280357 0.019148 0.071429
23 0.165843 0.366964 0.050031 0.098214
0 0.575355 0.349107 0.021618 0.080357
0 0.306980 0.281250 0.019765 0.073214
0 0.210624 0.279464 0.019765 0.073214
32 0.776405 0.523214 0.012353 0.053571
32 0.776405 0.691071 0.013589 0.057143
0 0.768376 0.283036 0.021001 0.076786
0 0.402409 0.281250 0.020383 0.076786
0 0.440395 0.347321 0.021001 0.076786
18 0.171402 0.752679 0.017912 0.080357
32 0.176343 0.658929 0.011736 0.057143
4 0.885114 0.425000 0.021001 0.078571
0 0.483323 0.349107 0.021618 0.076786
4 0.348054 0.717857 0.022854 0.075000
0 0.665534 0.276786 0.020383 0.075000
37 0.806254 0.399350 0.013936 0.034464
29 0.023777 0.879830 0.012762 0.020375
30 0.024537 0.032013 0.023300 0.033185