29 0.084706 0.939607 0.075294 0.075843
31 0.161176 0.464888 0.094118 0.087079
32 0.610588 0.467697 0.058824 0.092697
28 0.774706 0.745787 0.043529 0.053371
32 0.403529 0.750000 0.058824 0.095506
8 0.082941 0.608146 0.060000 0.137640
12 0.891765 0.740169 0.061176 0.143258
28 0.242941 0.616573 0.041176 0.053371
4 0.395882 0.422753 0.069412 0.109551
29 0.892941 0.936798 0.070588 0.064607
32 0.517059 0.750000 0.057647 0.089888
32 0.310588 0.467697 0.058824 0.092697
28 0.459412 0.616573 0.041176 0.053371