38 0.137990 0.173171 0.051107 0.082927
38 0.722317 0.558537 0.051107 0.082927
38 0.287905 0.558537 0.051107 0.082927
28 0.206133 0.370732 0.037479 0.068293
38 0.572402 0.173171 0.051107 0.082927
31 0.430153 0.195122 0.059625 0.078049
38 0.649063 0.743902 0.030664 0.141463
31 0.856899 0.195122 0.061329 0.078049
32 0.977002 0.504878 0.025554 0.112195
38 0.214651 0.743902 0.030664 0.141463
28 0.640545 0.373171 0.037479 0.063415
28 0.925043 0.507317 0.037479 0.068293
38 0.719761 0.175610 0.049404 0.078049
28 0.481261 0.570732 0.039182 0.068293
8 0.036627 0.546341 0.045997 0.136585
29 0.037479 0.968293 0.030664 0.063415
38 0.285349 0.175610 0.049404 0.078049