28 0.517736 0.271536 0.028716 0.101124
38 0.625000 0.779026 0.050676 0.067416
31 0.518581 0.930712 0.067568 0.071161
38 0.505912 0.586142 0.055743 0.071161
36 0.793919 0.602996 0.016892 0.029963
8 0.035473 0.782772 0.054054 0.119850
38 0.719595 0.419476 0.054054 0.074906
38 0.105574 0.586142 0.055743 0.071161
28 0.341216 0.114232 0.027027 0.093633
38 0.624155 0.419476 0.052365 0.074906
28 0.439189 0.928839 0.030405 0.097378
28 0.916385 0.735955 0.042230 0.056180
38 0.244088 0.586142 0.055743 0.071161
38 0.726351 0.780899 0.054054 0.071161
31 0.418919 0.116105 0.067568 0.067416
29 0.035473 0.941948 0.033784 0.048689
32 0.974662 0.735955 0.027027 0.101124
38 0.375000 0.586142 0.057432 0.071161
29 0.973818 0.940075 0.032095 0.044944
31 0.596284 0.273408 0.067568 0.067416