28 0.375489 0.669118 0.049544 0.039916
31 0.295958 0.861345 0.070404 0.042017
31 0.145372 0.319328 0.069100 0.037815
31 0.215776 0.615546 0.024772 0.113445
32 0.689048 0.329832 0.063885 0.046218
32 0.505215 0.477941 0.029987 0.102941
31 0.499348 0.616597 0.026076 0.111345
37 0.974576 0.326681 0.027379 0.056723
32 0.688396 0.869748 0.067797 0.046218
31 0.295306 0.320378 0.069100 0.039916
28 0.222947 0.738445 0.049544 0.039916
37 0.975228 0.867647 0.026076 0.054622
32 0.891134 0.330882 0.063885 0.052521
31 0.146023 0.862395 0.070404 0.035714
32 0.222295 0.476891 0.029987 0.105042
31 0.582138 0.320378 0.069100 0.039916
28 0.505215 0.738445 0.050847 0.039916
31 0.583442 0.861345 0.069100 0.042017
32 0.376141 0.519958 0.029987 0.107143
29 0.026076 0.964286 0.033898 0.042017
32 0.887374 0.871714 0.063893 0.052534