32 0.142167 0.463932 0.027605 0.144272
28 0.960317 0.489392 0.013112 0.065064
32 0.020704 0.464639 0.027605 0.145686
32 0.517943 0.465347 0.020014 0.138614
32 0.469289 0.464639 0.020704 0.137199
18 0.657695 0.691655 0.024845 0.130127
0 0.033126 0.168317 0.028986 0.082037
2 0.478261 0.179632 0.022084 0.079208
37 0.057626 0.282885 0.010352 0.019802
23 0.211870 0.291372 0.051070 0.113154
18 0.576259 0.691655 0.026225 0.132956
4 0.727398 0.663366 0.022084 0.076379
32 0.567633 0.463932 0.021394 0.138614
2 0.153899 0.169731 0.028986 0.084866
2 0.842995 0.178925 0.021394 0.077793
0 0.889234 0.379066 0.022774 0.076379
29 0.212215 0.882603 0.028295 0.031117
0 0.367840 0.178218 0.020704 0.079208
30 0.212215 0.048091 0.028295 0.014144
32 0.072464 0.462518 0.026225 0.141443
4 0.367495 0.577086 0.022774 0.076379
2 0.658040 0.180339 0.021394 0.074965
0 0.269496 0.167610 0.026915 0.086280
4 0.974810 0.582744 0.022774 0.076379
4 0.767081 0.662659 0.022774 0.077793
18 0.270531 0.701556 0.028986 0.147100
0 0.975500 0.178218 0.021394 0.076379
18 0.152864 0.702970 0.033816 0.149929
4 0.829193 0.657709 0.022774 0.076379
30 0.616977 0.063649 0.019324 0.016973
0 0.783644 0.178218 0.022774 0.079208
29 0.617322 0.867044 0.020014 0.031117
0 0.711180 0.178925 0.022774 0.077793
32 0.918565 0.489392 0.038647 0.059406
2 0.575914 0.178925 0.022774 0.077793
0 0.367150 0.292079 0.020704 0.074965
4 0.411318 0.462518 0.022084 0.079208
0 0.367840 0.407355 0.020704 0.076379
0 0.813665 0.379066 0.022084 0.076379
4 0.871981 0.657709 0.022774 0.079208