37 0.697227 0.318616 0.020031 0.031026
29 0.919106 0.965394 0.060092 0.040573
37 0.305085 0.319809 0.018490 0.028640
37 0.443760 0.321002 0.021572 0.031026
4 0.376733 0.855609 0.075501 0.150358
28 0.184129 0.385442 0.050847 0.045346
28 0.648690 0.188544 0.073960 0.081146
37 0.817411 0.318616 0.020031 0.031026
4 0.379045 0.593079 0.070878 0.150358
37 0.046225 0.321002 0.021572 0.031026
28 0.171032 0.731504 0.027735 0.083532
31 0.756549 0.102625 0.070878 0.033413
28 0.354391 0.189737 0.073960 0.083532
30 0.244992 0.040573 0.055470 0.023866
28 0.133282 0.466587 0.023112 0.078759
28 0.830508 0.730310 0.027735 0.081146
28 0.318952 0.731504 0.027735 0.083532
4 0.112481 0.854415 0.077042 0.152745
37 0.184900 0.318616 0.018490 0.031026
28 0.682589 0.731504 0.027735 0.083532
4 0.625578 0.854415 0.077042 0.152745
29 0.406780 0.967780 0.058552 0.040573
37 0.558552 0.319809 0.020031 0.033413
4 0.110169 0.593079 0.072419 0.150358
29 0.081664 0.967780 0.058552 0.040573
4 0.891371 0.593079 0.072419 0.150358
29 0.593220 0.965394 0.058552 0.040573
28 0.305855 0.386635 0.050847 0.042959
4 0.623267 0.591885 0.075501 0.152745
4 0.886749 0.854415 0.075501 0.152745
28 0.134823 0.189737 0.072419 0.078759
28 0.644838 0.464200 0.026194 0.083532
37 0.955316 0.319809 0.021572 0.033413
28 0.697227 0.384248 0.053929 0.042959
28 0.816641 0.384248 0.052388 0.042959
30 0.756549 0.038186 0.055470 0.019093
28 0.357473 0.466587 0.024653 0.078759
31 0.245763 0.102625 0.069337 0.033413
28 0.869029 0.465394 0.024653 0.081146
28 0.864407 0.188544 0.073960 0.081146