38 0.633333 0.375767 0.031293 0.064417
29 0.097959 0.977761 0.043537 0.026074
29 0.624490 0.470859 0.043537 0.024540
38 0.759864 0.621933 0.055782 0.038344
38 0.369388 0.581288 0.031293 0.064417
38 0.501361 0.733129 0.031293 0.064417
28 0.889116 0.223160 0.085714 0.047546
38 0.368707 0.075920 0.029932 0.062883
28 0.360544 0.730061 0.084354 0.049080
29 0.624490 0.977761 0.043537 0.026074
8 0.097959 0.223160 0.084354 0.093558
28 0.359864 0.223926 0.082993 0.046012
29 0.889116 0.470092 0.042177 0.023006
38 0.237415 0.226994 0.031293 0.061350
28 0.623810 0.223926 0.082993 0.046012
29 0.097959 0.470859 0.043537 0.024540
38 0.631973 0.075920 0.031293 0.062883
38 0.501361 0.226227 0.031293 0.062883
38 0.633333 0.582055 0.031293 0.062883
38 0.758503 0.115798 0.055782 0.038344
29 0.361224 0.470859 0.042177 0.024540
29 0.361224 0.976994 0.044898 0.024540
29 0.888435 0.976994 0.043537 0.024540
8 0.097959 0.730061 0.084354 0.095092
38 0.369388 0.375000 0.031293 0.062883
38 0.633333 0.881135 0.031293 0.065951
28 0.888435 0.729294 0.084354 0.047546
28 0.624490 0.730828 0.081633 0.047546
37 0.537163 0.028653 0.016648 0.016686
37 0.625028 0.024489 0.016649 0.016667