37 0.037234 0.619462 0.017730 0.023734
32 0.638298 0.128956 0.078014 0.042722
28 0.575059 0.452532 0.072104 0.034810
37 0.166667 0.330696 0.028369 0.072785
37 0.564421 0.257911 0.029551 0.072785
35 0.807920 0.387658 0.031915 0.098101
37 0.078014 0.863924 0.028369 0.075949
32 0.733452 0.675633 0.029551 0.101266
37 0.565603 0.128956 0.029551 0.074367
32 0.638889 0.258703 0.076832 0.039557
37 0.808511 0.069620 0.011820 0.018987
37 0.177896 0.425633 0.055556 0.041139
28 0.329196 0.199367 0.022459 0.094937
37 0.576241 0.354430 0.055556 0.041139
28 0.651891 0.863133 0.022459 0.096519
29 0.732270 0.922468 0.013002 0.018987
35 0.270095 0.619462 0.074468 0.045886
35 0.669031 0.546677 0.075650 0.045886
32 0.335106 0.750791 0.029551 0.102848
32 0.549054 0.863924 0.076832 0.041139
28 0.329196 0.329905 0.022459 0.096519
32 0.240544 0.329905 0.076832 0.039557
37 0.166667 0.200949 0.030733 0.075949
28 0.877069 0.474684 0.023641 0.094937
32 0.151300 0.863924 0.075650 0.041139
28 0.254137 0.863133 0.023641 0.096519
28 0.118203 0.619462 0.023641 0.096519
28 0.727541 0.258703 0.022459 0.096519
29 0.334515 0.922468 0.014184 0.018987
28 0.176714 0.524525 0.072104 0.033228
28 0.726950 0.126582 0.021277 0.094937
37 0.955083 0.474684 0.016548 0.022152
29 0.409574 0.905854 0.057920 0.036392
29 0.807920 0.747627 0.057920 0.039557
32 0.239953 0.201741 0.078014 0.045886
35 0.408983 0.459652 0.033097 0.099684
28 0.500591 0.546677 0.022459 0.096519
35 0.409574 0.762658 0.031915 0.101266
37 0.474284 0.866541 0.028360 0.075958
37 0.408587 0.142952 0.011825 0.018990