32 0.778977 0.619250 0.015188 0.066440
0 0.652278 0.160136 0.041567 0.088586
12 0.932854 0.679727 0.043165 0.091993
4 0.187450 0.586031 0.040767 0.085179
28 0.709432 0.523850 0.010392 0.052811
32 0.778977 0.790460 0.015188 0.061329
4 0.107514 0.786201 0.040767 0.086882
0 0.762990 0.159284 0.039169 0.086882
4 0.314149 0.780239 0.041567 0.085179
0 0.423661 0.125213 0.038369 0.083475
28 0.758193 0.089438 0.008793 0.039182
4 0.422862 0.782794 0.039968 0.086882
0 0.424061 0.364566 0.039169 0.085179
28 0.861711 0.674617 0.017586 0.023850
28 0.757794 0.236797 0.009592 0.037479
4 0.619904 0.784497 0.040767 0.086882
4 0.057554 0.589438 0.039968 0.085179
0 0.312550 0.363714 0.039968 0.083475
28 0.530775 0.272572 0.012790 0.051107
32 0.485612 0.271721 0.031175 0.035775
0 0.313349 0.123509 0.038369 0.080068
37 0.010583 0.880272 0.012344 0.018588
37 0.952078 0.030133 0.012343 0.018572
37 0.071883 0.785705 0.012350 0.018575
37 0.011403 0.033618 0.012346 0.018565
37 0.953716 0.882990 0.012354 0.018562
37 0.024696 0.592592 0.012348 0.018565