37 0.055632 0.284956 0.023352 0.031858
4 0.743819 0.833628 0.056319 0.092035
37 0.656593 0.297345 0.019231 0.028319
0 0.226648 0.187611 0.057692 0.088496
0 0.567995 0.330973 0.056319 0.088496
0 0.346154 0.426549 0.057692 0.092035
29 0.878434 0.634513 0.050824 0.033628
29 0.545330 0.971681 0.049451 0.035398
4 0.568681 0.833628 0.054945 0.092035
0 0.743132 0.331858 0.054945 0.086726
0 0.152473 0.425664 0.057692 0.090265
4 0.743819 0.547788 0.056319 0.090265
36 0.619505 0.328319 0.021978 0.019469
36 0.544643 0.638938 0.023352 0.021239
36 0.249313 0.279646 0.023352 0.021239
28 0.878434 0.524779 0.061813 0.040708
37 0.656593 0.799115 0.021978 0.030088
37 0.055632 0.428319 0.020604 0.028319
37 0.924451 0.426549 0.021978 0.028319
0 0.743819 0.188496 0.056319 0.090265
4 0.569368 0.546018 0.056319 0.090265
37 0.656593 0.512389 0.019231 0.030088
30 0.543956 0.096460 0.035714 0.026549
0 0.567995 0.187611 0.056319 0.092035
37 0.153092 0.189553 0.023352 0.031857