37 0.249169 0.399396 0.011628 0.026157
14 0.073090 0.534205 0.018272 0.082495
18 0.855897 0.368209 0.019103 0.080483
18 0.604236 0.408451 0.020764 0.088531
14 0.409053 0.618712 0.019103 0.082495
12 0.549419 0.183099 0.025748 0.064386
12 0.080150 0.851107 0.027409 0.064386
18 0.931063 0.370221 0.019934 0.084507
28 0.862957 0.675050 0.019934 0.026157
29 0.134967 0.984909 0.024086 0.026157
18 0.396595 0.398390 0.020764 0.084507
14 0.689369 0.502012 0.019934 0.082495
18 0.495432 0.409457 0.020764 0.082495
29 0.644518 0.869215 0.023256 0.024145
32 0.644103 0.658954 0.014120 0.062374
12 0.294850 0.185111 0.028239 0.064386
32 0.815199 0.693159 0.012458 0.062374
12 0.404485 0.186117 0.026578 0.066398
32 0.864203 0.220322 0.012458 0.062374
28 0.133306 0.763581 0.012458 0.054326
37 0.458472 0.409457 0.009967 0.026157
28 0.644518 0.770624 0.019934 0.024145
32 0.862542 0.561368 0.012458 0.060362
32 0.740449 0.307847 0.014120 0.064386
28 0.785299 0.537223 0.019103 0.024145
12 0.187708 0.851107 0.026578 0.064386
29 0.863372 0.815895 0.024086 0.026157
18 0.287791 0.397384 0.020764 0.086519
14 0.299834 0.620724 0.019934 0.082495
14 0.395764 0.832998 0.020764 0.088531
14 0.193937 0.534205 0.020764 0.090543
32 0.132060 0.631791 0.026578 0.036217
12 0.938123 0.578471 0.025748 0.062374
37 0.973007 0.449698 0.010797 0.026157
14 0.299834 0.835010 0.021595 0.088531
32 0.815199 0.533199 0.012458 0.060362
12 0.696013 0.216298 0.026578 0.062374
29 0.349654 0.988223 0.023256 0.023553
37 0.973342 0.119825 0.010798 0.026147
29 0.695668 0.622221 0.023250 0.024143
21 0.740347 0.192865 0.015800 0.032897