37 0.729107 0.108156 0.010086 0.024823
28 0.667147 0.727837 0.012968 0.097518
31 0.606628 0.279255 0.014409 0.122340
31 0.169669 0.278369 0.013689 0.120567
31 0.133285 0.277482 0.014409 0.122340
4 0.876441 0.265071 0.033862 0.115248
0 0.877161 0.729610 0.035303 0.115248
37 0.291066 0.108156 0.010086 0.024823
4 0.444164 0.412234 0.033862 0.118794
37 0.820965 0.109043 0.010807 0.026596
28 0.229827 0.726064 0.012968 0.097518
29 0.913184 0.571809 0.019452 0.069149
28 0.666787 0.409574 0.013689 0.095745
4 0.445245 0.729610 0.034582 0.118794
29 0.480548 0.570035 0.018732 0.065603
32 0.319164 0.271277 0.027378 0.127660
4 0.445245 0.889184 0.034582 0.118794
28 0.229827 0.410461 0.014409 0.097518
32 0.756484 0.270390 0.027378 0.125887
37 0.921110 0.966312 0.010807 0.024823
32 0.269813 0.270390 0.028098 0.125887
32 0.707493 0.268617 0.027378 0.125887
37 0.077450 0.728723 0.010807 0.024823
31 0.570605 0.277482 0.014409 0.122340
0 0.444885 0.728723 0.035303 0.117021
4 0.876801 0.411348 0.034582 0.117021
30 0.588617 0.095745 0.036023 0.031915
0 0.444524 0.889184 0.034582 0.118794
4 0.445605 0.264184 0.035303 0.120567
0 0.877522 0.888298 0.034582 0.120567
30 0.152017 0.093972 0.036023 0.031915
37 0.075884 0.408043 0.010084 0.024810
37 0.397995 0.108411 0.010089 0.024811
37 0.922655 0.186343 0.010080 0.024828