32 0.489162 0.840643 0.036127 0.061404
0 0.236994 0.423977 0.043353 0.055556
4 0.645954 0.292398 0.043353 0.055556
36 0.558526 0.480263 0.021676 0.016082
0 0.770954 0.136696 0.044798 0.057018
8 0.079480 0.766082 0.052023 0.052632
36 0.629335 0.228801 0.021676 0.016082
12 0.252890 0.163743 0.057803 0.055556
32 0.312861 0.840643 0.036127 0.061404
32 0.489884 0.703216 0.037572 0.061404
4 0.471098 0.292398 0.043353 0.055556
0 0.471098 0.137427 0.043353 0.055556
12 0.755058 0.709064 0.065029 0.070175
4 0.348988 0.484649 0.044798 0.057018
32 0.179913 0.703216 0.036127 0.058480
36 0.252890 0.227339 0.023121 0.016082
12 0.118497 0.163743 0.057803 0.055556
36 0.333092 0.228070 0.021676 0.014620
0 0.349711 0.137427 0.043353 0.055556
32 0.624277 0.847222 0.034682 0.057018
29 0.558526 0.581140 0.033237 0.021930
32 0.313584 0.703947 0.037572 0.062865
36 0.487717 0.227339 0.021676 0.016082
37 0.021676 0.425439 0.017341 0.017544
36 0.333092 0.288743 0.021676 0.016082
37 0.161850 0.424708 0.017341 0.016082
12 0.755058 0.853070 0.065029 0.071637
32 0.179913 0.841374 0.036127 0.062865
32 0.623555 0.710526 0.036127 0.058480
37 0.867052 0.335526 0.017341 0.019006
0 0.101156 0.422515 0.043353 0.055556
29 0.557081 0.983918 0.033237 0.020468
4 0.770954 0.485380 0.041908 0.055556
12 0.557803 0.413743 0.057803 0.055556
0 0.645954 0.136696 0.043353 0.054094
12 0.891275 0.853264 0.065029 0.071636