36 0.569808 0.233696 0.029668 0.023913
6 0.344677 0.603261 0.075044 0.115217
36 0.765271 0.777174 0.029668 0.023913
4 0.794939 0.603261 0.071553 0.115217
4 0.211169 0.603261 0.073298 0.119565
2 0.346422 0.239130 0.075044 0.121739
36 0.764398 0.416304 0.027923 0.023913
32 0.376091 0.782609 0.057592 0.139130
29 0.472077 0.957609 0.068063 0.045652
0 0.212042 0.238043 0.075044 0.115217
6 0.538394 0.784783 0.071553 0.117391
0 0.600349 0.421739 0.073298 0.113043
2 0.733857 0.240217 0.075044 0.115217
30 0.566939 0.121558 0.045380 0.032613
37 0.926609 0.601514 0.027916 0.034785
37 0.924534 0.421035 0.027925 0.034773
37 0.927286 0.240548 0.027919 0.034788
30 0.376430 0.119462 0.045388 0.032599
37 0.925914 0.785445 0.027925 0.034791