3 0.610333 0.116114 0.024667 0.090047
7 0.216667 0.804107 0.025333 0.085308
7 0.487000 0.892575 0.024667 0.088468
3 0.034667 0.155608 0.024000 0.086888
37 0.014333 0.415482 0.018000 0.060032
7 0.819667 0.339577 0.024667 0.094635
7 0.914524 0.388634 0.023336 0.099194
7 0.813333 0.829384 0.026667 0.088468
3 0.499000 0.116904 0.023333 0.082148
3 0.235000 0.155608 0.023333 0.083728
7 0.486333 0.478673 0.024667 0.088468
7 0.609000 0.492101 0.024667 0.090047
37 0.466333 0.609005 0.026000 0.036335
37 0.900333 0.750395 0.026000 0.041074
7 0.293000 0.595577 0.026000 0.085308
3 0.819667 0.155608 0.024667 0.086888
7 0.972667 0.658768 0.024000 0.088468
7 0.751000 0.492891 0.022000 0.085308
3 0.972667 0.243760 0.024000 0.090678
3 0.481667 0.299605 0.024667 0.093681
3 0.609518 0.299471 0.023337 0.091951
7 0.609667 0.867299 0.024667 0.088468
7 0.972667 0.880727 0.024000 0.086888
3 0.111333 0.140600 0.024000 0.088468
7 0.397667 0.609795 0.023333 0.085308
7 0.130667 0.906793 0.025333 0.085308
3 0.326000 0.353081 0.042667 0.102686
37 0.789629 0.748885 0.025995 0.041066