29 0.085135 0.859008 0.062162 0.067885
32 0.500000 0.607050 0.027027 0.133159
28 0.500676 0.851175 0.055405 0.041775
8 0.088514 0.541775 0.139189 0.274151
32 0.584459 0.787206 0.077027 0.065274
32 0.399324 0.326371 0.077027 0.062663
32 0.397973 0.785901 0.074324 0.062663
28 0.500000 0.443864 0.102703 0.073107
38 0.741216 0.297393 0.150000 0.150922
37 0.912838 0.327676 0.014865 0.028721
38 0.738379 0.763839 0.150269 0.154311
29 0.499324 0.945170 0.058108 0.062663
32 0.583784 0.327676 0.078378 0.065274
37 0.672279 0.196200 0.014865 0.028697
38 0.259588 0.762739 0.153003 0.152339
37 0.194439 0.199461 0.014876 0.028711
37 0.193877 0.658921 0.014865 0.028728
37 0.670583 0.648107 0.014866 0.028727
38 0.257099 0.306480 0.149997 0.150920