37 0.913586 0.537901 0.012987 0.037901
6 0.344655 0.540816 0.049950 0.183673
4 0.572428 0.537901 0.047952 0.183673
6 0.250749 0.542274 0.047952 0.180758
4 0.442557 0.540816 0.049950 0.183673
37 0.085415 0.233236 0.020979 0.064140
37 0.924575 0.231778 0.018981 0.061224
6 0.157842 0.537901 0.047952 0.177843
37 0.318182 0.233236 0.018981 0.058309
6 0.759740 0.542274 0.048951 0.180758
6 0.665834 0.540816 0.048951 0.183673
6 0.852647 0.537901 0.048951 0.177843
37 0.692807 0.233236 0.018981 0.058309
37 0.505009 0.188394 0.011375 0.037843
37 0.692225 0.959761 0.012990 0.037904
37 0.316307 0.958411 0.012990 0.037886
37 0.095958 0.539050 0.012990 0.037902