8 0.237981 0.136752 0.094551 0.099145
29 0.881410 0.985470 0.067308 0.022222
29 0.616987 0.590598 0.067308 0.025641
21 0.414263 0.497436 0.065705 0.044444
14 0.271635 0.653846 0.081731 0.141880
35 0.882212 0.876068 0.065705 0.141880
37 0.935897 0.458974 0.022436 0.025641
14 0.733173 0.341026 0.084936 0.141880
37 0.939103 0.770085 0.022436 0.025641
14 0.500000 0.345299 0.083333 0.143590
8 0.616186 0.509402 0.094551 0.099145
8 0.700858 0.125172 0.094543 0.099135
37 0.874769 0.034370 0.022426 0.025637
8 0.526933 0.130368 0.094545 0.099159