35 0.661572 0.658690 0.120815 0.098237
29 0.926492 0.962217 0.062591 0.040302
18 0.791121 0.326196 0.071325 0.214106
14 0.213246 0.573048 0.077147 0.219144
37 0.896652 0.051637 0.011645 0.022670
37 0.055313 0.576826 0.023290 0.040302
29 0.506550 0.971033 0.061135 0.032746
28 0.607715 0.517632 0.033479 0.108312
29 0.056769 0.977330 0.064047 0.035264
8 0.238719 0.197733 0.087336 0.148615
8 0.320233 0.838791 0.084425 0.146096
37 0.056769 0.891688 0.023290 0.035264
37 0.925036 0.653652 0.021834 0.037783
14 0.424309 0.568010 0.074236 0.209068
35 0.506550 0.814861 0.058224 0.209068
35 0.727074 0.520151 0.117904 0.103275
37 0.927948 0.877834 0.021834 0.037783
29 0.320961 0.972292 0.062591 0.040302