37 0.714876 0.429860 0.020661 0.022044
4 0.552686 0.805611 0.097107 0.108216
37 0.717975 0.632265 0.014463 0.018036
31 0.391529 0.514028 0.138430 0.030060
28 0.827479 0.592184 0.047521 0.018036
4 0.550620 0.632265 0.097107 0.114228
28 0.297521 0.691383 0.082645 0.032064
12 0.149793 0.670341 0.097107 0.094188
32 0.828512 0.472946 0.041322 0.088176
37 0.714876 0.255511 0.020661 0.022044
29 0.148760 0.811623 0.115702 0.048096
28 0.297521 0.342685 0.082645 0.032064
4 0.548554 0.257515 0.097107 0.114228
4 0.549587 0.429860 0.095041 0.110220
30 0.505165 0.096192 0.117769 0.020040
29 0.509298 0.972946 0.113636 0.042084
37 0.717409 0.806706 0.014464 0.018034