29 0.181765 0.870103 0.040650 0.032990
28 0.097561 0.772165 0.030197 0.018557
32 0.097561 0.618557 0.020906 0.078351
32 0.415215 0.213402 0.019744 0.080412
30 0.778165 0.076289 0.044135 0.020619
29 0.279907 0.968041 0.041812 0.035052
31 0.339721 0.504124 0.052265 0.022680
32 0.580139 0.214433 0.019744 0.082474
29 0.681765 0.869072 0.041812 0.030928
28 0.413473 0.368041 0.027875 0.018557
28 0.778165 0.693814 0.027875 0.018557
31 0.173055 0.503093 0.053426 0.020619
12 0.682346 0.713402 0.033682 0.057732
12 0.181765 0.714433 0.033682 0.055670
28 0.580139 0.368041 0.029036 0.018557
28 0.279907 0.284536 0.030197 0.020619
28 0.912311 0.772165 0.029036 0.018557
30 0.279907 0.077320 0.041812 0.018557
31 0.837979 0.505155 0.052265 0.024742
31 0.653891 0.503093 0.051103 0.020619
28 0.777584 0.284536 0.029036 0.020619
32 0.913473 0.620619 0.019744 0.078351
28 0.280488 0.693814 0.029036 0.018557
29 0.778165 0.969072 0.041812 0.037113