32 0.562010 0.141960 0.045692 0.163317
38 0.225196 0.577889 0.045692 0.140704
32 0.078329 0.143216 0.044386 0.160804
29 0.690601 0.091709 0.052219 0.057789
32 0.498042 0.258794 0.084856 0.090452
37 0.333551 0.483668 0.014360 0.027638
38 0.447435 0.578715 0.050043 0.140572
37 0.379243 0.482412 0.014360 0.025126
32 0.777415 0.261307 0.087467 0.090452
37 0.332898 0.261307 0.013055 0.030151
37 0.491514 0.531407 0.022193 0.042714
37 0.619452 0.531407 0.022193 0.042714
12 0.591384 0.760050 0.088773 0.168342
32 0.627285 0.261307 0.084856 0.090452
38 0.578329 0.577889 0.049608 0.140704
36 0.562010 0.476131 0.024804 0.027638
38 0.090671 0.576633 0.061237 0.143216
36 0.434726 0.474874 0.023499 0.030151
12 0.107050 0.758794 0.088773 0.165829
32 0.270888 0.261307 0.084856 0.090452
37 0.463446 0.940955 0.023499 0.047739
23 0.770235 0.428392 0.127937 0.243719
36 0.206266 0.476131 0.026110 0.032663
37 0.263708 0.531407 0.023499 0.042714
29 0.690601 0.608040 0.052219 0.060302
37 0.234987 0.942211 0.023499 0.050251
12 0.234987 0.757538 0.088773 0.168342
32 0.206266 0.141960 0.046997 0.163317
37 0.107702 0.940955 0.022193 0.047739
12 0.463446 0.758794 0.088773 0.165829
32 0.142298 0.261307 0.083551 0.090452
37 0.591384 0.940955 0.023499 0.047739
32 0.434726 0.141960 0.044386 0.163317
37 0.898825 0.260050 0.022193 0.042714
37 0.378664 0.261541 0.014353 0.025112
37 0.137275 0.533781 0.023495 0.042698