23 0.685583 0.513405 0.162577 0.115282
28 0.576687 0.151475 0.024540 0.045576
23 0.533742 0.928954 0.141104 0.131367
28 0.578221 0.815013 0.027607 0.048257
32 0.265337 0.902145 0.125767 0.050938
23 0.584356 0.273458 0.138037 0.134048
32 0.723926 0.341823 0.042945 0.072386
37 0.085890 0.900804 0.018405 0.016086
32 0.263804 0.816354 0.122699 0.050938
37 0.861963 0.930295 0.024540 0.021448
37 0.861963 0.276139 0.018405 0.016086
37 0.099693 0.246649 0.021472 0.016086
32 0.263804 0.246649 0.122699 0.053619
32 0.263804 0.340483 0.122699 0.053619
32 0.578221 0.091153 0.101227 0.042895
32 0.578221 0.750670 0.101227 0.042895
32 0.837423 0.520107 0.055215 0.091153
37 0.619774 0.534870 0.018392 0.016094
37 0.756371 0.536365 0.018404 0.016066
37 0.549335 0.989048 0.018397 0.016060
37 0.548488 0.871187 0.018395 0.016080
37 0.599039 0.214258 0.018420 0.016083
37 0.599036 0.332872 0.018424 0.016091
37 0.458999 0.992570 0.018417 0.014860
37 0.511851 0.336097 0.018391 0.016094
37 0.612918 0.464275 0.018411 0.016107