28 0.790999 0.270492 0.016030 0.081967
32 0.199753 0.655738 0.022195 0.147541
12 0.117756 0.655738 0.038224 0.139344
32 0.742293 0.276639 0.039457 0.069672
32 0.982737 0.584016 0.019729 0.143443
28 0.982121 0.766393 0.025894 0.057377
28 0.544390 0.659836 0.025894 0.057377
12 0.390875 0.653689 0.036991 0.135246
28 0.271270 0.657787 0.029593 0.061475
32 0.848952 0.653689 0.020962 0.143443
12 0.661529 0.661885 0.038224 0.143443
32 0.472256 0.655738 0.022195 0.147541
12 0.773736 0.653689 0.038224 0.135246
28 0.914920 0.661885 0.024661 0.053279
32 0.648582 0.079918 0.036991 0.069672
29 0.117756 0.963115 0.025894 0.057377
28 0.696671 0.077869 0.014797 0.098361