38 0.298701 0.454545 0.089466 0.129032
28 0.445166 0.743402 0.041847 0.149560
37 0.864358 0.190616 0.025974 0.058651
28 0.446609 0.192082 0.044733 0.155425
36 0.222222 0.670088 0.025974 0.038123
29 0.223665 0.947214 0.063492 0.070381
11 0.154401 0.810850 0.072150 0.114370
29 0.152237 0.945748 0.067821 0.067449
37 0.268398 0.351906 0.025974 0.052786
38 0.692641 0.162757 0.083694 0.114370
23 0.698413 0.690616 0.202020 0.407625
28 0.686869 0.419355 0.043290 0.152493
29 0.583694 0.945748 0.064935 0.073314
38 0.297258 0.225806 0.089466 0.123167
38 0.297258 0.780059 0.089466 0.129032
36 0.222222 0.344575 0.028860 0.038123
28 0.445887 0.422287 0.043290 0.152493
37 0.268537 0.677707 0.025981 0.052790
37 0.270399 0.122334 0.025966 0.052789