28 0.315247 0.812381 0.028846 0.116190
38 0.232143 0.881905 0.038462 0.076190
38 0.232143 0.420000 0.038462 0.078095
38 0.432692 0.121905 0.052198 0.049524
38 0.365385 0.883810 0.038462 0.072381
38 0.195742 0.583810 0.053571 0.047619
38 0.701236 0.122857 0.053571 0.047619
37 0.125687 0.135238 0.023352 0.034286
28 0.314560 0.598095 0.030220 0.114286
38 0.431319 0.584762 0.054945 0.045714
29 0.379808 0.499048 0.067308 0.041905
29 0.380495 0.959048 0.068681 0.043810
37 0.872253 0.135238 0.024725 0.034286
28 0.706044 0.297143 0.027473 0.110476
38 0.531593 0.121905 0.052198 0.049524
38 0.429945 0.799048 0.054945 0.047619
29 0.594093 0.565714 0.067308 0.049524
29 0.247940 0.498095 0.067308 0.043810
37 0.126374 0.598095 0.024725 0.034286
28 0.315247 0.135238 0.028846 0.114286
38 0.365385 0.421905 0.038462 0.074286
29 0.247940 0.960000 0.067308 0.045714
29 0.380495 0.284762 0.065934 0.043810
38 0.195055 0.120952 0.052198 0.047619
29 0.381868 0.746667 0.065934 0.041905
23 0.709478 0.440952 0.160714 0.207619
38 0.364698 0.671429 0.037088 0.074286
38 0.432005 0.337143 0.056319 0.049524
28 0.315247 0.350476 0.028846 0.114286
38 0.364698 0.206667 0.037088 0.078095