38 0.508834 0.654466 0.031802 0.073206
38 0.212456 0.404832 0.046820 0.051245
37 0.926678 0.461933 0.014134 0.027818
38 0.587898 0.347731 0.037986 0.048316
38 0.212898 0.281845 0.049470 0.057101
38 0.589223 0.770864 0.040636 0.048316
23 0.806979 0.598097 0.106890 0.191801
32 0.282686 0.236457 0.022968 0.089312
38 0.082597 0.219619 0.046820 0.055637
29 0.626767 0.964861 0.050353 0.046852
38 0.794170 0.446559 0.042403 0.052709
29 0.736749 0.731332 0.047703 0.039531
32 0.282686 0.627379 0.022968 0.089312
29 0.284011 0.729868 0.050353 0.039531
29 0.626767 0.286969 0.048587 0.043924
29 0.626767 0.542460 0.048587 0.045388
38 0.212456 0.159590 0.048587 0.055637
38 0.351148 0.158126 0.046820 0.052709
38 0.614399 0.866032 0.030919 0.074671
38 0.213339 0.529283 0.048587 0.057101
37 0.281802 0.112006 0.019435 0.062958
38 0.350707 0.281113 0.047703 0.055637
28 0.550795 0.573939 0.018551 0.081991
38 0.615283 0.445095 0.030919 0.070278
28 0.656360 0.106881 0.017668 0.081991
37 0.540194 0.106149 0.016784 0.027818
38 0.588339 0.091508 0.040636 0.048316
38 0.083039 0.467789 0.047703 0.057101
38 0.615283 0.188141 0.030919 0.071742
38 0.478799 0.468521 0.045936 0.055637
28 0.656802 0.363104 0.018551 0.081991
32 0.282244 0.484627 0.023852 0.090776
29 0.519876 0.752562 0.048587 0.043924
38 0.350265 0.405564 0.043286 0.052709
38 0.351590 0.529283 0.045936 0.054173
32 0.282244 0.360176 0.023852 0.087848
38 0.479240 0.556369 0.041519 0.052709
28 0.656360 0.785505 0.017668 0.080527
38 0.480124 0.220351 0.045053 0.054173