21 0.680532 0.576372 0.063228 0.054893
37 0.503328 0.029236 0.031614 0.022673
28 0.673877 0.266110 0.049917 0.066826
32 0.500832 0.859189 0.066556 0.088305
37 0.923461 0.479714 0.033278 0.026253
28 0.673877 0.693317 0.049917 0.064439
32 0.501664 0.144391 0.068220 0.085919
28 0.305324 0.772076 0.051581 0.066826
28 0.336938 0.289379 0.051581 0.065632
37 0.502496 0.977924 0.033278 0.022673
28 0.336106 0.670048 0.049917 0.063246
21 0.681364 0.383652 0.064892 0.053699
37 0.075707 0.480907 0.031614 0.023866
12 0.501266 0.481960 0.102354 0.096720