18 0.487629 0.902433 0.109360 0.076979
32 0.721775 0.505133 0.059703 0.061319
29 0.038042 0.245192 0.044650 0.037133
14 0.251763 0.819112 0.103778 0.075987
30 0.863587 0.209829 0.076519 0.042497
18 0.562907 0.485264 0.068997 0.194313
30 0.771042 0.747095 0.076539 0.042484
30 0.573435 0.206163 0.076541 0.042494
37 0.589099 0.032067 0.016228 0.024977
37 0.294550 0.201316 0.016230 0.024975
37 0.649979 0.201311 0.016233 0.024972
29 0.403456 0.243378 0.044647 0.037108
29 0.033988 0.782325 0.044652 0.037146
32 0.598955 0.792173 0.059730 0.061304
32 0.279594 0.637767 0.059722 0.061318
14 0.447522 0.420828 0.103776 0.075988
32 0.153658 0.969355 0.059717 0.061290