32 0.274501 0.211498 0.039469 0.096442
32 0.408331 0.214611 0.039462 0.096449
32 0.536051 0.216678 0.039468 0.096437
30 0.143117 0.075752 0.018482 0.033535
30 0.270228 0.080931 0.018485 0.033557
30 0.410777 0.079901 0.018490 0.033548
30 0.536050 0.080933 0.018490 0.033549
30 0.675990 0.079899 0.018486 0.033541
28 0.891695 0.612544 0.021855 0.080790
28 0.609378 0.349331 0.021864 0.080791
37 0.013467 0.490808 0.013760 0.023320
29 0.472310 0.976439 0.038794 0.033723
30 0.802418 0.082728 0.018477 0.033558
14 0.518944 0.497510 0.057288 0.149671
14 0.251279 0.493371 0.057296 0.149698
28 0.606930 0.752443 0.051625 0.038379
28 0.341112 0.348285 0.021850 0.080790
32 0.675574 0.213697 0.039467 0.096438
37 0.014793 0.895444 0.013748 0.023320
14 0.787774 0.487307 0.057290 0.149678
28 0.339048 0.754089 0.051621 0.038394
28 0.084072 0.491219 0.021861 0.080795
37 0.975421 0.894404 0.013756 0.023323
37 0.978472 0.610468 0.013758 0.023309
32 0.807982 0.756589 0.039467 0.096429
32 0.676599 0.708907 0.039465 0.096426
32 0.539105 0.763838 0.039467 0.096440
32 0.408946 0.707876 0.039468 0.096416
32 0.270227 0.761765 0.039471 0.096438
32 0.141291 0.706832 0.039464 0.096416
32 0.141901 0.218752 0.039473 0.096430