29 0.864425 0.958111 0.039420 0.059939
32 0.116912 0.180735 0.056759 0.101449
32 0.391739 0.356034 0.034616 0.149884
32 0.867458 0.757840 0.034620 0.149852
32 0.692273 0.357587 0.034618 0.149858
29 0.209162 0.570795 0.039422 0.059953
29 0.965766 0.961119 0.039430 0.059943
37 0.963881 0.792699 0.014922 0.049479
37 0.205382 0.386355 0.014915 0.049453
29 0.794649 0.224155 0.039421 0.059960
29 0.034251 0.568558 0.039425 0.059942
37 0.967095 0.580991 0.014908 0.049453
12 0.492464 0.359137 0.054968 0.152622
8 0.034251 0.360674 0.054975 0.152611