32 0.793908 0.346521 0.052942 0.154498
29 0.794991 0.936281 0.060298 0.061795
32 0.793346 0.729258 0.052948 0.154501
12 0.625292 0.360136 0.084086 0.157359
12 0.052656 0.354909 0.084072 0.157347
29 0.049920 0.582845 0.060286 0.061811
32 0.453388 0.351744 0.052938 0.154496
29 0.947186 0.256588 0.060299 0.061783
37 0.952105 0.542081 0.022820 0.050982
29 0.246890 0.581076 0.060292 0.061784
29 0.948784 0.932461 0.060296 0.061805
37 0.946897 0.763078 0.022811 0.050985
37 0.249731 0.382857 0.022820 0.050979