29 0.612846 0.096045 0.056249 0.043210
37 0.967865 0.864377 0.021284 0.035650
37 0.038913 0.866172 0.021291 0.035666
29 0.964109 0.964662 0.056229 0.043231
29 0.045165 0.964665 0.056242 0.043218
29 0.406207 0.976451 0.056237 0.043229
32 0.516478 0.185566 0.049386 0.108047
32 0.829042 0.562370 0.049383 0.108052
32 0.297668 0.562361 0.049383 0.108060
32 0.405339 0.828473 0.049389 0.108055
37 0.967962 0.434285 0.021290 0.035650
37 0.042409 0.438016 0.021278 0.035671
12 0.520820 0.569812 0.078438 0.110049