37 0.045147 0.474559 0.013328 0.035652
30 0.803877 0.124333 0.029654 0.049020
30 0.661999 0.120173 0.029656 0.049036
30 0.192798 0.126866 0.029651 0.049031
14 0.793937 0.560593 0.041607 0.177790
14 0.643846 0.473982 0.041593 0.177780
14 0.176236 0.468770 0.041613 0.177750
37 0.924342 0.646064 0.013329 0.035662
37 0.338578 0.207891 0.013337 0.035655
37 0.513213 0.473295 0.013322 0.035664
12 0.661564 0.701143 0.049124 0.110055
29 0.659923 0.850125 0.035224 0.043213
29 0.191318 0.853878 0.035222 0.043212
29 0.340218 0.853882 0.035219 0.043226
14 0.324871 0.563396 0.041609 0.177791
12 0.192413 0.699911 0.049125 0.110061