32 0.287130 0.171710 0.052489 0.088594
8 0.894749 0.527137 0.069651 0.079101
8 0.047187 0.522991 0.069646 0.079107
12 0.475988 0.813158 0.070951 0.080596
37 0.421245 0.278434 0.020394 0.027085
37 0.511567 0.274293 0.020384 0.027086
29 0.896587 0.708491 0.053963 0.039718
29 0.043529 0.711601 0.053986 0.039713
30 0.286238 0.080342 0.045346 0.037255
30 0.660874 0.071252 0.045353 0.037253
32 0.285307 0.585173 0.052484 0.088598
32 0.656630 0.584140 0.052488 0.088599
37 0.513387 0.926104 0.020374 0.027095
37 0.427631 0.921971 0.020399 0.027087
14 0.677610 0.417298 0.080445 0.144759
32 0.654806 0.177918 0.052480 0.088603
14 0.267969 0.414179 0.080447 0.144776