29 0.780462 0.427776 0.053500 0.037094
37 0.418249 0.353165 0.020204 0.025310
37 0.783246 0.351671 0.020206 0.025309
8 0.888122 0.613678 0.069015 0.073921
8 0.048365 0.614711 0.069001 0.073916
12 0.375373 0.748395 0.070314 0.075312
37 0.509849 0.929735 0.020207 0.025325
37 0.424711 0.932845 0.020201 0.025309
30 0.652104 0.071235 0.036768 0.048712
30 0.285403 0.075849 0.036770 0.048710
32 0.651101 0.162892 0.052000 0.082790
32 0.284434 0.166000 0.052001 0.082791
32 0.559190 0.747361 0.052010 0.082786
37 0.414711 0.255118 0.020213 0.025320
37 0.779122 0.255982 0.020217 0.025317
4 0.679663 0.513582 0.079800 0.100187
4 0.251988 0.512727 0.079819 0.100155
29 0.891242 0.785410 0.053482 0.037113
29 0.050364 0.783691 0.053477 0.037090
29 0.416855 0.424786 0.053496 0.037095