32 0.779303 0.408011 0.036081 0.120156
32 0.337733 0.181908 0.036070 0.120165
32 0.199497 0.403589 0.036081 0.120168
12 0.339045 0.402141 0.048786 0.109317
12 0.618135 0.402136 0.048775 0.109293
8 0.905090 0.406525 0.047882 0.107279
8 0.070438 0.399201 0.047883 0.107301
32 0.476625 0.738329 0.036086 0.120181
29 0.696749 0.155487 0.037108 0.053861
29 0.418317 0.156956 0.037107 0.053837
29 0.067815 0.556270 0.037107 0.053863
29 0.476621 0.971753 0.037105 0.053845
29 0.905743 0.548942 0.037109 0.053844
32 0.617482 0.183398 0.036070 0.120162