14 0.728735 0.511908 0.074823 0.121764
37 0.756881 0.149654 0.020210 0.023185
37 0.291601 0.149056 0.020193 0.023189
32 0.340313 0.231129 0.052006 0.075802
32 0.707808 0.232247 0.052013 0.075812
32 0.662940 0.749277 0.051989 0.075821
37 0.936079 0.316300 0.020204 0.023182
37 0.475855 0.318789 0.020199 0.023181
29 0.102356 0.714209 0.053472 0.033985
37 0.573787 0.911737 0.020208 0.023183
37 0.483100 0.910864 0.020189 0.023178
12 0.529761 0.745068 0.070309 0.068968
8 0.103637 0.603442 0.069005 0.067690
14 0.323280 0.507161 0.074836 0.121762
37 0.938634 0.406879 0.020190 0.023179
37 0.476140 0.408377 0.020214 0.023170
29 0.474622 0.474038 0.053482 0.033985
30 0.528152 0.069956 0.044940 0.031872
29 0.938638 0.472547 0.053479 0.033985