32 0.423901 0.232622 0.043836 0.121398
32 0.271719 0.455224 0.043851 0.121390
12 0.422560 0.445281 0.059279 0.110436
12 0.730952 0.447759 0.059280 0.110418
8 0.043428 0.453977 0.058171 0.108375
29 0.042767 0.706419 0.045078 0.054421
29 0.423234 0.907874 0.045081 0.054420
29 0.728947 0.909116 0.045076 0.054388
29 0.574757 0.123218 0.045080 0.054419
32 0.728945 0.731282 0.043843 0.121398
32 0.421236 0.731280 0.043845 0.121380
32 0.881136 0.457716 0.043850 0.121395
32 0.728279 0.235130 0.043825 0.121393