29 0.489717 0.966866 0.053173 0.044366
32 0.486587 0.796512 0.050550 0.119657
32 0.623995 0.235673 0.050555 0.119690
32 0.356201 0.238176 0.050549 0.119686
37 0.772345 0.662217 0.016396 0.029190
29 0.705980 0.112572 0.053171 0.044345
12 0.619310 0.521678 0.068360 0.108871
12 0.357765 0.524183 0.068353 0.108862
37 0.226592 0.663444 0.016399 0.029174
29 0.446764 0.112570 0.053164 0.044347
29 0.093865 0.694538 0.053165 0.044353
29 0.909751 0.698277 0.053166 0.044356
8 0.908973 0.525433 0.067090 0.106837
8 0.093091 0.522932 0.067089 0.106871
37 0.826209 0.372480 0.016388 0.029169
37 0.169608 0.371222 0.016381 0.029175