8 0.105608 0.532080 0.074445 0.105163
8 0.638660 0.148660 0.074436 0.105161
12 0.345848 0.537270 0.075852 0.107158
12 0.639882 0.534677 0.075854 0.107147
32 0.350638 0.254083 0.056105 0.117777
32 0.346245 0.804964 0.056090 0.117763
29 0.345147 0.973796 0.059002 0.043648
29 0.637953 0.282614 0.058986 0.043646
37 0.951037 0.388259 0.018183 0.028711
37 0.246282 0.388261 0.018187 0.028713
37 0.253884 0.672977 0.018178 0.028717
29 0.100513 0.694473 0.058988 0.043667
29 0.951387 0.776218 0.058992 0.043647
37 0.952427 0.671759 0.018196 0.028708