37 0.972446 0.644044 0.016400 0.025292
37 0.044995 0.640310 0.016378 0.025272
37 0.119381 0.072199 0.016377 0.025260
37 0.913478 0.071478 0.016379 0.025260
37 0.044088 0.826200 0.016382 0.025270
29 0.044090 0.905294 0.039757 0.033692
14 0.371094 0.402800 0.050705 0.144191
29 0.217736 0.760930 0.039765 0.033698
14 0.788413 0.263767 0.050707 0.144193
32 0.396520 0.958107 0.056270 0.065129
29 0.633424 0.913881 0.039769 0.033692
29 0.813434 0.879074 0.039765 0.033679
14 0.615674 0.568192 0.050706 0.144169
4 0.191905 0.631612 0.062822 0.112902
4 0.611638 0.794510 0.062823 0.112906
32 0.813434 0.755972 0.034800 0.082695
32 0.356565 0.170268 0.034790 0.082687
32 0.216923 0.285902 0.034787 0.082699
32 0.631813 0.172750 0.034789 0.082696