29 0.071684 0.711289 0.064927 0.033190
14 0.632035 0.533915 0.082812 0.141979
14 0.222143 0.531326 0.082794 0.142013
37 0.070484 0.528727 0.026770 0.024892
37 0.936423 0.410696 0.026753 0.024888
32 0.605501 0.246834 0.056816 0.081446
32 0.430157 0.746735 0.056818 0.081443
37 0.479684 0.929529 0.026740 0.024888
37 0.373949 0.924555 0.026750 0.024907
29 0.792869 0.606210 0.064942 0.033184
29 0.938971 0.594910 0.064937 0.033194
37 0.937355 0.514322 0.026755 0.024885
37 0.068472 0.632206 0.026758 0.024879
30 0.595609 0.086820 0.056037 0.037633
30 0.261904 0.081623 0.056030 0.037633