32 0.772923 0.775876 0.045400 0.091991
32 0.513353 0.775865 0.045405 0.091986
30 0.302215 0.091762 0.044764 0.042512
37 0.770822 0.344934 0.021374 0.028108
12 0.095212 0.259807 0.075354 0.089106
14 0.749262 0.585202 0.066157 0.160389
14 0.495214 0.589336 0.066158 0.160380
14 0.282195 0.410065 0.066158 0.160384
14 0.118088 0.583119 0.066147 0.160395
32 0.099151 0.774830 0.045403 0.092008
29 0.305853 0.961572 0.051882 0.037474
30 0.098836 0.097362 0.044760 0.042526
37 0.512364 0.346174 0.021382 0.028097