37 0.039201 0.318240 0.016315 0.030443
29 0.451864 0.977322 0.039560 0.040586
4 0.190528 0.793275 0.058358 0.121789
4 0.473862 0.798240 0.058352 0.121781
12 0.453641 0.213371 0.054404 0.099625
4 0.428531 0.566938 0.058358 0.121772
4 0.190531 0.564447 0.058357 0.121771
4 0.819859 0.563220 0.058361 0.121769
4 0.818522 0.790781 0.058361 0.121776
29 0.617097 0.668769 0.039570 0.040587
37 0.617651 0.613848 0.016307 0.030436
36 0.451266 0.310166 0.057349 0.058223
30 0.175865 0.101863 0.057350 0.058208
30 0.446885 0.094408 0.057357 0.058218
37 0.611859 0.427667 0.016316 0.030440
37 0.841186 0.242386 0.016303 0.030442
37 0.963857 0.379176 0.016302 0.030443
37 0.965855 0.915144 0.016312 0.030444
37 0.036531 0.916381 0.016298 0.030444
12 0.167543 0.218553 0.054402 0.099638