37 0.024639 0.938112 0.016497 0.021702
4 0.376785 0.841344 0.066795 0.087141
37 0.754151 0.564300 0.016503 0.021705
37 0.955331 0.937399 0.016507 0.021714
37 0.549986 0.403552 0.016508 0.021716
37 0.430161 0.402519 0.016498 0.021701
37 0.258297 0.566247 0.016513 0.021710
0 0.600423 0.203525 0.062959 0.091156
0 0.328059 0.202914 0.062950 0.091171
0 0.071208 0.204714 0.062958 0.091157
36 0.355036 0.321115 0.033396 0.028797
36 0.626871 0.729838 0.033400 0.028784
30 0.627372 0.076524 0.033561 0.035378
30 0.356991 0.077869 0.033552 0.035392
30 0.056099 0.080458 0.033553 0.035390
30 0.935780 0.075277 0.033542 0.035372
12 0.052774 0.484861 0.055056 0.071046
12 0.942828 0.483833 0.055061 0.071055
29 0.258731 0.757068 0.040037 0.024800
29 0.430596 0.609370 0.040047 0.024796
29 0.549634 0.608882 0.040038 0.024795
29 0.757758 0.710430 0.040040 0.024801
37 0.257763 0.712094 0.016500 0.021726
37 0.434481 0.566147 0.016503 0.021708
37 0.550765 0.566149 0.016493 0.021717
37 0.757707 0.681867 0.016514 0.021715
4 0.646408 0.564664 0.066790 0.087145
4 0.336581 0.565697 0.066804 0.087144
4 0.646407 0.837196 0.066793 0.087136
4 0.924696 0.838234 0.066797 0.087154