37 0.947576 0.432522 0.017923 0.023267
29 0.945583 0.492100 0.043471 0.026590
37 0.458370 0.937105 0.017932 0.023278
37 0.522259 0.937957 0.017925 0.023274
12 0.492306 0.804108 0.059779 0.076161
8 0.159557 0.678891 0.059787 0.076166
8 0.831048 0.682352 0.059782 0.076159
37 0.945515 0.330877 0.017922 0.023271
29 0.831051 0.782527 0.043475 0.026586
29 0.158902 0.782524 0.043479 0.026595
30 0.287252 0.087579 0.029576 0.040172
30 0.696389 0.086206 0.029580 0.040176
4 0.719910 0.582173 0.068552 0.091539
0 0.674338 0.207395 0.068558 0.091544
0 0.307970 0.206535 0.068559 0.091542
4 0.263374 0.584776 0.068536 0.091546