12 0.666472 0.236342 0.051756 0.073366
8 0.085911 0.735020 0.049902 0.074721
29 0.742342 0.513727 0.036966 0.025599
8 0.933785 0.734313 0.049913 0.074731
12 0.668280 0.736039 0.051756 0.073366
12 0.263552 0.737766 0.051751 0.073361
32 0.264697 0.240989 0.032349 0.073371
32 0.741961 0.228756 0.032348 0.073379
29 0.454026 0.081404 0.036967 0.025594
29 0.086024 0.830961 0.036967 0.025613
29 0.465874 0.978486 0.036962 0.025613
29 0.932380 0.831686 0.036975 0.025613
37 0.206948 0.153334 0.015240 0.022425
37 0.741492 0.383624 0.015238 0.022412
32 0.465919 0.902317 0.032347 0.073376
32 0.175112 0.732493 0.032347 0.073377
32 0.386585 0.733210 0.032346 0.073372
32 0.840847 0.730334 0.032351 0.073376
32 0.503578 0.243869 0.032349 0.073369
32 0.757633 0.733933 0.032348 0.073366
37 0.741177 0.452405 0.015241 0.022418