0 0.421176 0.184392 0.068235 0.100829
18 0.414706 0.735497 0.064706 0.111878
32 0.114118 0.190608 0.054118 0.116022
4 0.420588 0.515193 0.069412 0.099448
0 0.648235 0.184392 0.068235 0.100829
4 0.141765 0.734116 0.067059 0.103591
29 0.574118 0.959254 0.065882 0.042818
32 0.675294 0.773481 0.054118 0.118785
4 0.234706 0.274171 0.067059 0.103591
4 0.647647 0.516575 0.069412 0.099448
0 0.891176 0.184392 0.067059 0.100829
30 0.113216 0.083596 0.060007 0.020714
30 0.391679 0.081000 0.060000 0.020716
37 0.069868 0.896818 0.016474 0.020716
37 0.749862 0.899286 0.016472 0.020718
30 0.676774 0.086197 0.059998 0.020721
30 0.903288 0.086195 0.060006 0.020708
30 0.260187 0.082300 0.059997 0.020718