28 0.803625 0.467433 0.046454 0.054316
32 0.118673 0.333298 0.048206 0.085971
12 0.585133 0.469111 0.046449 0.117647
28 0.393953 0.324661 0.023663 0.119910
32 0.391241 0.751183 0.033300 0.124423
29 0.802483 0.631165 0.035931 0.052019
37 0.967596 0.330547 0.013145 0.033945
37 0.967134 0.897337 0.013146 0.033926
32 0.394391 0.130090 0.047327 0.083710
32 0.887379 0.331979 0.048203 0.085985
37 0.033922 0.330115 0.012276 0.033933
37 0.033742 0.897299 0.013146 0.036213
32 0.694128 0.465847 0.031551 0.122173
28 0.198326 0.471559 0.043302 0.050424
32 0.309331 0.468007 0.031554 0.122175