37 0.027048 0.918776 0.024507 0.023170
32 0.481191 0.807556 0.052963 0.077389
30 0.488778 0.086400 0.107582 0.049658
30 0.848355 0.087799 0.107571 0.049645
37 0.942868 0.920161 0.024495 0.023176
30 0.123327 0.089172 0.107581 0.049663
37 0.862150 0.330572 0.024490 0.023175
37 0.856280 0.549752 0.024483 0.023184
0 0.827310 0.183978 0.089240 0.088258
0 0.140441 0.185372 0.089243 0.088263
4 0.445723 0.565496 0.089236 0.088270
0 0.453057 0.184450 0.089230 0.088262
4 0.823655 0.696570 0.089220 0.088280
4 0.142410 0.694267 0.089232 0.088260
29 0.483557 0.984218 0.060392 0.031564