4 0.683144 0.535781 0.060267 0.113174
4 0.081679 0.664067 0.060254 0.113174
4 0.274525 0.664072 0.060250 0.113185
4 0.462684 0.660966 0.060276 0.113183
30 0.898967 0.085826 0.031464 0.053878
30 0.710439 0.079621 0.031467 0.053888
30 0.442596 0.083767 0.031474 0.053884
0 0.270503 0.195685 0.062945 0.113997
0 0.873852 0.195664 0.062948 0.113997
4 0.874389 0.660283 0.060277 0.113175
36 0.440424 0.310694 0.037383 0.039713
36 0.365071 0.312075 0.037389 0.039728
36 0.246221 0.313807 0.037385 0.039707
36 0.442078 0.799978 0.037397 0.039712
32 0.709236 0.781164 0.038464 0.092016
0 0.683655 0.196719 0.062948 0.113980
0 0.462687 0.197761 0.062945 0.113987
37 0.900642 0.323553 0.017783 0.027551
37 0.928765 0.899286 0.017775 0.027544
37 0.898226 0.526237 0.017787 0.027551
29 0.708569 0.966944 0.043833 0.037560