18 0.172331 0.764711 0.072325 0.145473
37 0.578873 0.894689 0.021744 0.024703
29 0.361933 0.970580 0.053610 0.033650
0 0.838822 0.183046 0.076961 0.102212
0 0.503482 0.183047 0.076971 0.102221
0 0.217451 0.180562 0.076971 0.102210
4 0.221836 0.580974 0.073695 0.101487
4 0.496906 0.582216 0.073698 0.101486
32 0.533074 0.736412 0.047020 0.082518
37 0.871799 0.319531 0.021733 0.024709
30 0.192210 0.082910 0.038800 0.030227
30 0.870280 0.077730 0.038813 0.030225
30 0.527436 0.083384 0.038814 0.030231
37 0.027651 0.897178 0.021761 0.024709