0 0.502683 0.184418 0.074565 0.085559
30 0.871322 0.086048 0.039178 0.026989
4 0.503469 0.543666 0.074385 0.090624
29 0.361033 0.977652 0.054112 0.030047
37 0.029104 0.916721 0.021952 0.022066
37 0.710306 0.919215 0.021962 0.022078
37 0.871320 0.311127 0.021958 0.022053
32 0.536911 0.648122 0.047466 0.073680
30 0.202497 0.083565 0.039184 0.026987
30 0.533199 0.087287 0.039170 0.026984
0 0.233467 0.180553 0.074566 0.085564
0 0.837876 0.183041 0.074576 0.085562
18 0.174018 0.804796 0.072991 0.129932
18 0.556736 0.803553 0.072996 0.129933
4 0.238428 0.549876 0.074379 0.090624