37 0.017550 0.934557 0.022235 0.017610
29 0.355558 0.984186 0.054854 0.023988
18 0.156385 0.813205 0.074000 0.103728
18 0.546879 0.821496 0.073982 0.103728
32 0.529837 0.686599 0.048110 0.058821
4 0.219930 0.573649 0.075401 0.072350
4 0.498388 0.571926 0.075396 0.072347
4 0.495105 0.424255 0.075386 0.072340
4 0.219933 0.425113 0.075390 0.072338
0 0.497301 0.127187 0.075574 0.068303
0 0.216659 0.127188 0.075582 0.068294
0 0.218851 0.278319 0.075572 0.068309
0 0.496201 0.273995 0.075582 0.068308
0 0.835808 0.277447 0.075575 0.068300
0 0.840165 0.126327 0.075575 0.068301
30 0.531140 0.056384 0.039692 0.021552
30 0.868561 0.056383 0.039712 0.021555
30 0.183890 0.058101 0.039703 0.021540
37 0.868234 0.386453 0.022253 0.017607
37 0.701550 0.935148 0.022259 0.017614