21 0.142857 0.796569 0.075893 0.049020
37 0.514509 0.127451 0.029018 0.034314
29 0.514509 0.958333 0.073661 0.044118
37 0.142857 0.127451 0.031250 0.034314
4 0.481027 0.556373 0.082589 0.112745
0 0.175223 0.284314 0.082589 0.112745
37 0.779018 0.127451 0.031250 0.034314
32 0.515625 0.747549 0.062500 0.137255
0 0.744420 0.284314 0.082589 0.112745
2 0.478795 0.284314 0.082589 0.112745
4 0.175223 0.556373 0.082589 0.112745
29 0.141741 0.959559 0.073661 0.046569
21 0.514509 0.863971 0.069196 0.046569