37 0.020633 0.933083 0.016495 0.016899
37 0.883469 0.934119 0.016502 0.016900
37 0.853688 0.477132 0.016504 0.016895
29 0.458684 0.983167 0.033540 0.028860
18 0.104989 0.822397 0.044629 0.110109
18 0.333568 0.823120 0.044623 0.110093
18 0.540356 0.818432 0.044621 0.110112
23 0.739050 0.601603 0.079448 0.113701
32 0.853521 0.809624 0.028775 0.058830
32 0.322965 0.687342 0.028766 0.058811
32 0.526723 0.686307 0.028774 0.058810
30 0.123547 0.056273 0.026663 0.027354
30 0.523007 0.059150 0.026666 0.027350
30 0.321358 0.061876 0.026665 0.027355
4 0.835283 0.599306 0.050162 0.068409
4 0.305515 0.568225 0.050153 0.068392
4 0.132323 0.569259 0.050155 0.068387
0 0.131538 0.127810 0.050948 0.068385
0 0.305518 0.127808 0.050940 0.068395
4 0.134672 0.424180 0.050160 0.068389
0 0.509273 0.125739 0.050931 0.068388
4 0.303197 0.424126 0.050166 0.068398
0 0.302803 0.272832 0.050946 0.068386
0 0.507707 0.275991 0.050938 0.068387
0 0.132320 0.274956 0.050938 0.068382