32 0.073974 0.740695 0.054848 0.086406
14 0.095333 0.531374 0.079342 0.159593
12 0.070390 0.216889 0.084412 0.086005
29 0.406719 0.971894 0.063942 0.042404
30 0.278860 0.075507 0.053104 0.039115
30 0.073858 0.076806 0.053110 0.039117
37 0.884944 0.196175 0.031455 0.024813
37 0.703897 0.184772 0.031446 0.024810
32 0.883608 0.742770 0.054846 0.086403
14 0.252983 0.346911 0.079332 0.159578
14 0.857169 0.513750 0.079324 0.159590
14 0.680154 0.518956 0.079327 0.159580
32 0.705611 0.739663 0.054849 0.086384