14 0.692355 0.625395 0.061938 0.142311
29 0.109856 0.891533 0.060199 0.040358
29 0.852564 0.746117 0.060227 0.040359
29 0.800187 0.569198 0.060213 0.040349
12 0.476233 0.811920 0.069115 0.093262
37 0.519362 0.932795 0.024439 0.029636
37 0.433129 0.926761 0.024413 0.029630
14 0.254932 0.624800 0.061949 0.142285
18 0.296822 0.203037 0.061938 0.142280
18 0.647423 0.197857 0.061937 0.142288
37 0.801293 0.408769 0.024424 0.029638
37 0.110665 0.699486 0.024424 0.029610
37 0.111862 0.791602 0.024414 0.029625
37 0.804216 0.502689 0.024429 0.029627