32 0.890171 0.625311 0.066883 0.092803
37 0.565888 0.918788 0.030021 0.030037
37 0.406512 0.915049 0.030040 0.030044
29 0.890165 0.777029 0.076246 0.037667
14 0.463203 0.325455 0.106132 0.143637
12 0.245130 0.205969 0.100495 0.093264
37 0.082189 0.096952 0.030018 0.030055
37 0.072546 0.770573 0.036889 0.026090
37 0.918342 0.095371 0.030016 0.030052
37 0.071833 0.688128 0.030011 0.030070
29 0.072549 0.838966 0.076248 0.037674
18 0.455018 0.683755 0.106120 0.143618
21 0.244364 0.437543 0.065090 0.056208
21 0.244362 0.554434 0.065101 0.056215