0 0.741935 0.188797 0.077419 0.095436
37 0.921505 0.919087 0.027957 0.024896
29 0.465591 0.974066 0.070968 0.039419
32 0.775269 0.557054 0.058065 0.105809
0 0.497849 0.188797 0.075269 0.095436
37 0.938710 0.485477 0.027957 0.029046
29 0.920430 0.975104 0.068817 0.037344
14 0.488172 0.731328 0.068817 0.122407
2 0.498925 0.338174 0.077419 0.095436
14 0.750538 0.731328 0.064516 0.122407
0 0.740860 0.336100 0.075269 0.095436
11 0.310753 0.223029 0.079570 0.064315
32 0.468817 0.880705 0.060215 0.109959
29 0.773118 0.974066 0.070968 0.035270
36 0.620430 0.335062 0.023656 0.018672
30 0.467450 0.091208 0.021851 0.023495