14 0.632748 0.782578 0.063918 0.132957
32 0.925412 0.588595 0.046609 0.077801
32 0.109459 0.324955 0.046604 0.077800
29 0.108284 0.434390 0.054119 0.031663
37 0.921909 0.081229 0.021314 0.025254
37 0.021661 0.083717 0.021307 0.025249
21 0.107120 0.162055 0.046210 0.047215
21 0.311992 0.497804 0.046200 0.047227
21 0.656158 0.567448 0.046206 0.047209
37 0.199597 0.783825 0.021323 0.025246
37 0.013465 0.930549 0.021302 0.025252
37 0.927759 0.929313 0.021306 0.025246
29 0.925416 0.683088 0.054118 0.031658
18 0.295604 0.230453 0.075309 0.120674
14 0.633923 0.361021 0.063908 0.132951