21 0.307974 0.364720 0.048952 0.035264
18 0.727035 0.762329 0.079793 0.090101
18 0.286885 0.166688 0.079793 0.090083
21 0.309367 0.435189 0.048937 0.035257
32 0.744554 0.462764 0.049363 0.058081
32 0.747876 0.644312 0.049363 0.058078
32 0.910658 0.644313 0.049374 0.058083
29 0.910459 0.731820 0.057315 0.023642
18 0.288749 0.851852 0.079765 0.090093
37 0.251645 0.054693 0.021146 0.015845
37 0.807594 0.053829 0.021152 0.015841
37 0.124762 0.168685 0.021158 0.015835
37 0.123598 0.850894 0.021156 0.015833
37 0.128211 0.947608 0.021159 0.015830
37 0.806442 0.948474 0.021158 0.015850
14 0.722058 0.284821 0.067701 0.099258
14 0.572570 0.399224 0.067697 0.099267