37 0.055400 0.806972 0.021074 0.021521
30 0.639887 0.075464 0.059101 0.032130
30 0.232523 0.078265 0.059109 0.032132
29 0.868375 0.720857 0.057073 0.032121
0 0.261838 0.603686 0.083122 0.092846
0 0.610974 0.605416 0.083132 0.092815
4 0.198713 0.807332 0.080301 0.097860
4 0.261533 0.402051 0.080308 0.097862
4 0.606737 0.398432 0.080315 0.097859
0 0.199551 0.195140 0.083125 0.092834
32 0.869493 0.604885 0.049157 0.078914
37 0.774798 0.932179 0.021059 0.021525
37 0.057924 0.928715 0.021062 0.021526
37 0.972612 0.499534 0.021067 0.021519
37 0.059346 0.197292 0.021077 0.021519