0 0.229238 0.734429 0.061519 0.080411
4 0.415018 0.443448 0.061516 0.080419
29 0.323171 0.613956 0.042557 0.027299
37 0.323171 0.570182 0.015706 0.018291
37 0.974239 0.578404 0.015704 0.018296
29 0.974650 0.614843 0.042556 0.027304
4 0.550621 0.444688 0.061512 0.080405
0 0.691564 0.153810 0.061519 0.080405
0 0.840153 0.224274 0.061511 0.080409
0 0.279594 0.154847 0.061519 0.080425
30 0.711385 0.066365 0.023730 0.028495
30 0.253147 0.062053 0.023724 0.028497
30 0.098589 0.067761 0.023725 0.028497
12 0.101853 0.842004 0.057822 0.072539
12 0.483152 0.835748 0.057826 0.072532
36 0.250600 0.834325 0.039533 0.032375
36 0.479843 0.729984 0.039548 0.032387
36 0.715887 0.440699 0.039554 0.032378
36 0.482303 0.322291 0.039550 0.032390
37 0.052988 0.943630 0.015712 0.018290
37 0.764811 0.944663 0.015702 0.018297
37 0.972311 0.444986 0.015704 0.018290
0 0.122991 0.224274 0.061513 0.080403
37 0.322766 0.444117 0.015707 0.018302
0 0.689427 0.738164 0.061513 0.080415
30 0.865617 0.062053 0.023724 0.028498