29 0.078705 0.669434 0.041012 0.036054
30 0.792274 0.091624 0.033250 0.037626
37 0.080801 0.925761 0.015142 0.024156
30 0.377430 0.089031 0.033247 0.037622
30 0.202946 0.087295 0.034917 0.037621
37 0.830427 0.922831 0.015135 0.024158
37 0.078459 0.803455 0.015139 0.024161
37 0.083135 0.216496 0.015134 0.024154
37 0.081583 0.485119 0.015135 0.024158
29 0.945835 0.754644 0.041014 0.036026
32 0.945765 0.630517 0.035314 0.088568
36 0.372060 0.480708 0.038106 0.042754
36 0.436999 0.526482 0.038108 0.042763
8 0.511353 0.720448 0.055739 0.095785
8 0.509406 0.289355 0.055730 0.095781
4 0.767711 0.651215 0.059290 0.106188
4 0.354701 0.374710 0.059286 0.106169
4 0.227537 0.378173 0.059274 0.106175
4 0.177746 0.806479 0.059287 0.106187
0 0.224286 0.628594 0.059273 0.106177
0 0.350914 0.636367 0.059277 0.106176
0 0.177297 0.215095 0.059287 0.106171
0 0.768940 0.345340 0.059286 0.106173
23 0.634106 0.654787 0.113639 0.203650
23 0.635735 0.348504 0.113642 0.203665
37 0.078702 0.612582 0.015139 0.024150