30 0.592498 0.062993 0.027601 0.037816
4 0.394038 0.795949 0.068209 0.105174
4 0.561000 0.789636 0.068209 0.105183
0 0.333113 0.269132 0.071555 0.106703
0 0.565012 0.268254 0.071551 0.106700
4 0.341021 0.574568 0.068205 0.105179
4 0.616399 0.575440 0.068217 0.105180
37 0.633688 0.922256 0.019486 0.024283
37 0.313550 0.918531 0.019486 0.024272
37 0.268625 0.580300 0.019489 0.024267
37 0.689847 0.576562 0.019493 0.024283
37 0.958495 0.381341 0.019484 0.024277
37 0.048651 0.269403 0.019489 0.024268
37 0.045835 0.155003 0.019489 0.024268
29 0.957984 0.677579 0.051157 0.037212
37 0.958921 0.616641 0.019497 0.024275
36 0.364106 0.150033 0.046010 0.042957
30 0.365977 0.075426 0.027597 0.037814