14 0.714501 0.424903 0.053990 0.116701
18 0.234742 0.215212 0.053986 0.116687
14 0.528171 0.308817 0.053984 0.116692
14 0.525247 0.788106 0.053999 0.116690
14 0.712381 0.848506 0.054006 0.116692
37 0.855939 0.947400 0.019947 0.019159
37 0.115952 0.946516 0.019952 0.019154
37 0.367179 0.788985 0.019951 0.019161
37 0.852189 0.064848 0.019956 0.019158
37 0.122121 0.066943 0.019948 0.019153
37 0.109818 0.218178 0.019941 0.019158
21 0.256387 0.434958 0.043447 0.036467
21 0.255338 0.555311 0.043429 0.036468
21 0.734549 0.609283 0.043424 0.036458
32 0.920779 0.599957 0.043636 0.070249
29 0.922988 0.684192 0.052374 0.029369