37 0.017880 0.944417 0.017432 0.017223
12 0.079727 0.430098 0.061577 0.064173
8 0.393578 0.789665 0.061596 0.064176
29 0.932644 0.692356 0.045752 0.026403
29 0.393720 0.861282 0.045750 0.026400
29 0.078162 0.511187 0.045746 0.026410
29 0.234274 0.432421 0.045747 0.026408
37 0.018710 0.063970 0.017432 0.017216
32 0.080158 0.136611 0.038136 0.063148
32 0.394880 0.134850 0.038126 0.063154
32 0.395713 0.664356 0.038132 0.063151
32 0.692995 0.868272 0.038126 0.063140
32 0.938794 0.607470 0.038124 0.063148
14 0.508650 0.598711 0.047186 0.104900
14 0.799286 0.800880 0.047162 0.104905
14 0.673067 0.389542 0.047158 0.104900
37 0.737834 0.065712 0.017428 0.017224
18 0.374951 0.259129 0.047160 0.104914
2 0.212844 0.352886 0.066747 0.070696
2 0.371877 0.520703 0.066746 0.070690
18 0.097599 0.260884 0.047180 0.104910
2 0.668743 0.724182 0.066742 0.070697