37 0.051008 0.737733 0.021672 0.024208
37 0.052220 0.863758 0.021676 0.024199
37 0.488011 0.862505 0.021673 0.024200
37 0.373634 0.253773 0.021677 0.024207
37 0.052221 0.255027 0.021683 0.024201
32 0.656259 0.130186 0.077880 0.058684
23 0.647902 0.438684 0.165203 0.196854
29 0.946668 0.854941 0.060700 0.034797
29 0.486799 0.967101 0.060703 0.034806
32 0.657654 0.741377 0.077885 0.058672
32 0.269609 0.740646 0.077891 0.058666
32 0.267515 0.134556 0.077887 0.058667
29 0.377243 0.357118 0.060694 0.034798
29 0.054616 0.359639 0.060701 0.034800
29 0.049810 0.968372 0.060694 0.034806
37 0.047408 0.132791 0.021683 0.024198
37 0.945469 0.440308 0.021678 0.024202