29 0.253747 0.977896 0.083512 0.035061
37 0.925054 0.648628 0.034261 0.025915
29 0.730193 0.983994 0.081370 0.032012
12 0.256959 0.182165 0.141328 0.099085
14 0.280514 0.350610 0.081370 0.103659
14 0.467880 0.267530 0.083512 0.105183
32 0.256959 0.861280 0.068522 0.094512
14 0.705567 0.349848 0.079229 0.105183
14 0.282655 0.520579 0.081370 0.102134
14 0.703426 0.520579 0.079229 0.102134
14 0.282655 0.690549 0.081370 0.103659
32 0.732334 0.814787 0.072805 0.096037
37 0.925054 0.945884 0.034261 0.025915
37 0.489780 0.072520 0.031147 0.027594