23 0.397866 0.366667 0.122967 0.262745
29 0.955766 0.951113 0.041667 0.043136
29 0.595280 0.871561 0.041668 0.043128
29 0.163848 0.952941 0.041671 0.043137
29 0.070847 0.954819 0.041663 0.043132
8 0.070847 0.771676 0.053855 0.105867
38 0.235857 0.816039 0.053931 0.080904
38 0.233136 0.592393 0.053919 0.080941
38 0.583988 0.230179 0.040570 0.111826
38 0.846359 0.535550 0.040568 0.111835
38 0.844335 0.230130 0.040568 0.111822
37 0.952779 0.858800 0.015238 0.028426
29 0.589780 0.053831 0.041661 0.043128
29 0.851521 0.057524 0.041661 0.043132
37 0.955769 0.675483 0.015248 0.028433
23 0.683481 0.675483 0.128043 0.264709
28 0.717039 0.361008 0.024396 0.099990
28 0.489809 0.599640 0.024387 0.100008