37 0.092792 0.796368 0.018230 0.030495
37 0.094302 0.888377 0.018233 0.030483
29 0.878403 0.636336 0.054689 0.047927
4 0.461844 0.689215 0.085873 0.141142
36 0.328549 0.307390 0.041436 0.097056
36 0.554122 0.297882 0.041428 0.097046
23 0.723239 0.386780 0.151346 0.280748
29 0.093547 0.971550 0.054678 0.047934
29 0.546235 0.851836 0.054688 0.047925
29 0.626828 0.590938 0.054682 0.047932
29 0.143261 0.414506 0.054677 0.047935
28 0.877646 0.503990 0.067792 0.050409
4 0.233646 0.691767 0.085877 0.141159
4 0.231383 0.254444 0.085862 0.141144
4 0.458860 0.251945 0.085862 0.141147
28 0.724732 0.157404 0.033107 0.110919
28 0.376740 0.522837 0.067789 0.050411
37 0.461115 0.094384 0.018234 0.030499
37 0.974825 0.388044 0.018222 0.030504
37 0.234396 0.099424 0.018225 0.030512