8 0.259620 0.601666 0.061354 0.102464
37 0.633483 0.918299 0.017281 0.022463
23 0.601387 0.504721 0.289008 0.550300
30 0.603856 0.107458 0.064178 0.063718
29 0.084527 0.751893 0.043622 0.034162
37 0.577870 0.917858 0.016746 0.022462
8 0.604943 0.780069 0.061350 0.102483
8 0.085338 0.604338 0.061352 0.102464
8 0.603597 0.232651 0.061351 0.102480
37 0.978374 0.502504 0.024159 0.022470
37 0.975345 0.684487 0.024168 0.022454
29 0.977005 0.753606 0.043633 0.034153
8 0.263671 0.407151 0.061358 0.102476