29 0.641362 0.604201 0.038897 0.029944
12 0.311089 0.430277 0.049837 0.085662
8 0.403759 0.153256 0.054721 0.089841
8 0.641772 0.516853 0.054717 0.089843
12 0.154879 0.281917 0.049848 0.085670
29 0.155049 0.427278 0.038896 0.029954
29 0.155573 0.979186 0.038899 0.029951
32 0.760148 0.428212 0.054588 0.057773
32 0.530307 0.427384 0.034535 0.098714
37 0.978698 0.428858 0.016011 0.019698
37 0.018752 0.704643 0.016013 0.019702
37 0.018842 0.153044 0.016008 0.019693
12 0.155551 0.835248 0.049844 0.085666