30 0.350420 0.069997 0.031775 0.031786
30 0.878993 0.066687 0.031768 0.031781
0 0.853915 0.176673 0.067584 0.079986
0 0.325627 0.176668 0.067563 0.079985
0 0.533873 0.489135 0.067556 0.079980
0 0.178383 0.483948 0.067557 0.079977
4 0.233696 0.796962 0.062352 0.077429
4 0.480458 0.795511 0.062348 0.077419
37 0.161183 0.927475 0.015581 0.018067
37 0.951613 0.929211 0.015598 0.018065
37 0.160688 0.179068 0.015596 0.018066
29 0.040567 0.552968 0.047495 0.026747
29 0.674181 0.551168 0.047510 0.026757
36 0.352651 0.260966 0.046281 0.028746
37 0.612430 0.703240 0.015592 0.018063
37 0.742151 0.703244 0.015584 0.018057
37 0.945444 0.487364 0.015588 0.018058
4 0.851603 0.702691 0.062358 0.077428