29 0.037736 0.501695 0.059748 0.033898
29 0.700472 0.501695 0.058176 0.033898
0 0.152516 0.437288 0.088050 0.105085
29 0.951258 0.711017 0.059748 0.032203
0 0.585692 0.435593 0.083333 0.105085
4 0.773585 0.790678 0.081761 0.103390
32 0.805818 0.186441 0.051887 0.084746
32 0.361635 0.185593 0.053459 0.086441
37 0.955274 0.438743 0.018869 0.023731
37 0.953939 0.634364 0.018882 0.020333
29 0.258907 0.127231 0.059762 0.033892
30 0.811908 0.067770 0.080188 0.030517
29 0.551887 0.978814 0.062893 0.028814
4 0.518868 0.789831 0.081761 0.101695
4 0.217767 0.790678 0.083333 0.103390
37 0.854807 0.924606 0.018868 0.020335
37 0.141051 0.928192 0.018873 0.020331