29 0.038437 0.504961 0.060230 0.034129
29 0.705913 0.506936 0.060223 0.034143
37 0.959785 0.439468 0.019017 0.020476
37 0.958854 0.635860 0.019024 0.020475
37 0.845298 0.931873 0.019027 0.020474
37 0.138215 0.933320 0.019017 0.020479
30 0.362039 0.067722 0.080816 0.030724
29 0.924539 0.123171 0.060228 0.034135
32 0.813877 0.187417 0.052288 0.085326
32 0.362523 0.186371 0.052299 0.085327
0 0.587731 0.442331 0.083992 0.105809
0 0.152734 0.442326 0.083995 0.105794
4 0.221054 0.796726 0.083988 0.104093
4 0.522268 0.797777 0.083996 0.104103
4 0.777299 0.794675 0.084001 0.104095
29 0.957487 0.716361 0.060226 0.034139
29 0.557155 0.986960 0.060213 0.026080