37 0.815842 0.937945 0.014875 0.022782
37 0.435957 0.937945 0.014877 0.022766
37 0.028065 0.878560 0.014874 0.022794
29 0.310957 0.815103 0.036391 0.031323
29 0.971801 0.771721 0.036402 0.031332
29 0.728742 0.621504 0.036405 0.031334
29 0.028698 0.954071 0.036409 0.031321
37 0.028227 0.758175 0.014869 0.022778
28 0.605720 0.095842 0.024797 0.070370
30 0.562303 0.232394 0.018476 0.026511
30 0.791182 0.230322 0.018483 0.026501
12 0.793010 0.345358 0.050801 0.074035
12 0.559527 0.345428 0.050803 0.074037
28 0.176404 0.651879 0.047017 0.035633
0 0.437507 0.562258 0.050000 0.083899
0 0.682127 0.561294 0.050000 0.083902
4 0.768828 0.823484 0.050001 0.082537
4 0.637777 0.819629 0.049997 0.082543
4 0.482533 0.820604 0.050008 0.082536
28 0.747602 0.728059 0.027073 0.070354
28 0.387771 0.636479 0.040990 0.070371
28 0.390021 0.489073 0.040995 0.070363
37 0.971772 0.562342 0.014882 0.022773
37 0.970220 0.709049 0.014880 0.022777
38 0.249501 0.551174 0.048608 0.041383
38 0.249505 0.745246 0.048614 0.041371
38 0.107845 0.552469 0.048613 0.041372
38 0.107850 0.746070 0.048616 0.041383
29 0.041293 0.620729 0.036400 0.031335