37 0.960888 0.595301 0.014403 0.022552
0 0.070866 0.140753 0.055218 0.083696
0 0.462428 0.134414 0.055222 0.083684
0 0.894638 0.137413 0.055238 0.083679
0 0.463992 0.339329 0.055236 0.083676
0 0.648669 0.338245 0.055219 0.083684
0 0.317218 0.340423 0.055225 0.083687
0 0.355923 0.468116 0.055233 0.083681
0 0.609154 0.471391 0.055228 0.083704
4 0.606001 0.668270 0.055228 0.083708
4 0.747132 0.671305 0.055232 0.083698
4 0.356783 0.667511 0.055220 0.083685
4 0.355105 0.869120 0.055218 0.083699
4 0.608802 0.868368 0.055223 0.083685
4 0.751054 0.866093 0.055220 0.083691
4 0.894980 0.868361 0.055223 0.083679
12 0.050069 0.538370 0.050957 0.070490
12 0.483261 0.537996 0.049285 0.071241
36 0.773515 0.587309 0.036173 0.037904
28 0.883186 0.595199 0.022945 0.065278
37 0.961411 0.674124 0.014404 0.022546
37 0.946153 0.947982 0.014412 0.022555
37 0.026855 0.949378 0.014405 0.022546
37 0.244292 0.234917 0.014405 0.022524
37 0.242947 0.335878 0.014403 0.022534
37 0.698233 0.752307 0.014404 0.022539
37 0.500990 0.612228 0.014398 0.022541
36 0.770168 0.134512 0.036181 0.037909
30 0.049877 0.064115 0.023519 0.025477
36 0.628600 0.792295 0.036165 0.037903
37 0.461337 0.611318 0.014411 0.022529
36 0.480365 0.188667 0.036169 0.037890
36 0.481714 0.233228 0.036173 0.037892
29 0.699619 0.782222 0.037266 0.027414
29 0.961083 0.752713 0.037271 0.027417
30 0.774643 0.065006 0.023520 0.025467
30 0.483341 0.065016 0.023520 0.025463