29 0.245663 0.589702 0.030679 0.024323
29 0.403408 0.589017 0.030677 0.024334
29 0.238193 0.376514 0.030677 0.024338
29 0.130856 0.188530 0.030676 0.024328
29 0.023975 0.374476 0.030679 0.024330
29 0.329201 0.027791 0.030681 0.024346
29 0.486478 0.027792 0.030683 0.024331
0 0.690967 0.360416 0.045462 0.074295
0 0.832380 0.391743 0.045462 0.074281
0 0.832378 0.259613 0.045464 0.074292
0 0.472090 0.274590 0.045469 0.074296
0 0.472556 0.119986 0.045462 0.074280
0 0.343279 0.119308 0.045458 0.074279
36 0.325979 0.631209 0.029771 0.033640
8 0.945977 0.525391 0.039670 0.060731
8 0.589796 0.461911 0.039673 0.060735
4 0.830880 0.712843 0.045461 0.074286
4 0.833120 0.552648 0.045453 0.074300
4 0.473580 0.820727 0.045461 0.074289
4 0.312848 0.823173 0.045455 0.074281
4 0.471899 0.549375 0.045461 0.074293
4 0.314530 0.546926 0.045463 0.074277
0 0.067460 0.333171 0.045466 0.074286
0 0.195804 0.334534 0.045451 0.074290
0 0.342816 0.274590 0.045458 0.074292
29 0.847481 0.194492 0.030679 0.024336
29 0.778407 0.303467 0.030682 0.024331
29 0.674337 0.289158 0.030678 0.024334
29 0.743873 0.401543 0.030682 0.024327
29 0.781676 0.436962 0.030676 0.024330
29 0.780744 0.590889 0.030689 0.024324
29 0.946885 0.586123 0.030684 0.024334
29 0.847011 0.784322 0.030675 0.024344
29 0.779343 0.754354 0.030674 0.024337
29 0.590334 0.525505 0.030686 0.024322
29 0.486012 0.917991 0.030686 0.024328
29 0.404802 0.862136 0.030671 0.024332
29 0.327335 0.916624 0.030678 0.024342
29 0.246593 0.862819 0.030683 0.024343