36 0.366099 0.814658 0.038008 0.025117
37 0.658218 0.088254 0.015125 0.014930
37 0.620289 0.091132 0.015128 0.014938
37 0.406213 0.145821 0.015139 0.014944
37 0.045482 0.203392 0.015143 0.014932
37 0.405372 0.204113 0.015128 0.014946
37 0.605123 0.221386 0.015130 0.014934
37 0.953214 0.222824 0.015131 0.014936
37 0.912755 0.380424 0.015134 0.014949
37 0.654007 0.380422 0.015133 0.014939
37 0.250285 0.379701 0.015131 0.014946
37 0.208986 0.378263 0.015128 0.014939
37 0.105325 0.288310 0.015127 0.014937
4 0.360547 0.205368 0.058028 0.055474
12 0.149986 0.616995 0.052675 0.045579
36 0.365972 0.713410 0.037998 0.025109
37 0.091892 0.518309 0.015137 0.014943
37 0.915771 0.519008 0.015140 0.014937
37 0.901297 0.818249 0.015138 0.014932
37 0.913098 0.916836 0.015129 0.014935
37 0.594510 0.618915 0.015132 0.014942
37 0.401496 0.611719 0.015129 0.014945
37 0.095549 0.818251 0.015127 0.014935
37 0.091333 0.918999 0.015132 0.014932
37 0.064864 0.288312 0.015121 0.014931
30 0.338219 0.048151 0.020487 0.016485
30 0.120762 0.046907 0.020485 0.016499
30 0.782151 0.048409 0.020486 0.016491
30 0.150151 0.519687 0.020479 0.016490
30 0.369994 0.518490 0.020482 0.016493
30 0.634080 0.519089 0.020481 0.016494
30 0.847606 0.519687 0.020486 0.016492
0 0.142173 0.093965 0.058015 0.055470
0 0.314957 0.092766 0.058010 0.055473
0 0.760254 0.113158 0.058028 0.055473
0 0.652086 0.222899 0.058016 0.055475
0 0.910558 0.224098 0.058011 0.055466
0 0.826978 0.568322 0.058017 0.055478
0 0.649978 0.568322 0.058021 0.055469
0 0.345864 0.570121 0.058016 0.055470
0 0.344455 0.653478 0.058033 0.055474
0 0.650686 0.669671 0.058016 0.055471
0 0.824870 0.670271 0.058011 0.055468
4 0.170172 0.768423 0.058016 0.055480
4 0.170654 0.868367 0.058011 0.055471
4 0.346247 0.867953 0.058012 0.055463
4 0.343807 0.766335 0.058010 0.055471
4 0.611098 0.769253 0.058022 0.055469
4 0.609152 0.869617 0.058013 0.055477
4 0.827661 0.770090 0.058007 0.055463
4 0.828149 0.869205 0.058017 0.055473
4 0.693795 0.333239 0.058032 0.055481
4 0.870852 0.334073 0.058011 0.055466
4 0.208528 0.316762 0.058012 0.055468
4 0.099595 0.206404 0.058013 0.055481