0 0.870510 0.161787 0.023314 0.070878
2 0.734089 0.382897 0.023945 0.069337
4 0.104915 0.586287 0.023314 0.072419
36 0.520794 0.272727 0.008192 0.018490
2 0.390359 0.161787 0.024575 0.073960
29 0.939824 0.966102 0.020794 0.030817
0 0.660050 0.493837 0.024575 0.066256
29 0.190296 0.963790 0.020164 0.029276
4 0.198488 0.603236 0.023945 0.069337
4 0.315060 0.711094 0.023945 0.072419
36 0.820416 0.271957 0.007561 0.016949
29 0.609326 0.965331 0.021424 0.029276
4 0.510712 0.747304 0.024575 0.070878
2 0.314115 0.271186 0.024575 0.073960
32 0.940139 0.785824 0.018904 0.083205
36 0.670132 0.271957 0.008192 0.020031
29 0.744802 0.964561 0.020164 0.027735
29 0.040013 0.964561 0.019534 0.027735
0 0.049149 0.164869 0.023945 0.073960
0 0.198803 0.271957 0.024575 0.072419
0 0.930057 0.271186 0.022684 0.067797
4 0.679269 0.714946 0.022684 0.067797
32 0.114367 0.692604 0.018273 0.081664
4 0.047889 0.589368 0.023945 0.069337
4 0.869880 0.859784 0.023314 0.070878
32 0.324827 0.858243 0.018273 0.083205
0 0.619093 0.379815 0.024575 0.069337
29 0.879647 0.965331 0.021424 0.029276
2 0.104915 0.163328 0.024575 0.070878
29 0.250158 0.964561 0.021424 0.027735
29 0.669817 0.965331 0.018904 0.026194
4 0.735665 0.712635 0.023314 0.069337
4 0.619723 0.600924 0.023314 0.070878
4 0.259294 0.711094 0.024575 0.072419
36 0.745432 0.271957 0.007561 0.016949
29 0.820416 0.964561 0.021424 0.027735
21 0.670181 0.862626 0.020077 0.032359
21 0.249698 0.862633 0.020585 0.029447
21 0.114548 0.862122 0.019939 0.029280
21 0.040067 0.861856 0.020949 0.027732
29 0.324512 0.963790 0.021424 0.029276
29 0.459672 0.963790 0.022054 0.029276
32 0.745117 0.858243 0.018273 0.083205
36 0.460618 0.160247 0.006301 0.018490
29 0.114367 0.965331 0.020794 0.029276
0 0.810019 0.382126 0.023314 0.067797
32 0.459357 0.855932 0.018904 0.081664
37 0.958727 0.638675 0.009452 0.023112
4 0.828607 0.859784 0.023945 0.070878
2 0.449905 0.274268 0.025205 0.073960
29 0.519534 0.964561 0.019534 0.027735
0 0.528670 0.490755 0.023945 0.066256
2 0.240076 0.161787 0.023945 0.073960
30 0.880637 0.092503 0.008162 0.018678
30 0.820264 0.089824 0.008157 0.018682
30 0.745452 0.090358 0.008162 0.018680
30 0.668923 0.092075 0.008158 0.018672
30 0.610999 0.089385 0.008165 0.018671
30 0.520955 0.088756 0.008168 0.018655
30 0.460398 0.089393 0.008158 0.018680
30 0.400107 0.092606 0.008159 0.018676
30 0.325334 0.090043 0.008167 0.018680
30 0.250821 0.091961 0.008165 0.018670
30 0.188950 0.091329 0.008169 0.018665
30 0.114579 0.092319 0.008161 0.018680
36 0.880314 0.270361 0.008192 0.018499
36 0.610570 0.493617 0.008186 0.018496
36 0.671387 0.380949 0.008193 0.018493
36 0.189864 0.160530 0.008195 0.018479
36 0.248839 0.273847 0.008192 0.018488
36 0.324666 0.161827 0.008186 0.018490
36 0.399963 0.272561 0.008192 0.018494
36 0.521080 0.162474 0.008193 0.018495
36 0.610861 0.271266 0.008194 0.018491
36 0.821492 0.161177 0.008194 0.018491
36 0.745661 0.160536 0.008188 0.018491
36 0.610330 0.160532 0.008191 0.018490
36 0.670893 0.163104 0.008191 0.018481