37 0.211948 0.068292 0.020003 0.019025
37 0.793962 0.069204 0.019994 0.019024
37 0.845405 0.277204 0.020002 0.019035
37 0.070734 0.451200 0.019997 0.019031
37 0.424395 0.451203 0.019995 0.019021
37 0.847085 0.643592 0.019993 0.019024
37 0.792355 0.931789 0.019990 0.019023
37 0.547326 0.931025 0.019996 0.019026
36 0.583537 0.730941 0.057263 0.032195
18 0.353620 0.450302 0.053312 0.089796
18 0.139411 0.450307 0.053316 0.089788
18 0.607885 0.280901 0.053320 0.089788
18 0.775233 0.280909 0.053318 0.089800
18 0.272063 0.280903 0.053307 0.089782
14 0.607500 0.645155 0.053318 0.089779
14 0.778261 0.646019 0.053319 0.089799
32 0.756515 0.880645 0.040879 0.064305
32 0.586543 0.879203 0.040877 0.064318
32 0.250223 0.131354 0.040874 0.064307
32 0.588522 0.126941 0.040879 0.064292
32 0.754627 0.128039 0.040874 0.064315