32 0.848235 0.113049 0.026285 0.061777
32 0.846841 0.900138 0.026289 0.061777
32 0.738777 0.900138 0.026291 0.061777
32 0.150066 0.899043 0.026285 0.061772
14 0.217625 0.497649 0.034284 0.086246
14 0.081534 0.496892 0.034292 0.086252
14 0.754138 0.677344 0.034300 0.086254
18 0.457142 0.498141 0.034295 0.086249
14 0.862228 0.679630 0.034287 0.086245
18 0.596591 0.498139 0.034286 0.086251
18 0.861489 0.331389 0.034288 0.086248
18 0.754523 0.334428 0.034299 0.086254
18 0.538909 0.330626 0.034283 0.086240
14 0.164423 0.678758 0.034298 0.086254
37 0.209497 0.679532 0.012863 0.018284
37 0.262225 0.495525 0.012868 0.018276
37 0.038681 0.496153 0.012871 0.018269
37 0.415308 0.495530 0.012866 0.018278
37 0.639691 0.496280 0.012868 0.018281
37 0.906265 0.678259 0.012860 0.018275
37 0.904588 0.331816 0.012865 0.018276
37 0.872100 0.058472 0.012868 0.018282
37 0.500802 0.056187 0.012857 0.018283
36 0.740593 0.761315 0.036831 0.030924
36 0.527826 0.195374 0.036831 0.030926
36 0.526211 0.235941 0.036830 0.030925
36 0.740727 0.232650 0.036828 0.030925
32 0.526841 0.110011 0.026292 0.061779
32 0.741263 0.115343 0.026292 0.061777