14 0.449875 0.802222 0.037623 0.075768
14 0.700189 0.377348 0.037615 0.075775
36 0.138511 0.716397 0.033267 0.021654
37 0.079399 0.721405 0.014112 0.016050
36 0.518212 0.572868 0.040397 0.027164
36 0.350334 0.415992 0.040394 0.027163
36 0.462692 0.414553 0.040399 0.027166
36 0.350994 0.718952 0.040398 0.027164
36 0.688078 0.295096 0.040403 0.027172
36 0.573068 0.718954 0.040388 0.027172
36 0.463349 0.292933 0.040395 0.027169
37 0.211293 0.296778 0.014107 0.016053
37 0.216691 0.053947 0.014109 0.016057
37 0.928144 0.052219 0.014114 0.016052
37 0.119136 0.939099 0.014107 0.016057
37 0.820273 0.939959 0.014113 0.016055
36 0.684110 0.575030 0.040400 0.027163
28 0.909566 0.218480 0.043982 0.020828
28 0.139117 0.801102 0.043982 0.020823
32 0.238582 0.121394 0.028844 0.054274
32 0.351840 0.123464 0.028841 0.054269
32 0.519354 0.122433 0.028844 0.054270
32 0.798220 0.124504 0.028846 0.054275
32 0.798219 0.875798 0.028842 0.054273
32 0.575505 0.873729 0.028845 0.054272
18 0.250952 0.298595 0.037621 0.075770
18 0.363259 0.300669 0.037623 0.075773
18 0.532679 0.220874 0.037621 0.075768
18 0.787754 0.299632 0.037623 0.075780
18 0.526964 0.420871 0.037618 0.075778
18 0.247147 0.419838 0.037612 0.075782
18 0.340422 0.637455 0.037628 0.075780
14 0.452731 0.578385 0.037626 0.075774
14 0.785846 0.579425 0.037629 0.075776
14 0.788704 0.722429 0.037622 0.075766
14 0.672588 0.728647 0.037612 0.075777
14 0.248098 0.724499 0.037620 0.075774