37 0.183674 0.384956 0.012619 0.023430
37 0.086791 0.388941 0.012618 0.023440
37 0.036381 0.489490 0.012621 0.023432
37 0.236314 0.490483 0.012619 0.023434
37 0.320318 0.489486 0.012614 0.023445
37 0.114224 0.933499 0.012615 0.023431
32 0.749747 0.132952 0.025786 0.079221
32 0.632811 0.134377 0.025790 0.079216
32 0.466689 0.140114 0.025780 0.079225
37 0.371454 0.592122 0.012614 0.023440
18 0.646879 0.308316 0.033631 0.110621
18 0.764491 0.299359 0.033642 0.110595
18 0.855777 0.302347 0.033631 0.110592
18 0.598160 0.484530 0.033639 0.110596
18 0.479990 0.491501 0.033635 0.110600
18 0.358464 0.488511 0.033633 0.110592
14 0.198402 0.488117 0.033637 0.110604
14 0.076768 0.494090 0.033629 0.110620
14 0.150014 0.701961 0.033639 0.110622
14 0.574750 0.705547 0.033629 0.110608
14 0.645313 0.707936 0.033633 0.110611
37 0.518187 0.488594 0.012619 0.023438
37 0.896734 0.298645 0.012621 0.023432
37 0.865000 0.068019 0.012611 0.023439
37 0.443572 0.069669 0.012615 0.023439
37 0.895478 0.700543 0.012619 0.023438
32 0.845722 0.866936 0.025781 0.079224
32 0.844916 0.131517 0.025781 0.079224
32 0.750553 0.869790 0.025787 0.079224
37 0.866909 0.929518 0.012619 0.023439
32 0.632007 0.871227 0.025787 0.079230
32 0.586044 0.868363 0.025791 0.079227
32 0.135239 0.869795 0.025782 0.079217
18 0.478312 0.300355 0.033636 0.110597
37 0.467372 0.593332 0.012618 0.023435
14 0.858353 0.703156 0.033639 0.110597
14 0.766953 0.703154 0.033638 0.110595