28 0.895830 0.542182 0.024084 0.047895
36 0.508144 0.645284 0.034966 0.019070
36 0.712608 0.644405 0.031562 0.026913
36 0.847822 0.642006 0.035027 0.026917
36 0.848204 0.535861 0.040131 0.026915
14 0.567383 0.582910 0.039770 0.075080
14 0.630853 0.575718 0.039777 0.075083
14 0.448079 0.580514 0.039772 0.075066
14 0.337580 0.585912 0.039758 0.075068
14 0.836556 0.750828 0.039758 0.075071
14 0.514487 0.754419 0.039766 0.075074
18 0.719045 0.273681 0.039765 0.075080
18 0.859393 0.260725 0.039771 0.075076
18 0.463035 0.267923 0.039764 0.075080
18 0.362886 0.264325 0.039765 0.075077
18 0.268381 0.267920 0.039771 0.075077
18 0.061027 0.271520 0.039762 0.075076
18 0.244402 0.542107 0.039766 0.075075
18 0.726801 0.547863 0.039758 0.075068
18 0.751491 0.647174 0.039776 0.075073
18 0.212661 0.650050 0.039764 0.075081
32 0.714007 0.119685 0.030489 0.053768
32 0.847716 0.118825 0.030489 0.053773
32 0.454186 0.117959 0.030490 0.053771
32 0.349245 0.121414 0.030488 0.053766
32 0.256990 0.117965 0.030486 0.053773
32 0.048798 0.119681 0.030491 0.053767
32 0.506657 0.890843 0.030487 0.053772
37 0.031309 0.055178 0.014921 0.015911
37 0.865788 0.055180 0.014920 0.015915
37 0.894561 0.265885 0.014912 0.015911
37 0.925032 0.542225 0.014920 0.015902
37 0.882707 0.649300 0.014919 0.015900
37 0.873397 0.752065 0.014915 0.015908
37 0.866627 0.954142 0.014920 0.015911
37 0.112561 0.956729 0.014920 0.015920
37 0.131185 0.489547 0.014911 0.015909
36 0.262721 0.645610 0.042718 0.026911
36 0.255083 0.705572 0.042708 0.026912
36 0.203949 0.709776 0.042714 0.026923
36 0.129310 0.709175 0.042705 0.026919
36 0.715269 0.751749 0.042706 0.026913
36 0.769927 0.748759 0.042706 0.026912
36 0.556584 0.264804 0.042697 0.026920
36 0.617118 0.261806 0.042709 0.026924
21 0.405106 0.712308 0.037617 0.046172
37 0.765293 0.488550 0.014922 0.015904
28 0.131807 0.833691 0.046559 0.024656