36 0.231823 0.641547 0.039809 0.025815
37 0.077818 0.752449 0.013908 0.015261
37 0.077414 0.646417 0.013912 0.015258
37 0.102915 0.048255 0.013905 0.015253
37 0.840824 0.050850 0.013907 0.015259
37 0.875374 0.263284 0.013909 0.015261
37 0.877019 0.324595 0.013908 0.015255
37 0.598965 0.492988 0.013908 0.015250
37 0.539735 0.496442 0.013914 0.015257
37 0.106205 0.956721 0.013914 0.015261
37 0.881958 0.953265 0.013912 0.015263
37 0.908279 0.763281 0.013906 0.015259
37 0.909926 0.688150 0.013912 0.015266
36 0.124056 0.643273 0.039814 0.025818
32 0.821755 0.112785 0.031861 0.056706
32 0.700926 0.114027 0.031868 0.056713
32 0.345548 0.117755 0.031861 0.056712
32 0.235375 0.115273 0.031857 0.056712
32 0.120470 0.115268 0.031858 0.056715
32 0.539818 0.602731 0.031864 0.056719
32 0.601419 0.607704 0.031857 0.056713
32 0.700928 0.892476 0.031865 0.056715
18 0.218793 0.263254 0.037080 0.072000
18 0.131133 0.266980 0.037074 0.071997
18 0.360943 0.263250 0.037065 0.071995
18 0.712770 0.326668 0.037074 0.071995
18 0.831229 0.254540 0.037073 0.072011
18 0.875062 0.691018 0.037070 0.071997
18 0.770815 0.691019 0.037075 0.072000
14 0.427279 0.605215 0.037075 0.072007
14 0.333697 0.755691 0.037089 0.072005
14 0.244849 0.753194 0.037073 0.071997
14 0.107435 0.755685 0.037083 0.072008
14 0.580097 0.771853 0.037068 0.072008
14 0.690260 0.704699 0.037077 0.072007
18 0.426095 0.748227 0.037071 0.071998
14 0.611953 0.538692 0.037071 0.072005
14 0.530507 0.538708 0.037080 0.061600
36 0.822484 0.320300 0.039819 0.025814
36 0.698262 0.256405 0.039818 0.025819
36 0.863613 0.759860 0.039829 0.025816
36 0.701554 0.762443 0.039812 0.025813
36 0.782995 0.758989 0.039828 0.025822
36 0.701553 0.531874 0.039818 0.025817
36 0.345345 0.640687 0.039821 0.025819