37 0.747039 0.490028 0.012629 0.022221
37 0.923406 0.299055 0.012629 0.022245
37 0.693321 0.595286 0.012630 0.022234
37 0.618190 0.596066 0.012633 0.022232
37 0.567785 0.593710 0.012628 0.022225
37 0.491710 0.596849 0.012628 0.022232
37 0.437577 0.489160 0.012630 0.022225
37 0.891669 0.932983 0.012631 0.022227
37 0.170341 0.932985 0.012621 0.022231
37 0.035932 0.488689 0.012622 0.022232
37 0.090257 0.384926 0.012623 0.022223
37 0.165866 0.386813 0.012627 0.022231
37 0.219063 0.386809 0.012628 0.022233
37 0.291868 0.384922 0.012629 0.022225
37 0.346370 0.488904 0.012624 0.022231
14 0.227842 0.490415 0.034179 0.104037
14 0.303716 0.495131 0.034184 0.104033
14 0.153632 0.492300 0.034182 0.104036
14 0.078025 0.495131 0.034184 0.104029
14 0.804953 0.704538 0.034188 0.104018
14 0.881117 0.705479 0.034177 0.104034
14 0.204032 0.704542 0.034187 0.104025
18 0.478871 0.493666 0.033658 0.104880
18 0.553875 0.493662 0.033664 0.104884
18 0.636127 0.490943 0.033662 0.104879
18 0.704679 0.490948 0.033668 0.104877
18 0.831289 0.488226 0.033660 0.104880
18 0.881290 0.302133 0.033657 0.104878
18 0.704675 0.303496 0.033664 0.104875
32 0.192519 0.872791 0.028937 0.082616
32 0.819940 0.865994 0.028936 0.082605
32 0.870744 0.872788 0.028929 0.082611
32 0.868324 0.131130 0.028936 0.082620
32 0.694132 0.129774 0.028936 0.082613
37 0.893329 0.068053 0.012624 0.022218
37 0.669320 0.066874 0.012622 0.022230