8 0.156263 0.576164 0.069101 0.069941
32 0.644459 0.094627 0.048280 0.084916
32 0.645146 0.902778 0.048283 0.084921
32 0.869253 0.597653 0.048287 0.084917
29 0.779331 0.077529 0.054113 0.030223
29 0.777643 0.334608 0.054124 0.030224
29 0.156051 0.679856 0.054123 0.030220
29 0.645607 0.976050 0.054117 0.030218
29 0.868731 0.723895 0.054104 0.030238
29 0.780475 0.770532 0.054108 0.030234
14 0.668904 0.712670 0.057064 0.106926
18 0.668310 0.276842 0.056190 0.107829
18 0.351932 0.483382 0.056195 0.107803
29 0.465308 0.448438 0.054103 0.030209