29 0.285768 0.593663 0.037655 0.056091
32 0.501851 0.473530 0.033589 0.157637
32 0.286702 0.469660 0.033595 0.157654
32 0.179825 0.215173 0.033594 0.157701
32 0.392645 0.225519 0.033594 0.157682
29 0.501380 0.119581 0.037655 0.056112
29 0.341777 0.474820 0.037650 0.056123
29 0.115422 0.921774 0.037653 0.056137
29 0.885940 0.923330 0.037654 0.056129
8 0.115776 0.781321 0.048087 0.129886
8 0.886608 0.783189 0.048082 0.129874
14 0.166851 0.677787 0.039710 0.198556
14 0.384706 0.690194 0.039707 0.198544
14 0.616002 0.677782 0.039707 0.198572
14 0.835426 0.690193 0.039700 0.198564
37 0.844061 0.046707 0.014668 0.042422
37 0.160825 0.048264 0.014663 0.042430
29 0.501106 0.589875 0.037653 0.056145