29 0.910047 0.949759 0.041959 0.050823
29 0.507239 0.949560 0.041958 0.050857
29 0.124154 0.949552 0.041951 0.050870
36 0.373642 0.494877 0.035010 0.045524
36 0.374034 0.332946 0.035002 0.045518
36 0.446390 0.329800 0.035001 0.045522
29 0.315358 0.117855 0.041964 0.050861
36 0.732292 0.495448 0.035018 0.045524
37 0.936595 0.503002 0.016336 0.038435
37 0.936596 0.342695 0.016351 0.038434
37 0.470044 0.049045 0.016343 0.038437
37 0.162023 0.049926 0.016339 0.038425
36 0.256578 0.333843 0.035004 0.045500
36 0.447146 0.495759 0.035002 0.045492
32 0.255393 0.214812 0.037428 0.142845
32 0.182591 0.212720 0.037433 0.142867
32 0.733005 0.902559 0.037436 0.142854
32 0.852013 0.899418 0.037431 0.142834
8 0.912211 0.825893 0.053580 0.117662
8 0.504788 0.824834 0.053582 0.117669
8 0.126206 0.825697 0.053582 0.117673
14 0.174928 0.717301 0.044241 0.179891
14 0.246055 0.732414 0.044241 0.179871
14 0.392785 0.727365 0.044239 0.179911
14 0.454948 0.727365 0.044242 0.179905
14 0.718162 0.724853 0.044236 0.179882
14 0.868820 0.716029 0.044246 0.179928
29 0.672425 0.786086 0.041959 0.050833