36 0.482401 0.208604 0.055276 0.027489
36 0.485237 0.267342 0.055280 0.027486
30 0.111435 0.064802 0.056889 0.033894
30 0.485924 0.061779 0.056891 0.033890
30 0.869159 0.061780 0.056899 0.033891
4 0.372823 0.830337 0.070737 0.062052
4 0.605607 0.832935 0.070738 0.062047
4 0.718747 0.576456 0.081786 0.062045
4 0.836212 0.753487 0.070737 0.062046
0 0.662785 0.400964 0.070744 0.062048
0 0.311989 0.402165 0.070740 0.062051
0 0.134315 0.138298 0.070734 0.062060
0 0.459175 0.140098 0.070757 0.062055
29 0.947499 0.508930 0.051844 0.020390
0 0.838165 0.139496 0.070737 0.062053
12 0.107527 0.574635 0.066800 0.051098
37 0.169844 0.401617 0.021075 0.017172
37 0.172388 0.269909 0.021093 0.017164
37 0.946223 0.399090 0.021066 0.017161
28 0.801596 0.597148 0.030501 0.050972
37 0.952633 0.451621 0.021076 0.017146
37 0.714711 0.485441 0.021078 0.017170