12 0.569291 0.774634 0.045970 0.051678
12 0.797000 0.776703 0.045971 0.051677
18 0.465258 0.323642 0.040325 0.058295
18 0.905421 0.326133 0.040329 0.058282
18 0.676865 0.511079 0.040331 0.058290
18 0.106577 0.752301 0.040334 0.058283
18 0.463813 0.687533 0.040325 0.058280
14 0.788426 0.454813 0.029964 0.054420
14 0.352420 0.538997 0.029959 0.054411
14 0.902484 0.689258 0.029970 0.054398
14 0.217976 0.541590 0.029967 0.054405
36 0.569651 0.323368 0.037160 0.026414
36 0.799749 0.320879 0.037169 0.026405
36 0.684699 0.453937 0.037166 0.026414
36 0.567429 0.447719 0.037161 0.026408
36 0.459017 0.451444 0.037159 0.026411
36 0.453487 0.384302 0.037162 0.026413
36 0.226701 0.452692 0.037158 0.026410
36 0.112760 0.447713 0.037162 0.026408
36 0.112758 0.381806 0.037166 0.026409
36 0.570749 0.686475 0.037166 0.026407
36 0.680274 0.680263 0.037169 0.026405
37 0.053115 0.387788 0.014172 0.016495
37 0.053120 0.454839 0.014174 0.016489
37 0.029462 0.954262 0.014169 0.016491
37 0.937607 0.957734 0.014177 0.016490
14 0.562492 0.390189 0.029958 0.054402
37 0.972574 0.504557 0.014168 0.016490
14 0.105043 0.603765 0.029961 0.054407
37 0.928346 0.050209 0.014178 0.016493
37 0.095281 0.047907 0.014178 0.016491
32 0.457101 0.113400 0.029189 0.057459
32 0.684369 0.115203 0.029196 0.057460
32 0.455134 0.603474 0.029190 0.057473
32 0.340670 0.606926 0.029190 0.057464
32 0.228500 0.604335 0.029198 0.057458
12 0.112948 0.252359 0.045973 0.051677
12 0.285349 0.775663 0.045970 0.051679