18 0.197302 0.197283 0.082620 0.135538
37 0.068188 0.629412 0.025542 0.031086
37 0.128454 0.915191 0.025568 0.031078
37 0.816190 0.911027 0.025562 0.031079
37 0.883553 0.626638 0.025558 0.031072
37 0.883547 0.195190 0.025566 0.031067
37 0.128447 0.081426 0.025566 0.031068
37 0.815011 0.078654 0.025570 0.031077
18 0.499149 0.195393 0.082621 0.135560
18 0.788350 0.193563 0.082620 0.135539
18 0.791530 0.627550 0.082612 0.135537
18 0.646410 0.510658 0.082621 0.135551
18 0.302157 0.505680 0.082622 0.135540
18 0.151757 0.628785 0.082619 0.135557
14 0.346610 0.801614 0.078390 0.136793
14 0.594512 0.806617 0.078377 0.136815