30 0.756232 0.085545 0.019381 0.031326
0 0.771834 0.311389 0.040836 0.094261
0 0.858638 0.305737 0.040826 0.094278
37 0.309244 0.493517 0.013009 0.027210
37 0.384289 0.495776 0.013000 0.027202
0 0.095307 0.306855 0.040838 0.094262
4 0.593984 0.702085 0.033142 0.083921
4 0.773422 0.698792 0.033137 0.083907
4 0.852761 0.697855 0.033131 0.083914
4 0.241856 0.705395 0.033127 0.083907
4 0.065443 0.496100 0.033137 0.083909
4 0.168118 0.493277 0.033135 0.083894
4 0.282459 0.498927 0.033129 0.083909
11 0.030460 0.701017 0.049773 0.061273
12 0.132979 0.699165 0.041073 0.082953
12 0.562331 0.309188 0.041065 0.082961
11 0.664014 0.237481 0.049784 0.061274
32 0.756014 0.146061 0.028935 0.082971
32 0.837360 0.145790 0.028933 0.082961
32 0.836892 0.869809 0.028940 0.082951
32 0.756151 0.871695 0.028935 0.082971
29 0.468509 0.979745 0.031992 0.032311
37 0.554870 0.493193 0.013015 0.027207
36 0.836731 0.589841 0.034112 0.043554
36 0.835761 0.402174 0.034106 0.043551
37 0.012528 0.928218 0.012995 0.027200
37 0.855997 0.928221 0.013006 0.027207
37 0.913243 0.698761 0.013005 0.027198
37 0.910557 0.312103 0.013007 0.027204
37 0.426663 0.590343 0.013011 0.027192
37 0.510739 0.602990 0.012995 0.027205
37 0.263871 0.398819 0.012997 0.027203
37 0.183366 0.397019 0.013008 0.027199
37 0.137750 0.494588 0.013004 0.027204
30 0.470749 0.080659 0.019383 0.031325
30 0.563490 0.082290 0.019383 0.031322
30 0.661872 0.087173 0.019386 0.031329
30 0.836871 0.082286 0.019377 0.031330
30 0.083647 0.082283 0.019379 0.031317
0 0.455277 0.307346 0.040837 0.094280
0 0.414635 0.495883 0.040843 0.094273
0 0.524700 0.494317 0.040829 0.094268