32 0.689492 0.189048 0.037675 0.070795
12 0.130734 0.759872 0.055634 0.077717
36 0.135340 0.592591 0.047142 0.035541
36 0.894824 0.591342 0.047141 0.035511
37 0.038804 0.324973 0.017975 0.022186
37 0.038804 0.598351 0.017978 0.022188
37 0.926864 0.932126 0.017978 0.022175
37 0.101481 0.928943 0.017983 0.022172
37 0.590841 0.304307 0.017971 0.022189
37 0.422834 0.304312 0.017967 0.022189
30 0.127233 0.073146 0.026793 0.025542
30 0.330668 0.075214 0.026791 0.025556
30 0.693200 0.069004 0.026782 0.025546
30 0.892285 0.073142 0.026786 0.025550
4 0.108967 0.324605 0.062599 0.078749
32 0.325388 0.185781 0.037674 0.070816
4 0.915788 0.322556 0.062587 0.078754
14 0.705798 0.420468 0.058250 0.121243
14 0.309822 0.419978 0.058251 0.121242
36 0.508916 0.597177 0.047151 0.035522
12 0.509754 0.754133 0.055644 0.077720
12 0.890572 0.753649 0.055635 0.077714