37 0.034532 0.748533 0.023866 0.022812
37 0.780361 0.935064 0.023887 0.022810
37 0.687126 0.344395 0.023875 0.022810
37 0.572558 0.342315 0.023877 0.022804
37 0.391718 0.061486 0.023866 0.022814
37 0.867971 0.059414 0.023874 0.022804
32 0.439373 0.202018 0.047014 0.072306
32 0.821263 0.198907 0.046985 0.072306
32 0.211373 0.512920 0.080750 0.047474
32 0.210763 0.751049 0.075913 0.047580
12 0.629806 0.843813 0.076555 0.069887
14 0.418091 0.512244 0.075258 0.114001
14 0.841007 0.516406 0.075263 0.113988
37 0.031159 0.512260 0.023880 0.022811
37 0.487197 0.938173 0.023891 0.022808