30 0.819053 0.062390 0.038251 0.029486
32 0.818795 0.205075 0.046864 0.072491
37 0.568815 0.346117 0.023818 0.022870
32 0.434644 0.203581 0.046886 0.072498
37 0.684657 0.348111 0.023815 0.022872
37 0.030039 0.751404 0.023816 0.022866
32 0.211087 0.753780 0.080524 0.047600
12 0.626105 0.845528 0.072294 0.068717
37 0.773966 0.937980 0.023808 0.022852
30 0.437306 0.064155 0.038260 0.029482
36 0.627219 0.746272 0.047839 0.022781
37 0.483796 0.940134 0.023824 0.022869
4 0.400966 0.514518 0.080277 0.082962
4 0.849519 0.515519 0.080274 0.082959
32 0.205158 0.516401 0.080523 0.047607
37 0.031658 0.515512 0.023800 0.022872