29 0.409839 0.063583 0.042141 0.020263
29 0.894919 0.064130 0.042121 0.020265
29 0.566292 0.348363 0.042141 0.020255
29 0.814714 0.473713 0.042134 0.020261
29 0.960725 0.473717 0.042143 0.020267
29 0.445127 0.474551 0.042144 0.020254
29 0.328760 0.474133 0.042137 0.020250
29 0.080979 0.348351 0.042128 0.020251
29 0.091465 0.806309 0.042142 0.020257
29 0.665907 0.968725 0.042135 0.020257
29 0.950390 0.648171 0.042136 0.020255
32 0.187295 0.153767 0.061104 0.037207
32 0.671182 0.152072 0.061090 0.037208
32 0.164952 0.579731 0.061097 0.037206
32 0.311326 0.578351 0.061091 0.037211
32 0.814813 0.372403 0.035570 0.056659
32 0.329795 0.374566 0.035561 0.056669
32 0.387489 0.691783 0.035567 0.056666
32 0.667301 0.891683 0.035573 0.056659
37 0.961137 0.278901 0.018067 0.017874
37 0.962231 0.435414 0.018073 0.017868
37 0.444442 0.278883 0.018070 0.017873
12 0.787611 0.689599 0.057254 0.053057
8 0.089504 0.706168 0.060337 0.057074
8 0.083237 0.248605 0.060338 0.057080
8 0.568376 0.246202 0.060332 0.057094
37 0.442186 0.435989 0.018065 0.017882
28 0.553120 0.689178 0.053692 0.024783
14 0.313661 0.150026 0.059838 0.093694
4 0.792211 0.155064 0.063720 0.069186