14 0.317528 0.583920 0.052611 0.116570
8 0.063744 0.705198 0.063846 0.069520
37 0.305731 0.058515 0.017804 0.019573
37 0.822121 0.056122 0.017812 0.019598
37 0.654716 0.238432 0.017802 0.019583
37 0.475862 0.239625 0.017810 0.019577
37 0.306560 0.942733 0.017801 0.019583
37 0.824026 0.941868 0.017805 0.019579
32 0.935854 0.681768 0.037630 0.069007
32 0.568316 0.825091 0.037638 0.069010
32 0.530151 0.444894 0.037634 0.069019
32 0.791893 0.145649 0.037645 0.069014
32 0.531242 0.144436 0.037645 0.069015
32 0.338205 0.140844 0.037636 0.069010
32 0.433714 0.725610 0.064656 0.045323
32 0.679098 0.727768 0.064647 0.045313
32 0.146449 0.588877 0.064660 0.045309
29 0.063275 0.807795 0.044592 0.024676
29 0.935247 0.808230 0.044594 0.024671
14 0.354047 0.338235 0.052610 0.116589
14 0.772960 0.340391 0.052613 0.116594
14 0.810648 0.597740 0.052622 0.116579