28 0.277885 0.392258 0.042950 0.063164
32 0.123354 0.173177 0.046560 0.085964
32 0.501035 0.167754 0.046560 0.085978
32 0.883869 0.171383 0.046557 0.085968
32 0.943846 0.389352 0.027098 0.130922
32 0.564857 0.384479 0.027102 0.130947
32 0.189233 0.387715 0.027104 0.130937
32 0.318000 0.775461 0.027103 0.130943
32 0.700932 0.778714 0.027100 0.130935
29 0.061899 0.626053 0.032107 0.046780
29 0.440518 0.626054 0.032105 0.046798
29 0.317747 0.954600 0.032109 0.046826
29 0.817885 0.624023 0.032112 0.046798
29 0.943623 0.619487 0.032108 0.046781
29 0.701126 0.960027 0.032104 0.046792
8 0.060849 0.388904 0.045986 0.131898
12 0.701841 0.169649 0.043641 0.122605
12 0.365144 0.389565 0.043648 0.122557
28 0.322646 0.170421 0.018360 0.117606
28 0.440528 0.392300 0.042947 0.063175
28 0.656468 0.393449 0.042953 0.063195
28 0.742768 0.395705 0.042961 0.063191
28 0.818521 0.392305 0.042948 0.063164