37 0.768589 0.659803 0.020799 0.030635
29 0.038204 0.954700 0.042137 0.036106
8 0.039039 0.800021 0.055289 0.097339
32 0.271213 0.165261 0.041008 0.105078
12 0.569516 0.268048 0.058920 0.102258
12 0.571207 0.655823 0.058922 0.102245
37 0.761728 0.886133 0.020810 0.030648
12 0.272057 0.662523 0.058919 0.102238
37 0.174420 0.885274 0.020812 0.030621
28 0.371735 0.165653 0.056372 0.048721
29 0.801495 0.131300 0.042139 0.036099
29 0.800126 0.555750 0.042121 0.036104
37 0.166708 0.659567 0.020805 0.030641
29 0.901817 0.953889 0.042133 0.036094
29 0.421505 0.977031 0.042138 0.036086
8 0.901253 0.800827 0.055303 0.097337
37 0.205654 0.040829 0.020803 0.030661