37 0.019175 0.555879 0.015837 0.015289
37 0.174605 0.553674 0.015845 0.015294
32 0.522605 0.286286 0.031226 0.052445
32 0.638669 0.286286 0.031229 0.052440
32 0.296658 0.284559 0.031222 0.052431
32 0.238621 0.287151 0.031228 0.052442
32 0.866938 0.282833 0.031229 0.052436
32 0.438262 0.285420 0.031224 0.052439
32 0.923425 0.818241 0.031233 0.052429
32 0.779501 0.912368 0.031228 0.052437
32 0.298976 0.914090 0.031229 0.052432
32 0.240170 0.915821 0.031220 0.052431
29 0.098883 0.454830 0.032086 0.018017
29 0.239754 0.981239 0.032083 0.018009
29 0.297593 0.982077 0.032092 0.018017
29 0.639504 0.982607 0.032081 0.018019
29 0.781303 0.982608 0.032082 0.018013
29 0.865883 0.982263 0.032086 0.018026
29 0.923109 0.981917 0.032088 0.018010
29 0.723859 0.759746 0.032086 0.018010
29 0.553695 0.719772 0.032090 0.018017
29 0.439501 0.719768 0.032088 0.018021
29 0.695360 0.375562 0.032089 0.018025
29 0.354684 0.376069 0.032089 0.018008
29 0.198593 0.735853 0.032082 0.018008
29 0.354398 0.760493 0.032088 0.018013
29 0.240599 0.216762 0.032087 0.018022
29 0.297318 0.218011 0.032087 0.018020
29 0.440617 0.216338 0.032081 0.018017
29 0.582044 0.216761 0.032081 0.018025
29 0.524423 0.217047 0.032075 0.018015
29 0.638966 0.217048 0.032092 0.018019
29 0.780909 0.216538 0.032084 0.018018
29 0.865618 0.216950 0.032076 0.018014
29 0.923081 0.216537 0.032092 0.018008
28 0.674565 0.038573 0.021996 0.047725
28 0.859506 0.102471 0.021995 0.047726
28 0.895871 0.167239 0.022000 0.047719
32 0.794755 0.102944 0.043531 0.036203
18 0.652406 0.412954 0.041922 0.073760
18 0.538491 0.412066 0.041913 0.073763
18 0.452513 0.411469 0.041914 0.073768
18 0.423500 0.552395 0.041910 0.073759
18 0.311191 0.411466 0.041912 0.073764
18 0.252618 0.410869 0.041909 0.073754
18 0.138135 0.556216 0.041922 0.073768
18 0.052371 0.556934 0.041914 0.073765
14 0.510747 0.618534 0.041919 0.073759
14 0.594035 0.619038 0.041920 0.073767
14 0.854652 0.562067 0.041922 0.073775
14 0.766885 0.492104 0.041921 0.073759
14 0.908390 0.490606 0.041912 0.073767
14 0.768588 0.721442 0.041913 0.073758
14 0.310225 0.722040 0.041906 0.073762
14 0.252729 0.722044 0.041922 0.073765
18 0.626191 0.778411 0.041920 0.073757
36 0.581847 0.406426 0.040302 0.025832
36 0.581485 0.486392 0.040299 0.025817
36 0.638200 0.486809 0.040300 0.025824
36 0.380716 0.550529 0.040296 0.025827
36 0.298253 0.550110 0.040299 0.025815
36 0.241002 0.785405 0.040305 0.025824
28 0.198338 0.689824 0.042238 0.017348