32 0.203629 0.472777 0.057082 0.037577
37 0.702710 0.049170 0.021035 0.018189
37 0.343351 0.051771 0.021023 0.018175
37 0.481012 0.330623 0.021030 0.018187
37 0.569302 0.333319 0.021035 0.018180
37 0.504432 0.156748 0.021026 0.018187
37 0.544081 0.156745 0.021028 0.018190
37 0.408048 0.950443 0.021022 0.018185
37 0.751293 0.952239 0.021026 0.018179
14 0.361695 0.476357 0.055643 0.087718
14 0.683270 0.476356 0.055640 0.087717
14 0.655112 0.824834 0.055628 0.087733
14 0.539374 0.734117 0.055633 0.087731
18 0.655077 0.192526 0.052832 0.096284
18 0.394190 0.191891 0.052835 0.096287
32 0.843151 0.471911 0.057079 0.037585
32 0.831859 0.732581 0.057077 0.037587
32 0.521006 0.862500 0.041433 0.062357
29 0.924660 0.790471 0.040374 0.021348
29 0.974297 0.522796 0.040372 0.021347
29 0.072899 0.647468 0.040377 0.021349
8 0.073398 0.567374 0.057545 0.060781