37 0.211757 0.082681 0.018477 0.029588
29 0.972659 0.447428 0.037888 0.038254
29 0.061862 0.609746 0.037891 0.038240
32 0.898968 0.329639 0.050155 0.061122
32 0.140284 0.330266 0.050159 0.061119
32 0.427245 0.235176 0.036418 0.101410
32 0.604137 0.232931 0.036413 0.101388
37 0.811304 0.085289 0.018484 0.029592
37 0.211657 0.926030 0.018475 0.029566
37 0.806116 0.923321 0.018474 0.029597
37 0.488895 0.379857 0.018478 0.029584
37 0.545693 0.380614 0.018474 0.029565
14 0.237417 0.328509 0.046153 0.157846
14 0.414143 0.549381 0.046153 0.157839
14 0.620261 0.549382 0.046160 0.157845
14 0.797633 0.328847 0.046156 0.157848
12 0.252338 0.734994 0.051390 0.095722
12 0.517750 0.816029 0.051396 0.095713
12 0.781809 0.736559 0.051387 0.095727
8 0.060950 0.463263 0.050007 0.093851