29 0.060919 0.550934 0.036917 0.026017
29 0.477817 0.551143 0.036913 0.026015
29 0.662264 0.699417 0.036924 0.026011
29 0.747469 0.698786 0.036916 0.026003
29 0.963175 0.386233 0.036928 0.026007
32 0.662296 0.155440 0.035473 0.068993
32 0.833089 0.153643 0.035472 0.068991
32 0.376468 0.153635 0.035471 0.068992
32 0.204282 0.150033 0.035481 0.069009
32 0.475459 0.468949 0.035477 0.068995
32 0.748041 0.601384 0.035490 0.069010
32 0.430848 0.875263 0.035478 0.068991
32 0.288638 0.821210 0.035487 0.069009
32 0.118464 0.395349 0.048876 0.041594
32 0.590476 0.634132 0.048871 0.041602
14 0.647264 0.392776 0.044977 0.107400
14 0.848758 0.397126 0.044958 0.107409
14 0.389240 0.394883 0.044964 0.107409
14 0.188810 0.394880 0.044973 0.107412
14 0.304658 0.638415 0.044959 0.107401
14 0.449307 0.751023 0.044967 0.107404
37 0.965018 0.246209 0.018012 0.020125
37 0.966177 0.319778 0.018003 0.020118
37 0.858704 0.060776 0.017998 0.020113
37 0.180754 0.058521 0.018008 0.020132
37 0.501073 0.947710 0.018000 0.020110
37 0.226405 0.946808 0.018011 0.020124
8 0.060728 0.467358 0.053656 0.067257