29 0.952000 0.323870 0.037953 0.035132
32 0.665522 0.260283 0.031777 0.079062
32 0.820075 0.795586 0.031769 0.079051
29 0.664488 0.388672 0.037945 0.033676
32 0.122600 0.295306 0.050303 0.055639
29 0.532950 0.388321 0.036191 0.033680
29 0.376758 0.453813 0.037072 0.033678
32 0.243714 0.791647 0.032655 0.079059
32 0.378099 0.324620 0.032654 0.080516
29 0.035338 0.591392 0.037070 0.033672
14 0.801503 0.164558 0.045008 0.142029
14 0.514892 0.230271 0.045898 0.139091
8 0.033893 0.431091 0.047662 0.079060
29 0.820726 0.918013 0.037073 0.033683
29 0.243520 0.918586 0.036189 0.032643
14 0.231071 0.291942 0.047658 0.142018
32 0.952829 0.199300 0.030003 0.079065
32 0.542930 0.682392 0.047105 0.051451