29 0.343962 0.875718 0.033410 0.039925
14 0.578457 0.264829 0.039624 0.168405
14 0.829741 0.188995 0.039631 0.168401
14 0.330472 0.337007 0.039630 0.168401
32 0.459365 0.375460 0.027971 0.093756
32 0.707360 0.302058 0.027974 0.093749
32 0.958635 0.222557 0.027975 0.093743
32 0.840936 0.741184 0.027976 0.093750
32 0.774144 0.650672 0.027971 0.093749
32 0.774145 0.834154 0.027970 0.093745
32 0.411191 0.655564 0.027974 0.093758
32 0.409005 0.832925 0.027974 0.093740
32 0.343856 0.749743 0.027974 0.093750
29 0.460238 0.524920 0.033413 0.039919
29 0.593593 0.445650 0.033411 0.039936
29 0.709220 0.447129 0.033412 0.039935
29 0.955565 0.372267 0.033411 0.039915
29 0.841914 0.875723 0.033416 0.039926
29 0.774254 0.960861 0.033406 0.039927
29 0.410313 0.957925 0.033407 0.039926
29 0.030604 0.681964 0.033414 0.039933
8 0.031265 0.497028 0.041957 0.093744
8 0.220456 0.339981 0.041961 0.093754
32 0.105606 0.339230 0.044283 0.065965