32 0.853835 0.722523 0.033710 0.109981
29 0.688507 0.420057 0.040262 0.046848
14 0.836774 0.120491 0.042949 0.190603
14 0.541816 0.195433 0.042943 0.190613
14 0.249433 0.291783 0.042941 0.190611
37 0.961514 0.592910 0.017167 0.034508
29 0.852403 0.898539 0.040264 0.046844
29 0.962636 0.149761 0.040260 0.046851
32 0.687059 0.247580 0.033706 0.109975
32 0.395998 0.333821 0.033717 0.109974
32 0.140704 0.292461 0.052874 0.085966
32 0.265755 0.725122 0.033704 0.109970
32 0.557852 0.593670 0.052874 0.085986
8 0.046441 0.597765 0.050561 0.109973
29 0.044023 0.900638 0.040268 0.046841
29 0.267381 0.898551 0.040262 0.046846
29 0.395508 0.512598 0.040266 0.046857
29 0.558925 0.421104 0.040263 0.046842