29 0.036960 0.955320 0.034704 0.048837
32 0.116477 0.324882 0.045585 0.089603
32 0.735246 0.700034 0.029055 0.114655
14 0.212339 0.325842 0.037012 0.198694
14 0.465679 0.230438 0.037020 0.198710
14 0.716605 0.136325 0.037010 0.198687
8 0.036696 0.641002 0.043587 0.114649
8 0.230308 0.798523 0.043582 0.114659
32 0.592619 0.275252 0.029057 0.114641
32 0.338793 0.368101 0.029061 0.114637
32 0.229045 0.574133 0.029053 0.114664
32 0.882707 0.701304 0.029053 0.114658
37 0.968650 0.451908 0.014800 0.035999
29 0.828107 0.176699 0.034709 0.048836
29 0.882530 0.957466 0.034700 0.048837
29 0.733310 0.957468 0.034705 0.048834
29 0.592596 0.458095 0.034703 0.048840
29 0.482313 0.455632 0.034704 0.048831
29 0.339850 0.554381 0.034710 0.048830
29 0.227454 0.958374 0.034705 0.048834