29 0.266071 0.782382 0.053419 0.052265
32 0.227751 0.144750 0.072650 0.087316
32 0.705212 0.595044 0.046091 0.129957
8 0.079508 0.331991 0.068051 0.129458
8 0.268005 0.599032 0.068051 0.129457
12 0.706275 0.295442 0.069396 0.123512
37 0.936684 0.444343 0.027253 0.041280
37 0.932885 0.737904 0.027261 0.041273
37 0.349604 0.331632 0.027257 0.041282
37 0.345808 0.139639 0.027247 0.041291
29 0.878130 0.219078 0.053407 0.052289
29 0.707037 0.830669 0.053408 0.052252
29 0.080704 0.518599 0.053423 0.052284