8 0.073961 0.612136 0.059528 0.156640
37 0.184803 0.804683 0.017657 0.051024
37 0.533486 0.797388 0.013548 0.051012
37 0.204535 0.049580 0.018125 0.051015
37 0.926350 0.052029 0.028641 0.051040
37 0.219139 0.429940 0.023607 0.051043
37 0.589226 0.426278 0.023121 0.051001
12 0.715029 0.604780 0.058878 0.152647
12 0.348696 0.236580 0.058870 0.152664
32 0.895559 0.601942 0.039091 0.160592
32 0.529784 0.234339 0.039095 0.160625
29 0.641325 0.946168 0.045310 0.064601
29 0.147316 0.940120 0.045306 0.064604