32 0.829638 0.703726 0.032407 0.111898
18 0.817629 0.345303 0.050029 0.178495
32 0.174500 0.210730 0.032407 0.111896
29 0.053839 0.899468 0.037559 0.045003
29 0.520083 0.797913 0.037561 0.045007
8 0.053300 0.684162 0.048785 0.106341
37 0.120990 0.088400 0.019163 0.035541
37 0.885321 0.089627 0.019159 0.035574
37 0.966126 0.505564 0.019162 0.035554
37 0.965574 0.643788 0.019162 0.035544
37 0.885876 0.916599 0.019160 0.035561
37 0.208241 0.919760 0.019166 0.035549
29 0.965767 0.751576 0.037553 0.045024
14 0.369951 0.508004 0.050035 0.178484
32 0.264033 0.786914 0.032404 0.111909
32 0.520636 0.626665 0.032400 0.111910
14 0.164124 0.494544 0.050027 0.178485
32 0.620606 0.499804 0.049321 0.082600