37 0.081057 0.059267 0.016836 0.020105
37 0.034178 0.443057 0.016837 0.020102
37 0.035428 0.524139 0.016836 0.020098
37 0.155437 0.956569 0.016845 0.020087
37 0.829220 0.952057 0.016839 0.020100
37 0.831718 0.056570 0.016842 0.020103
32 0.126059 0.127736 0.028468 0.063257
32 0.277319 0.132240 0.028468 0.063251
32 0.374194 0.202514 0.028469 0.063247
32 0.447954 0.128637 0.028470 0.063250
32 0.547332 0.129543 0.028473 0.063257
32 0.276694 0.589002 0.028470 0.063252
32 0.126687 0.587194 0.028470 0.063246
32 0.202313 0.890801 0.028468 0.063245
32 0.373571 0.887199 0.028474 0.063253
32 0.496076 0.890800 0.028476 0.063255
32 0.658586 0.890805 0.028472 0.063253
32 0.784217 0.888104 0.028473 0.063249
32 0.884222 0.620521 0.028472 0.063253
32 0.572958 0.551159 0.043344 0.046696
32 0.576708 0.686295 0.043341 0.046685
14 0.649211 0.768283 0.043965 0.100887
14 0.773590 0.765576 0.043964 0.100889
14 0.487953 0.774586 0.043966 0.100876
14 0.356070 0.772781 0.043964 0.100877
14 0.219815 0.778189 0.043965 0.100894
14 0.286067 0.442152 0.043962 0.100895
14 0.114183 0.439447 0.043973 0.100885
14 0.433579 0.363769 0.043967 0.100896
14 0.555456 0.362875 0.043970 0.100882
14 0.646084 0.196209 0.043968 0.100891
14 0.774840 0.279086 0.043967 0.100877