32 0.293388 0.394881 0.082645 0.135283
4 0.337810 0.777879 0.101240 0.115174
4 0.657025 0.778793 0.103306 0.117002
37 0.295455 0.067642 0.037190 0.036563
36 0.431818 0.593236 0.033058 0.020110
37 0.159091 0.896709 0.037190 0.034735
37 0.900826 0.896709 0.037190 0.034735
37 0.895661 0.299817 0.039256 0.036563
4 0.337810 0.597806 0.101240 0.117002
37 0.159091 0.300731 0.037190 0.034735
4 0.655992 0.599634 0.101240 0.117002
37 0.700413 0.067642 0.037190 0.036563
12 0.296488 0.175503 0.159091 0.138940
12 0.699380 0.174589 0.154959 0.137112
29 0.496901 0.949726 0.092975 0.042048