4 0.182438 0.803848 0.062509 0.081525
4 0.837646 0.800244 0.062496 0.081511
29 0.670959 0.718401 0.044552 0.028648
29 0.945838 0.709645 0.044561 0.028635
29 0.295747 0.693520 0.044565 0.028651
32 0.668489 0.610872 0.038448 0.071191
32 0.763926 0.514472 0.058523 0.052565
37 0.931241 0.903910 0.022739 0.022618
37 0.093717 0.906064 0.022729 0.022638
37 0.945627 0.514721 0.022741 0.022618
37 0.948326 0.643358 0.022745 0.022630
8 0.297751 0.598427 0.064543 0.071320
12 0.157448 0.378209 0.057797 0.067574
30 0.085139 0.062591 0.025936 0.034983
30 0.153499 0.059351 0.025939 0.034996
30 0.422488 0.059349 0.025941 0.034995
30 0.543928 0.058265 0.025930 0.034984
30 0.612298 0.060427 0.025940 0.034995
30 0.863286 0.058267 0.025945 0.034989
7 0.183193 0.160602 0.067078 0.087943
7 0.519795 0.162411 0.067073 0.087949
4 0.840649 0.269613 0.062505 0.081542
4 0.564772 0.511958 0.062511 0.081537
4 0.397595 0.517359 0.062492 0.081530
4 0.460566 0.799343 0.062515 0.081526