37 0.814838 0.070534 0.018511 0.028425
32 0.302771 0.171732 0.031310 0.089489
32 0.144109 0.170165 0.031309 0.089475
32 0.759437 0.170165 0.031303 0.089478
37 0.088706 0.064312 0.018518 0.028416
37 0.015673 0.573362 0.018521 0.028429
37 0.014831 0.749278 0.018518 0.028432
37 0.882844 0.258117 0.030273 0.029955
37 0.831636 0.928314 0.018515 0.028428
37 0.165093 0.925193 0.018517 0.028434
12 0.224696 0.842691 0.052575 0.089611
12 0.681368 0.781971 0.052570 0.089638
14 0.596264 0.491700 0.053042 0.137309
14 0.778443 0.500214 0.053043 0.137310
14 0.309157 0.573722 0.053051 0.137284
14 0.133099 0.576962 0.053047 0.137299
28 0.222476 0.448231 0.021046 0.080336