28 0.469321 0.536364 0.050059 0.060010
8 0.063101 0.719371 0.054488 0.148682
14 0.280915 0.497321 0.062365 0.230269
14 0.660602 0.372347 0.062357 0.230282
29 0.677814 0.750408 0.042656 0.060367
29 0.846770 0.539013 0.042665 0.060362
29 0.467635 0.743696 0.042653 0.060367
29 0.298675 0.753088 0.042652 0.060371
37 0.947473 0.152502 0.035582 0.050252
32 0.163343 0.494606 0.058235 0.101620
32 0.295622 0.207808 0.036809 0.150097
32 0.849827 0.330339 0.036813 0.150080
29 0.397914 0.128382 0.042660 0.060358
29 0.062036 0.948308 0.042654 0.060372