0 0.389073 0.490045 0.066650 0.108072
0 0.118584 0.485980 0.066663 0.108082
4 0.340549 0.785981 0.063424 0.108087
4 0.168415 0.784988 0.063414 0.108085
30 0.673947 0.085994 0.037749 0.044635
30 0.844871 0.078017 0.037745 0.044606
30 0.254376 0.083080 0.037746 0.044592
4 0.816840 0.692618 0.063431 0.108083
12 0.260344 0.237817 0.066632 0.095607
12 0.675150 0.235791 0.066633 0.095607
12 0.845338 0.237827 0.066620 0.095601
12 0.679029 0.816607 0.066632 0.095614
37 0.950721 0.460360 0.023467 0.030333
37 0.543502 0.442901 0.023463 0.030332
37 0.580779 0.445827 0.023469 0.030323
37 0.482934 0.493816 0.023459 0.030333
37 0.028185 0.493829 0.023463 0.030331
37 0.035651 0.925827 0.023469 0.030321
37 0.947919 0.922908 0.023471 0.030340
28 0.759406 0.402134 0.026672 0.085688
0 0.654090 0.496551 0.066658 0.108076