36 0.348505 0.314020 0.027314 0.038269
30 0.346911 0.081289 0.024321 0.037736
30 0.075435 0.076922 0.024311 0.037739
30 0.809211 0.078367 0.024313 0.037724
0 0.092988 0.213636 0.057531 0.098413
0 0.326143 0.210742 0.057532 0.098418
0 0.791648 0.210731 0.057535 0.098413
0 0.243110 0.494380 0.057525 0.098413
0 0.454701 0.497282 0.057528 0.098439
4 0.277447 0.807103 0.052940 0.101382
4 0.419565 0.804180 0.052939 0.101382
36 0.437132 0.609285 0.027315 0.038290
36 0.257479 0.610742 0.027320 0.038284
37 0.171008 0.614105 0.015604 0.023499
37 0.170456 0.497926 0.015609 0.023502
37 0.018412 0.934901 0.015602 0.023512
37 0.871416 0.933681 0.015611 0.023514
37 0.960582 0.597922 0.015604 0.023516
37 0.959912 0.428235 0.015606 0.023502
29 0.873313 0.678947 0.034021 0.031880
28 0.747996 0.585001 0.021307 0.083647
32 0.663453 0.585889 0.050370 0.064811
28 0.872081 0.513095 0.044444 0.046678
4 0.795319 0.809819 0.052943 0.101379
12 0.076011 0.774124 0.045922 0.090765