37 0.381091 0.283514 0.017506 0.021676
12 0.352383 0.180690 0.051490 0.083631
12 0.617934 0.183111 0.051496 0.083647
29 0.036180 0.490546 0.038136 0.029400
29 0.101957 0.744751 0.038132 0.029386
29 0.865776 0.746839 0.038142 0.029384
29 0.933708 0.492571 0.038140 0.029372
28 0.867725 0.645555 0.049827 0.043020
28 0.934071 0.393891 0.049833 0.043012
28 0.037552 0.393271 0.049830 0.043003
28 0.105689 0.647816 0.049827 0.043011
4 0.331715 0.649835 0.059365 0.093438
4 0.637351 0.642764 0.059358 0.093438
4 0.638026 0.432664 0.059360 0.093432
4 0.333738 0.436700 0.059356 0.093411
12 0.485967 0.830382 0.051488 0.083648
37 0.588225 0.283518 0.017501 0.021669
37 0.752505 0.382363 0.017494 0.021665
37 0.693402 0.381160 0.017500 0.021664
37 0.278872 0.382369 0.017499 0.021668
37 0.219764 0.381156 0.017498 0.021677
37 0.254587 0.645399 0.017490 0.021668
37 0.715263 0.641766 0.017493 0.021654
37 0.646443 0.937518 0.017502 0.021674
37 0.319356 0.935090 0.017504 0.021662
30 0.350580 0.077390 0.027263 0.034780
30 0.618209 0.071489 0.027257 0.034770