37 0.498227 0.586326 0.014749 0.025538
37 0.112715 0.587609 0.014737 0.025525
37 0.702006 0.681161 0.014738 0.025527
37 0.926589 0.677331 0.014744 0.025535
37 0.939439 0.422291 0.014740 0.025518
37 0.986557 0.428706 0.014747 0.025543
37 0.853765 0.925945 0.014746 0.025529
37 0.254071 0.925943 0.014749 0.025534
29 0.028273 0.592749 0.032128 0.034632
29 0.304252 0.596591 0.032131 0.034659
29 0.677531 0.872123 0.032134 0.034627
29 0.903336 0.873406 0.032123 0.034654
28 0.302407 0.500469 0.041985 0.050688
28 0.028881 0.477403 0.041980 0.050697
28 0.676916 0.783700 0.041978 0.050695
28 0.904557 0.784987 0.041977 0.050694
4 0.432756 0.588892 0.050004 0.110096
4 0.174517 0.588903 0.050011 0.110098
0 0.595529 0.481249 0.054328 0.106889
0 0.817666 0.482535 0.054336 0.106869
36 0.417147 0.340713 0.025804 0.041565
36 0.803685 0.599144 0.025809 0.041569
12 0.415950 0.199277 0.043374 0.098573
12 0.193815 0.201834 0.043381 0.098580
12 0.305179 0.808006 0.043378 0.098570
12 0.578716 0.781099 0.043373 0.098570
12 0.802080 0.783667 0.043374 0.098554
30 0.417105 0.081469 0.022313 0.033377
30 0.196293 0.078870 0.022306 0.033365