37 0.561818 0.979869 0.017508 0.026873
28 0.780608 0.365940 0.023718 0.101823
37 0.051441 0.713689 0.017500 0.026900
37 0.242439 0.981323 0.017505 0.026882
37 0.187641 0.979863 0.017498 0.026870
37 0.623671 0.976965 0.017499 0.026875
37 0.785702 0.712235 0.017495 0.026889
37 0.728561 0.713682 0.017501 0.026893
37 0.878856 0.712225 0.017490 0.026870
37 0.940692 0.713686 0.017498 0.026888
37 0.961041 0.467871 0.017502 0.026894
37 0.966520 0.021320 0.017501 0.026878
37 0.217392 0.024234 0.017496 0.026882
37 0.497630 0.399505 0.017493 0.026902
37 0.557120 0.403869 0.017499 0.026894
4 0.122674 0.559503 0.059364 0.115930
4 0.297238 0.559502 0.059345 0.115939
4 0.507024 0.558053 0.059365 0.115940
4 0.677670 0.563868 0.059359 0.115942
4 0.885108 0.563866 0.059362 0.115947
37 0.118762 0.406765 0.017502 0.026895
37 0.177467 0.400963 0.017492 0.026897
36 0.210480 0.714447 0.030633 0.043776
12 0.212436 0.851434 0.051490 0.103796
12 0.592745 0.856276 0.051484 0.103809
12 0.906509 0.122948 0.051486 0.103809
12 0.659278 0.120521 0.051492 0.103811
12 0.280271 0.118092 0.051485 0.103794
28 0.467495 0.217481 0.023721 0.101813
37 0.049869 0.559497 0.017505 0.026900