29 0.295689 0.211828 0.030748 0.017689
29 0.729069 0.761322 0.030744 0.017683
29 0.928222 0.986869 0.030746 0.017697
29 0.871568 0.986867 0.030746 0.017691
29 0.785285 0.986380 0.030750 0.017682
29 0.640600 0.986378 0.030750 0.017685
29 0.238367 0.986857 0.030746 0.017687
29 0.296762 0.986860 0.030748 0.017682
29 0.555191 0.721381 0.030749 0.017699
29 0.440136 0.720892 0.030757 0.017687
29 0.353416 0.761322 0.030743 0.017684
29 0.195222 0.737452 0.030749 0.017686
29 0.236599 0.212414 0.030750 0.017692
28 0.195292 0.691464 0.040355 0.019734
36 0.241055 0.790392 0.039944 0.025708
36 0.295956 0.549426 0.039958 0.025710
36 0.382752 0.547802 0.039950 0.025716
36 0.641199 0.483262 0.039943 0.025712
36 0.582492 0.483265 0.039948 0.025705
36 0.585206 0.404769 0.039948 0.025705
28 0.677720 0.032363 0.025626 0.043836
28 0.900490 0.160962 0.025622 0.043849
28 0.864162 0.095808 0.025618 0.043844
18 0.626759 0.781008 0.043404 0.077746
32 0.799520 0.096588 0.042962 0.037102
32 0.871103 0.280380 0.028608 0.048293
32 0.642047 0.282140 0.028610 0.048296
32 0.527009 0.282142 0.028607 0.048298
32 0.440196 0.281555 0.028621 0.048300
32 0.296905 0.282141 0.028617 0.048296
32 0.238861 0.279218 0.028606 0.048290
32 0.237209 0.917651 0.028610 0.048291
32 0.296906 0.918616 0.028606 0.048299
32 0.929679 0.819738 0.028606 0.048294
32 0.785431 0.917646 0.028610 0.048292
18 0.853242 0.565883 0.043408 0.077744
18 0.911984 0.489124 0.043403 0.077741
18 0.652639 0.407303 0.043408 0.077752
18 0.543296 0.404278 0.043396 0.077741
18 0.458351 0.412359 0.043409 0.077738
18 0.253226 0.404280 0.043406 0.077748
18 0.306539 0.406298 0.043414 0.077752
18 0.427632 0.554779 0.043405 0.077743
18 0.052617 0.553769 0.043400 0.077746
14 0.766999 0.491561 0.052299 0.083297
14 0.246144 0.718268 0.052292 0.083294
14 0.308642 0.722481 0.052291 0.083309
14 0.777035 0.725010 0.052292 0.083298
14 0.514225 0.617267 0.052294 0.083293
18 0.138886 0.554903 0.043401 0.077744
14 0.599957 0.616799 0.052289 0.083292
37 0.169945 0.556168 0.013413 0.013035
37 0.017768 0.554417 0.013405 0.013034
29 0.093203 0.453276 0.032794 0.019409
29 0.928460 0.212997 0.032797 0.019406
29 0.869887 0.213585 0.032809 0.019413
29 0.785166 0.213583 0.032807 0.019404
29 0.353213 0.374327 0.032806 0.019417
29 0.699348 0.372581 0.032798 0.019411
29 0.639788 0.214172 0.032804 0.019404
29 0.584878 0.214751 0.032801 0.019418
29 0.525784 0.212411 0.032813 0.019421
29 0.440524 0.213859 0.032798 0.019402