29 0.569081 0.612927 0.036042 0.033393
29 0.440595 0.530091 0.036045 0.033410
29 0.158945 0.970508 0.036038 0.033388
29 0.033826 0.613930 0.036042 0.033382
29 0.318847 0.530084 0.036047 0.033414
29 0.946678 0.414946 0.036039 0.033411
14 0.302105 0.374411 0.047998 0.146290
14 0.803830 0.239129 0.048002 0.146304
12 0.034677 0.492222 0.048609 0.084442
32 0.160630 0.603830 0.033538 0.091186
32 0.160065 0.837163 0.033540 0.091172
32 0.442843 0.373531 0.033541 0.091183
32 0.692527 0.477561 0.033536 0.091191
32 0.819321 0.480604 0.033533 0.091192
32 0.949485 0.256357 0.033532 0.091182
29 0.819315 0.613930 0.036049 0.033394
29 0.692513 0.615958 0.036041 0.033386
28 0.222422 0.607015 0.047295 0.037256
28 0.568034 0.479724 0.047301 0.037252