18 0.180834 0.450080 0.063297 0.142420
12 0.309951 0.176537 0.063279 0.086701
37 0.382606 0.082391 0.019083 0.022533
37 0.241140 0.083407 0.019097 0.022537
37 0.054253 0.283396 0.019091 0.022540
37 0.052763 0.448055 0.019095 0.022543
37 0.956687 0.693504 0.019075 0.022547
37 0.501006 0.928861 0.019092 0.022536
37 0.123501 0.928860 0.019092 0.022529
14 0.406433 0.806938 0.063281 0.142438
14 0.212112 0.813714 0.063289 0.142411
18 0.443662 0.456127 0.063282 0.142438
36 0.310010 0.277841 0.040948 0.041408
28 0.746703 0.537436 0.029779 0.075745
25 0.745222 0.690972 0.129550 0.190914