36 0.180229 0.210653 0.042741 0.040396
28 0.792993 0.244857 0.024830 0.068974
11 0.706285 0.759831 0.063185 0.061450
12 0.183206 0.143308 0.051261 0.072394
12 0.587362 0.147514 0.051268 0.072400
12 0.462190 0.146698 0.051264 0.072393
36 0.588545 0.389092 0.042735 0.040399
36 0.368495 0.719300 0.042745 0.040395
36 0.459564 0.673117 0.042745 0.040393
36 0.369344 0.669586 0.042749 0.040399
28 0.367497 0.584073 0.050504 0.033900
32 0.462328 0.843370 0.032789 0.070843
32 0.584021 0.843014 0.032780 0.070842
37 0.342637 0.928971 0.015279 0.018780
37 0.736767 0.933024 0.015269 0.018777
37 0.952074 0.374436 0.015262 0.018776
37 0.049354 0.356247 0.015266 0.018771
37 0.045782 0.224941 0.015281 0.018758
37 0.152368 0.070398 0.015278 0.018780
37 0.671678 0.067372 0.015267 0.018760
23 0.783152 0.374997 0.103866 0.143027
14 0.600366 0.589658 0.052157 0.114332
14 0.476678 0.581937 0.052160 0.114323
18 0.225825 0.356759 0.052154 0.114331
18 0.138394 0.352561 0.052160 0.114339