36 0.537585 0.282220 0.081416 0.046964
37 0.641157 0.080675 0.029092 0.021830
37 0.419785 0.079970 0.029108 0.021817
37 0.078759 0.286909 0.029092 0.021836
37 0.082018 0.477001 0.029081 0.021814
37 0.982977 0.619401 0.029084 0.021811
37 0.861699 0.916820 0.029090 0.021819
37 0.202461 0.918220 0.029075 0.021812
14 0.344483 0.755805 0.091971 0.138196
14 0.721720 0.756183 0.091970 0.138201
18 0.777553 0.474898 0.091954 0.138188
14 0.284343 0.475731 0.091971 0.138180
32 0.424591 0.413074 0.104981 0.056820
32 0.644778 0.411314 0.104987 0.056806
12 0.534770 0.185264 0.097667 0.084148