0 0.471779 0.129063 0.047763 0.067225
0 0.840540 0.125827 0.047768 0.067216
4 0.473393 0.733175 0.047774 0.067225
0 0.840084 0.271963 0.047769 0.067223
4 0.841445 0.729087 0.047765 0.067221
4 0.841446 0.872876 0.047774 0.067219
4 0.471115 0.874049 0.047769 0.067233
37 0.777365 0.410794 0.013513 0.015097
37 0.985914 0.501982 0.013507 0.015112
37 0.908935 0.951617 0.013508 0.015093
0 0.470665 0.271378 0.047767 0.067228
37 0.116773 0.953716 0.013509 0.015100
37 0.022867 0.412899 0.013512 0.015105
36 0.400839 0.495620 0.037797 0.032514
12 0.634333 0.803693 0.045334 0.058257
12 0.168142 0.803692 0.045338 0.058260
30 0.165078 0.052797 0.025109 0.027358
30 0.346336 0.050324 0.025116 0.027353
30 0.458257 0.053834 0.025114 0.027368
30 0.855702 0.050336 0.025114 0.027347
30 0.635687 0.048224 0.025119 0.027359
4 0.471116 0.412845 0.047782 0.067233
4 0.651274 0.409924 0.047770 0.067219
4 0.330533 0.412256 0.047765 0.067224
4 0.150377 0.414014 0.047769 0.067215
0 0.182679 0.588207 0.047771 0.067222
0 0.325534 0.590547 0.047770 0.067215
0 0.472932 0.590545 0.047768 0.067224
0 0.614876 0.591707 0.047767 0.067233