37 0.886479 0.064160 0.016037 0.022459
37 0.256467 0.060513 0.016030 0.022473
37 0.954963 0.552631 0.016034 0.022451
37 0.954961 0.701720 0.016028 0.022480
37 0.887977 0.944138 0.016038 0.022466
37 0.145823 0.944144 0.016027 0.022451
37 0.046459 0.551414 0.016037 0.022458
37 0.045708 0.402336 0.016019 0.022465
28 0.740319 0.474205 0.030641 0.075543
12 0.829157 0.294301 0.053810 0.086656
12 0.318071 0.177929 0.053806 0.086669
32 0.653386 0.820296 0.037632 0.086705
29 0.955030 0.778351 0.039226 0.033439
14 0.810330 0.699932 0.048340 0.124161
14 0.638499 0.630095 0.048355 0.124146
14 0.413296 0.776003 0.048341 0.124165
18 0.443345 0.407034 0.048787 0.145843
18 0.188969 0.404212 0.048780 0.145843
21 0.207239 0.864166 0.034882 0.051748