12 0.135842 0.609187 0.063366 0.072037
0 0.159083 0.166873 0.062951 0.073656
0 0.438618 0.164402 0.062942 0.073652
0 0.598444 0.416229 0.062952 0.073649
0 0.318279 0.414119 0.062949 0.073637
0 0.828625 0.165097 0.062944 0.073660
4 0.551559 0.836766 0.067871 0.086277
4 0.830472 0.727668 0.067891 0.086280
4 0.375054 0.834292 0.067886 0.086273
4 0.671257 0.565283 0.067878 0.074362
37 0.951610 0.402799 0.018875 0.018666
37 0.947169 0.488669 0.018874 0.018672
37 0.669468 0.476039 0.018882 0.018681
37 0.203683 0.412063 0.018878 0.018661
37 0.206642 0.284959 0.018887 0.018671
37 0.063715 0.055159 0.018892 0.018670
37 0.923468 0.055152 0.018885 0.018669
28 0.780810 0.597545 0.027254 0.063129
29 0.947897 0.554957 0.049589 0.032691