37 0.068017 0.948901 0.028231 0.016164
14 0.698182 0.815176 0.088299 0.109418
14 0.448632 0.818548 0.088296 0.109426
14 0.343685 0.477642 0.088295 0.109425
14 0.810169 0.478451 0.088290 0.109421
37 0.632921 0.313492 0.028241 0.016161
37 0.525411 0.312649 0.028231 0.016159
32 0.778139 0.180308 0.058827 0.062648
32 0.372379 0.180303 0.058833 0.062655
32 0.247088 0.716234 0.094074 0.044432
37 0.879719 0.947051 0.028226 0.016170
37 0.066485 0.713542 0.028250 0.016157
37 0.069547 0.612537 0.028250 0.016171
37 0.066483 0.480215 0.028260 0.016167