14 0.800704 0.692149 0.062331 0.121472
14 0.325380 0.689237 0.062334 0.121457
37 0.049048 0.691305 0.019935 0.017951
37 0.053936 0.803258 0.019947 0.017950
37 0.049864 0.508638 0.019949 0.017958
37 0.049052 0.285589 0.019941 0.017950
37 0.261783 0.048887 0.019948 0.017949
37 0.871176 0.047876 0.019939 0.017945
14 0.239593 0.399765 0.062327 0.121468
12 0.570581 0.885844 0.066926 0.069215
29 0.568241 0.977966 0.052368 0.031410
14 0.669927 0.399784 0.062326 0.121465
14 0.896332 0.404151 0.062328 0.121466
14 0.456165 0.405594 0.062336 0.121472