32 0.694574 0.744787 0.041629 0.058129
37 0.049664 0.677250 0.019973 0.015013
14 0.420669 0.584280 0.062472 0.101522
14 0.716469 0.577793 0.062476 0.101526
14 0.675106 0.338870 0.062476 0.101534
37 0.870643 0.043736 0.019988 0.015005
37 0.260226 0.044817 0.019987 0.015013
14 0.894457 0.336713 0.062484 0.101529
14 0.462039 0.330221 0.062472 0.101523
14 0.241428 0.336711 0.062479 0.101522
37 0.045901 0.413469 0.019975 0.014998
37 0.052167 0.446983 0.019999 0.014998
37 0.047156 0.577796 0.019984 0.015011
29 0.565516 0.980429 0.052494 0.026258
12 0.567688 0.902847 0.067092 0.057859
32 0.442150 0.741029 0.041624 0.058125