14 0.617462 0.265355 0.064160 0.108151
14 0.430156 0.270766 0.064170 0.108154
14 0.222312 0.446983 0.064172 0.108151
14 0.839819 0.454543 0.064167 0.108154
14 0.837408 0.712921 0.064171 0.108153
14 0.170356 0.717253 0.064162 0.108151
29 0.525627 0.986229 0.053908 0.027541
29 0.947025 0.421366 0.053920 0.027966
29 0.692755 0.570015 0.053900 0.027968
29 0.363791 0.567764 0.053904 0.027968
12 0.695340 0.509564 0.068890 0.061633
12 0.365435 0.514976 0.068914 0.061631
32 0.857247 0.831832 0.042766 0.061922
32 0.198659 0.836153 0.042775 0.061927
32 0.196238 0.135620 0.042753 0.061927
32 0.858451 0.133453 0.042748 0.061924
37 0.949078 0.267504 0.020529 0.015980
37 0.949085 0.369124 0.020534 0.015988
37 0.065726 0.713996 0.020518 0.015986
28 0.527069 0.597181 0.034382 0.049536
21 0.322884 0.138147 0.046855 0.036917
21 0.730266 0.135355 0.046848 0.036919