37 0.061213 0.439110 0.021340 0.020403
21 0.282151 0.172724 0.048695 0.047133
21 0.708834 0.171647 0.048672 0.047145
32 0.839601 0.173809 0.044440 0.079094
32 0.154335 0.170567 0.044450 0.079100
14 0.397178 0.346782 0.066681 0.138144
14 0.586923 0.351101 0.066674 0.138154
14 0.819933 0.579210 0.066686 0.138146
14 0.170071 0.578135 0.066684 0.138143
12 0.327372 0.658124 0.071593 0.078725
12 0.667537 0.653807 0.071594 0.078719
12 0.839594 0.876514 0.071595 0.078734
12 0.150406 0.875425 0.071590 0.078721
28 0.494834 0.758917 0.035719 0.063271
29 0.666066 0.728281 0.056022 0.035715
29 0.330974 0.727385 0.056031 0.035727
29 0.840576 0.974236 0.056025 0.035724
29 0.149905 0.975134 0.056015 0.035722
29 0.060601 0.515677 0.056031 0.035719
37 0.059161 0.340753 0.021312 0.020421
37 0.939875 0.760314 0.021339 0.020416