37 0.034338 0.093077 0.019550 0.019699
37 0.036576 0.196863 0.019570 0.019699
37 0.076942 0.414811 0.019560 0.019679
37 0.310510 0.415462 0.019553 0.019679
12 0.106242 0.498403 0.065641 0.075970
14 0.258290 0.585185 0.059059 0.128297
14 0.436058 0.699288 0.059052 0.128311
14 0.611878 0.704553 0.059056 0.128302
14 0.123339 0.706055 0.059047 0.128304
14 0.438663 0.239086 0.059054 0.128309
14 0.654061 0.237582 0.059061 0.128299
23 0.867348 0.232302 0.116778 0.146851
23 0.225843 0.236391 0.116781 0.146848
32 0.633004 0.847338 0.044766 0.077325
32 0.454253 0.843212 0.044774 0.077318
32 0.102608 0.845465 0.044763 0.077337
37 0.452865 0.061069 0.019558 0.019689
37 0.632243 0.054589 0.019562 0.019701
32 0.545115 0.377536 0.070502 0.060513