2 0.238595 0.154126 0.044708 0.072816
23 0.704836 0.393811 0.117701 0.192961
2 0.485858 0.154733 0.044708 0.071602
0 0.104927 0.154126 0.045620 0.072816
18 0.072080 0.824636 0.038321 0.074029
18 0.451642 0.674150 0.036496 0.076456
18 0.889599 0.801578 0.040146 0.078883
29 0.448449 0.977549 0.046533 0.035194
18 0.204836 0.674150 0.039234 0.076456
2 0.352646 0.154733 0.044708 0.071602
32 0.466697 0.506675 0.035584 0.083738
32 0.903741 0.611650 0.035584 0.084951
18 0.319343 0.824636 0.038321 0.076456
0 0.886405 0.153519 0.046533 0.074029
30 0.335116 0.070475 0.022108 0.026910
30 0.466827 0.071103 0.022110 0.026907
30 0.904724 0.069220 0.022104 0.026907
30 0.218000 0.071723 0.022102 0.026899
37 0.963023 0.928572 0.010952 0.013346
30 0.087759 0.073553 0.022109 0.026904