29 0.224289 0.762223 0.054365 0.036198
12 0.501614 0.798261 0.069472 0.081027
12 0.221192 0.627989 0.069464 0.081011
12 0.783573 0.627086 0.069464 0.081009
14 0.690720 0.502035 0.058529 0.136669
14 0.315276 0.509597 0.058533 0.136665
8 0.122826 0.501565 0.069472 0.081021
8 0.882205 0.503362 0.069476 0.081016
37 0.983709 0.506980 0.023258 0.028859
37 0.560076 0.374006 0.023245 0.028834
37 0.446977 0.372930 0.023264 0.028825
37 0.017774 0.502654 0.023255 0.028854
37 0.263430 0.071314 0.023256 0.028834
37 0.742690 0.068061 0.023250 0.028862
37 0.379310 0.925362 0.023255 0.028847
37 0.626825 0.928605 0.023259 0.028848
32 0.336660 0.220494 0.047374 0.082461
32 0.675018 0.222654 0.047375 0.082473
29 0.783575 0.765824 0.054348 0.036218