32 0.662216 0.223900 0.046714 0.081447
32 0.332159 0.228420 0.046689 0.081450
37 0.442432 0.378863 0.022929 0.028490
37 0.551937 0.380676 0.022932 0.028495
37 0.969905 0.504091 0.022930 0.028491
37 0.019078 0.503187 0.022930 0.028484
37 0.265077 0.076163 0.022934 0.028475
37 0.733927 0.077056 0.022923 0.028488
37 0.622118 0.922103 0.022928 0.028490
37 0.370721 0.921210 0.022920 0.028495
8 0.123179 0.507689 0.068493 0.080021
12 0.221888 0.625709 0.068483 0.080030
12 0.771707 0.626605 0.068490 0.080005
12 0.501040 0.796880 0.068486 0.080013
29 0.222659 0.760851 0.053597 0.035774
29 0.771713 0.760846 0.053592 0.035781
14 0.689115 0.503006 0.057713 0.134976
14 0.313415 0.505174 0.057706 0.134978