30 0.494688 0.078184 0.073216 0.053182
37 0.981938 0.954739 0.019739 0.024308
37 0.236467 0.953656 0.019740 0.024309
12 0.498256 0.164466 0.061447 0.068251
8 0.870025 0.329874 0.061439 0.068252
8 0.595580 0.845548 0.061437 0.068251
8 0.394129 0.849870 0.061433 0.068254
8 0.129415 0.334195 0.061439 0.068267
29 0.038907 0.400147 0.048083 0.028935
29 0.957604 0.401215 0.048081 0.028941
0 0.748416 0.329202 0.070286 0.078840
0 0.244915 0.336353 0.070277 0.078825
4 0.705842 0.848368 0.070279 0.078821
4 0.286147 0.847613 0.070283 0.078842
11 0.957134 0.847023 0.063646 0.051927