29 0.366667 0.960425 0.047343 0.052124
32 0.245894 0.514479 0.035749 0.133205
32 0.244928 0.170849 0.035749 0.133205
32 0.093720 0.170849 0.036715 0.133205
2 0.671014 0.341699 0.047343 0.115830
0 0.887923 0.341699 0.046377 0.115830
30 0.907729 0.153475 0.039614 0.028958
32 0.691787 0.666023 0.034783 0.138996
18 0.078261 0.735521 0.040580 0.119691
30 0.691787 0.151544 0.040580 0.028958
23 0.500483 0.341699 0.114010 0.247104
18 0.229469 0.737452 0.041546 0.119691
37 0.906718 0.623858 0.011596 0.021236