12 0.607727 0.761521 0.083690 0.136656
12 0.896549 0.532693 0.083675 0.136660
37 0.987208 0.330137 0.025583 0.048640
37 0.715258 0.046808 0.026892 0.048665
37 0.489340 0.049922 0.026901 0.048658
37 0.021311 0.333253 0.026912 0.048676
37 0.564641 0.920141 0.026901 0.048658
37 0.640903 0.918569 0.026908 0.048680
29 0.310959 0.720787 0.065467 0.057949
14 0.474279 0.345865 0.078209 0.235818
29 0.897181 0.716875 0.065489 0.057937
14 0.742128 0.348972 0.078209 0.235804
8 0.144477 0.330301 0.083670 0.136653
12 0.311285 0.532683 0.083670 0.136683