37 0.510536 0.355037 0.024388 0.035179
32 0.171061 0.495150 0.074952 0.082939
32 0.455549 0.652378 0.074956 0.082942
32 0.680279 0.657057 0.074933 0.082943
32 0.797418 0.224279 0.053797 0.099649
32 0.338415 0.230489 0.053795 0.099654
8 0.047954 0.641475 0.075867 0.098806
29 0.040606 0.767624 0.059362 0.041889
29 0.950421 0.601008 0.059374 0.041883
32 0.570308 0.789372 0.053787 0.099637
14 0.318092 0.499808 0.070918 0.170488
14 0.810571 0.506047 0.070907 0.170496
37 0.847624 0.067032 0.024382 0.035175
37 0.287007 0.067038 0.024389 0.035161
37 0.627687 0.356590 0.024386 0.035193
37 0.602580 0.931029 0.024408 0.035188
37 0.535641 0.934154 0.024388 0.035173