32 0.642351 0.123472 0.064845 0.097601
27 0.726851 0.496432 0.294985 0.601783
32 0.355261 0.128655 0.064844 0.097627
32 0.352327 0.868126 0.064851 0.097620
32 0.643816 0.877211 0.064863 0.097611
37 0.927977 0.674825 0.021102 0.041383
37 0.931629 0.310277 0.021097 0.041416
37 0.210253 0.116978 0.021103 0.041417
37 0.210250 0.864220 0.021095 0.041391
29 0.080982 0.734740 0.051374 0.049291
8 0.081058 0.604765 0.069575 0.118061
28 0.373222 0.584990 0.059005 0.114410
28 0.370162 0.402590 0.058991 0.114409