29 0.085714 0.948229 0.034286 0.065395
32 0.425306 0.370572 0.029388 0.185286
37 0.018776 0.761580 0.014694 0.051771
32 0.424082 0.701635 0.030204 0.182561
37 0.963673 0.870572 0.015510 0.051771
37 0.121633 0.569482 0.016327 0.054496
4 0.069388 0.762943 0.037551 0.163488
37 0.186939 0.869210 0.017959 0.059946
32 0.716327 0.698910 0.031837 0.188011
29 0.716327 0.948229 0.033469 0.065395
29 0.457551 0.283379 0.033469 0.070845
37 0.455918 0.869210 0.015510 0.054496
0 0.069796 0.331063 0.038367 0.160763
37 0.455918 0.535422 0.015510 0.051771
37 0.085306 0.148501 0.015510 0.051771
37 0.962857 0.536785 0.015510 0.054496
37 0.538367 0.871935 0.015510 0.054496
32 0.902857 0.700272 0.029388 0.185286
29 0.349796 0.948229 0.033469 0.065395
12 0.640227 0.705068 0.055139 0.242383
12 0.828031 0.699612 0.055142 0.242383
12 0.348957 0.370605 0.055140 0.242336
12 0.347599 0.705079 0.055138 0.242372