28 0.758020 0.462097 0.092190 0.049650
0 0.490807 0.167619 0.105705 0.110734
4 0.403425 0.480269 0.105705 0.110711
4 0.486997 0.715076 0.105708 0.110718
8 0.131128 0.620377 0.091692 0.093910
8 0.763096 0.860374 0.091687 0.093925
29 0.760567 0.973244 0.069605 0.034774
29 0.447745 0.877246 0.069608 0.034789
29 0.128596 0.738426 0.069605 0.034779
29 0.759295 0.581453 0.069601 0.034782
29 0.618718 0.094968 0.069622 0.034772
29 0.760572 0.250657 0.069599 0.034780
37 0.912535 0.328482 0.031859 0.033888
37 0.333767 0.032697 0.031862 0.033861