0 0.394990 0.484097 0.079715 0.111288
0 0.522457 0.240861 0.079702 0.111316
30 0.553343 0.083024 0.033246 0.047728
37 0.206694 0.800136 0.042189 0.034061
37 0.925985 0.483560 0.024015 0.034052
37 0.772374 0.926804 0.024025 0.034037
37 0.340064 0.925716 0.024035 0.034042
37 0.184086 0.487874 0.024032 0.034051
37 0.328984 0.184103 0.024021 0.034061
37 0.292561 0.189502 0.024022 0.034069
4 0.398146 0.797610 0.079717 0.111302
4 0.714068 0.798703 0.079713 0.111289
0 0.720402 0.486263 0.079717 0.111315