23 0.170597 0.298687 0.339340 0.577668
4 0.584767 0.125716 0.053217 0.081097
4 0.584044 0.458685 0.053209 0.081105
4 0.873452 0.775444 0.053204 0.081092
12 0.602611 0.269163 0.052056 0.080095
12 0.604705 0.596348 0.052056 0.080081
37 0.578866 0.388511 0.016035 0.024804
37 0.577659 0.344365 0.016037 0.024816
37 0.630240 0.339857 0.016036 0.024797
37 0.634477 0.386703 0.016034 0.024814
32 0.692867 0.442386 0.036664 0.081987
32 0.694315 0.272657 0.036681 0.081978
37 0.574619 0.059620 0.016032 0.024797
37 0.632543 0.059613 0.016037 0.024800
37 0.839063 0.359924 0.016035 0.024804
37 0.881876 0.986792 0.016039 0.024815
37 0.832016 0.987944 0.016034 0.024113
37 0.943831 0.778091 0.016032 0.024804
37 0.881879 0.707523 0.016037 0.024815
37 0.827479 0.706416 0.016042 0.024098
37 0.634057 0.671482 0.016029 0.024817
37 0.578645 0.673732 0.016041 0.024804
23 0.447674 0.799228 0.098730 0.164669