37 0.618102 0.862961 0.014859 0.053194
37 0.956279 0.475175 0.014863 0.053230
37 0.059632 0.858522 0.014857 0.053223
38 0.138491 0.451627 0.050988 0.111533
38 0.425490 0.455550 0.050987 0.111522
38 0.134700 0.827117 0.050986 0.111534
38 0.423222 0.841483 0.050990 0.111532
37 0.496788 0.855945 0.014852 0.053218
28 0.674582 0.287836 0.022026 0.150571
28 0.277429 0.673111 0.022026 0.150569
8 0.765387 0.685392 0.042758 0.147543
29 0.765966 0.952442 0.032464 0.054627
29 0.619925 0.950861 0.032461 0.054640
37 0.615822 0.481450 0.014853 0.053173