37 0.511654 0.683792 0.019815 0.028631
37 0.705717 0.190997 0.019815 0.028625
37 0.412677 0.242354 0.019804 0.028639
37 0.082111 0.193701 0.019818 0.028645
37 0.012887 0.193698 0.019805 0.028651
37 0.125452 0.424336 0.019804 0.028643
37 0.324049 0.481089 0.019818 0.028639
37 0.127401 0.922535 0.019809 0.028633
37 0.930839 0.923431 0.019809 0.028638
37 0.546585 0.683790 0.019804 0.028634
30 0.203202 0.076045 0.038071 0.042640
30 0.529236 0.073874 0.038054 0.042644
30 0.855273 0.077119 0.038064 0.042627
0 0.833538 0.243615 0.065741 0.093617
28 0.783068 0.636331 0.029100 0.081075
28 0.278349 0.634896 0.029113 0.081073
0 0.500651 0.247760 0.065752 0.093623
0 0.168790 0.245947 0.065751 0.093625
0 0.407501 0.480188 0.065743 0.093620
0 0.647500 0.481085 0.065746 0.093636
4 0.829276 0.738744 0.065739 0.093614
4 0.596394 0.739649 0.065753 0.093643
4 0.459256 0.741443 0.065754 0.093616
4 0.222485 0.740549 0.065746 0.093615
37 0.736122 0.481083 0.019819 0.028633
37 0.932785 0.425233 0.019814 0.028651
37 0.639082 0.192804 0.019809 0.028647