37 0.119972 0.590171 0.020720 0.046909
0 0.249286 0.425433 0.068796 0.153375
4 0.657135 0.695245 0.068799 0.153393
32 0.686278 0.167501 0.046256 0.143210
29 0.811990 0.128521 0.050577 0.059764
29 0.889156 0.608537 0.050576 0.059757
29 0.394175 0.433247 0.050573 0.054919
29 0.681589 0.909479 0.050570 0.059760
29 0.278231 0.972548 0.050579 0.054904
29 0.123116 0.689796 0.050571 0.059749
32 0.277089 0.778775 0.046252 0.143235
37 0.892964 0.512563 0.020730 0.046936
37 0.886396 0.337075 0.020738 0.046956
37 0.117782 0.421829 0.020724 0.046926
28 0.582675 0.482738 0.030462 0.132859