37 0.904286 0.536840 0.021169 0.042803
29 0.392960 0.140085 0.051662 0.050096
29 0.819341 0.189826 0.051662 0.050082
29 0.900396 0.627657 0.051661 0.050062
29 0.688318 0.905494 0.051662 0.050085
29 0.273594 0.962791 0.051662 0.050071
29 0.112599 0.706577 0.051662 0.050096
37 0.113704 0.611448 0.021178 0.042787
37 0.113701 0.459014 0.021186 0.042802
37 0.113152 0.207118 0.021183 0.042805
37 0.112591 0.055766 0.021173 0.042829
0 0.246396 0.202795 0.070270 0.139908
0 0.247502 0.465509 0.070275 0.139913
4 0.662779 0.709823 0.070271 0.139945
32 0.274696 0.790904 0.047245 0.130628
32 0.688872 0.231995 0.047246 0.130641
28 0.586714 0.513059 0.031119 0.121188
37 0.896597 0.381109 0.021185 0.042812