28 0.486067 0.840895 0.026420 0.118049
28 0.484092 0.143975 0.026435 0.118051
28 0.235967 0.365607 0.026430 0.118060
28 0.236512 0.621151 0.026436 0.118066
28 0.846896 0.207917 0.051575 0.074119
28 0.848006 0.770320 0.051575 0.074104
29 0.741258 0.161422 0.043882 0.048790
29 0.845267 0.954934 0.043895 0.048774
29 0.141801 0.953710 0.043886 0.048794
29 0.037787 0.165094 0.043895 0.048815
27 0.488888 0.497667 0.216779 0.555106
8 0.143374 0.203042 0.055659 0.124322
8 0.142196 0.783559 0.055651 0.124323
37 0.943292 0.364075 0.017983 0.041685
37 0.947236 0.613488 0.017990 0.041695