4 0.590284 0.546456 0.047965 0.076997
28 0.410970 0.658725 0.021235 0.066673
28 0.102666 0.654826 0.021243 0.066678
4 0.301559 0.738347 0.047966 0.076971
4 0.207429 0.737458 0.047970 0.076973
4 0.072538 0.736547 0.047963 0.076978
4 0.435876 0.737456 0.047965 0.076968
4 0.668345 0.732048 0.047967 0.076978
4 0.888761 0.732046 0.047962 0.076979
4 0.939842 0.551867 0.047965 0.076986
4 0.810119 0.548261 0.047969 0.076992
4 0.715986 0.549156 0.047961 0.076977
0 0.178510 0.503013 0.047967 0.076978
0 0.331974 0.502388 0.047956 0.076973
0 0.072477 0.255891 0.047966 0.076981
0 0.271784 0.253387 0.047967 0.076978
0 0.437999 0.251522 0.047967 0.076975
0 0.589875 0.246512 0.047968 0.076967
37 0.113396 0.198989 0.014457 0.023549
37 0.159571 0.201597 0.014460 0.023541
37 0.017731 0.489388 0.014459 0.023542
37 0.117385 0.501904 0.014456 0.023543
37 0.394494 0.500038 0.014454 0.023535
37 0.490158 0.489097 0.014447 0.023546
37 0.279230 0.660096 0.014462 0.023549
37 0.236040 0.656964 0.014453 0.023548
37 0.038135 0.827550 0.014458 0.023563
37 0.706202 0.675518 0.014463 0.023559
37 0.752842 0.676149 0.014453 0.023558
37 0.742479 0.470942 0.014452 0.023536
37 0.788712 0.471567 0.014465 0.023559
37 0.930617 0.672391 0.014453 0.023541
37 0.975261 0.674267 0.014457 0.023546
37 0.396775 0.191169 0.014454 0.023552
37 0.349707 0.188464 0.014455 0.023541
30 0.256046 0.131402 0.027773 0.035054
30 0.452642 0.131403 0.027774 0.035059
30 0.600446 0.124646 0.027777 0.035050
30 0.701376 0.129147 0.027763 0.035057
30 0.829565 0.125389 0.027768 0.035052
30 0.057064 0.129146 0.027776 0.035059
36 0.333460 0.127705 0.021588 0.043870
36 0.551031 0.128367 0.021591 0.043877
36 0.704297 0.389396 0.021586 0.043881
36 0.828658 0.388647 0.021594 0.043886
37 0.971589 0.827803 0.014452 0.023545