37 0.523208 0.276186 0.026911 0.023288
30 0.679755 0.060791 0.041416 0.034529
30 0.321325 0.063024 0.041422 0.034534
36 0.320220 0.223053 0.052827 0.030709
37 0.043646 0.139816 0.026912 0.023289
37 0.107581 0.136069 0.026904 0.023300
4 0.457193 0.840391 0.089330 0.076149
4 0.276845 0.669109 0.089315 0.076138
4 0.368143 0.539297 0.089333 0.076166
4 0.728959 0.665986 0.089321 0.076152
4 0.636409 0.537206 0.089326 0.076148
0 0.635026 0.167130 0.089316 0.076156
0 0.274841 0.167647 0.089317 0.076152
0 0.368641 0.316754 0.089325 0.076162
0 0.635030 0.315197 0.089329 0.076159
37 0.470570 0.277052 0.026924 0.023311
37 0.463802 0.496025 0.026938 0.023304
37 0.533106 0.496027 0.026903 0.023304
37 0.527419 0.943270 0.026932 0.023302
37 0.466970 0.945879 0.026919 0.023295
37 0.361701 0.835958 0.026910 0.023292
37 0.186741 0.662378 0.026920 0.023294
37 0.810770 0.662376 0.026911 0.023288
37 0.918819 0.423642 0.026934 0.023304
37 0.073281 0.427388 0.026926 0.023292