37 0.210698 0.404635 0.014438 0.030670
28 0.154620 0.584677 0.021209 0.086822
28 0.846886 0.584683 0.021203 0.086819
0 0.562225 0.405474 0.047893 0.100263
0 0.428465 0.409193 0.047894 0.100276
0 0.274235 0.410128 0.047892 0.100270
0 0.717363 0.407337 0.047891 0.100251
32 0.770745 0.589194 0.044454 0.077327
32 0.222063 0.585467 0.044447 0.077318
12 0.351594 0.182001 0.045501 0.091298
12 0.643684 0.185762 0.045504 0.091279
12 0.902556 0.182040 0.045492 0.091283
12 0.703739 0.827504 0.045496 0.091279
12 0.288817 0.826575 0.045501 0.091288
12 0.097101 0.176626 0.045503 0.091292
37 0.044730 0.459404 0.014434 0.030656
37 0.207427 0.280572 0.014431 0.030667
37 0.043641 0.935545 0.014430 0.030654
37 0.786228 0.282444 0.014432 0.030654
37 0.787318 0.408734 0.014432 0.030661
37 0.951105 0.460155 0.014429 0.030651
37 0.945643 0.934056 0.014439 0.030681
4 0.885042 0.714994 0.047886 0.100277
4 0.107613 0.714993 0.047889 0.100266
30 0.090563 0.072466 0.022206 0.045467
30 0.353688 0.078690 0.022207 0.045470
30 0.643341 0.080858 0.022207 0.045483
30 0.901301 0.078987 0.022208 0.045469
36 0.349630 0.272458 0.028324 0.040411
36 0.642475 0.276488 0.028324 0.040414
36 0.577617 0.656055 0.028312 0.040421