37 0.524490 0.941781 0.015056 0.023893
36 0.361242 0.444034 0.029547 0.031485
28 0.265779 0.450516 0.022126 0.067652
28 0.284853 0.586169 0.043302 0.070860
28 0.717632 0.592133 0.043297 0.070852
28 0.743087 0.491595 0.022126 0.067640
12 0.639139 0.133753 0.047472 0.071131
12 0.364933 0.136667 0.047459 0.071118
4 0.378920 0.372678 0.049976 0.078106
36 0.643166 0.489708 0.029544 0.031498
4 0.622879 0.368352 0.049966 0.078114
4 0.342851 0.708892 0.049971 0.078104
4 0.660357 0.706728 0.049966 0.078118
30 0.359117 0.060242 0.023175 0.035427
30 0.640552 0.064561 0.023168 0.035428
12 0.504083 0.855921 0.047463 0.071105
37 0.418421 0.219619 0.015066 0.023881
37 0.583179 0.219622 0.015055 0.023883
37 0.528024 0.306105 0.015062 0.023907
37 0.475695 0.302860 0.015053 0.023890
37 0.887242 0.707181 0.015052 0.023898
37 0.112943 0.707184 0.015056 0.023913
37 0.478528 0.938535 0.015057 0.023903