29 0.259985 0.799021 0.048953 0.024018
37 0.075115 0.616583 0.020067 0.021872
37 0.620371 0.661625 0.020073 0.021877
37 0.623235 0.829793 0.020066 0.021878
37 0.918366 0.555776 0.020065 0.021886
37 0.620373 0.157121 0.020080 0.021876
37 0.624662 0.401868 0.020074 0.021891
0 0.693263 0.163126 0.087488 0.088925
0 0.690408 0.405615 0.087495 0.088930
4 0.693976 0.660127 0.087496 0.088929
4 0.692558 0.828291 0.087502 0.088929
4 0.223050 0.615834 0.087497 0.088933
29 0.725647 0.983670 0.048947 0.024009
29 0.848060 0.755148 0.048950 0.024007
28 0.850039 0.655361 0.051437 0.026131
30 0.723065 0.058604 0.024548 0.020984