29 0.745282 0.980782 0.048084 0.023904
29 0.287029 0.979284 0.048076 0.023901
30 0.746010 0.062555 0.024136 0.020901
37 0.644071 0.161277 0.019696 0.021782
37 0.645088 0.405597 0.019701 0.021787
37 0.938482 0.559114 0.019704 0.021790
37 0.646097 0.668081 0.019704 0.021779
37 0.646100 0.833245 0.019709 0.021788
37 0.070096 0.835502 0.019709 0.021790
37 0.425431 0.831748 0.019710 0.021779
37 0.111694 0.617033 0.019707 0.021792
0 0.710397 0.410280 0.085934 0.088528
0 0.707856 0.167036 0.085928 0.088537
4 0.257779 0.613880 0.085934 0.088537
4 0.211248 0.831008 0.085933 0.088541
4 0.353381 0.829198 0.085929 0.088520
4 0.707855 0.827398 0.085940 0.088526
4 0.710402 0.664336 0.085935 0.088534