37 0.841493 0.852332 0.032356 0.057125
37 0.840966 0.208209 0.032362 0.057121
28 0.202528 0.397331 0.082945 0.068189
28 0.204128 0.700946 0.082925 0.068193
28 0.497574 0.705450 0.082952 0.068209
28 0.500735 0.391031 0.082947 0.068192
38 0.361448 0.511018 0.087399 0.104503
38 0.362257 0.836188 0.087392 0.104465
38 0.673689 0.835266 0.105384 0.097252
38 0.672637 0.509152 0.105397 0.097242
38 0.674227 0.205549 0.105408 0.097235
38 0.364543 0.198641 0.105377 0.097258
37 0.070296 0.224421 0.032345 0.057120
37 0.068710 0.536113 0.032346 0.057101
37 0.069244 0.860448 0.032352 0.057088
37 0.837784 0.534308 0.032352 0.057093