37 0.257827 0.737702 0.025825 0.024045
37 0.092867 0.399921 0.025804 0.024049
37 0.900061 0.398425 0.025813 0.024036
37 0.905914 0.572594 0.025829 0.024029
37 0.097044 0.574096 0.025806 0.024041
37 0.404204 0.939781 0.025817 0.024054
37 0.589625 0.938530 0.025806 0.024039
37 0.318474 0.735201 0.025812 0.024055
0 0.321621 0.229766 0.089116 0.084937
0 0.677965 0.233158 0.089118 0.084942
4 0.738196 0.574737 0.089134 0.084921
4 0.263076 0.575497 0.089120 0.084931
4 0.464535 0.783623 0.089139 0.084942
32 0.396082 0.400330 0.081900 0.043269
32 0.601817 0.399667 0.081909 0.043275
30 0.291982 0.061226 0.049592 0.035800
30 0.704398 0.058616 0.049583 0.035792