37 0.192212 0.893329 0.026190 0.042909
37 0.797042 0.891359 0.026219 0.042917
30 0.289155 0.118527 0.050335 0.063867
30 0.703304 0.111328 0.050336 0.063852
0 0.313110 0.310931 0.090498 0.151540
0 0.667480 0.304712 0.090504 0.151509
4 0.733610 0.700131 0.090515 0.151526
4 0.243028 0.703244 0.090506 0.151529
37 0.080471 0.506314 0.026209 0.042895
37 0.441728 0.456594 0.026214 0.042885
37 0.529466 0.444691 0.026215 0.042874
37 0.903745 0.504153 0.026203 0.042902
37 0.903064 0.694412 0.026196 0.042894
37 0.081849 0.701991 0.026198 0.042883