4 0.740436 0.851836 0.046451 0.076362
37 0.978218 0.948423 0.013447 0.021610
37 0.495951 0.355043 0.013454 0.021625
37 0.279494 0.355045 0.013453 0.021625
37 0.735273 0.533097 0.013446 0.021610
37 0.780124 0.529970 0.013450 0.021610
4 0.486838 0.852596 0.046452 0.076358
4 0.287542 0.854088 0.046451 0.076357
4 0.061095 0.853342 0.046441 0.076343
4 0.291907 0.701691 0.046440 0.076347
4 0.387433 0.661897 0.046447 0.076350
4 0.453377 0.501238 0.046445 0.076364
4 0.292390 0.506494 0.046446 0.076344
0 0.561991 0.411149 0.046442 0.076358
0 0.697279 0.411898 0.046457 0.076345
0 0.816079 0.405893 0.046449 0.076357
0 0.944577 0.416406 0.046445 0.076346
0 0.864082 0.208445 0.046446 0.076352
0 0.613392 0.206941 0.046450 0.076359
0 0.454348 0.204690 0.046454 0.076355
0 0.290936 0.202438 0.046445 0.076351
0 0.178440 0.206942 0.046451 0.076359
0 0.061099 0.206943 0.046445 0.076355
30 0.047523 0.048534 0.025838 0.032182
30 0.198324 0.050036 0.025841 0.032178
30 0.307425 0.047780 0.025832 0.032172
30 0.468893 0.054544 0.025836 0.032173
30 0.634246 0.052287 0.025841 0.032183
30 0.878625 0.047034 0.025836 0.032178
12 0.046814 0.607698 0.038789 0.065693
36 0.192283 0.123969 0.028688 0.033779
36 0.307652 0.122092 0.028688 0.033788
36 0.472513 0.124591 0.028682 0.033793
36 0.632124 0.125210 0.028692 0.033780
36 0.879750 0.291404 0.028692 0.033782
36 0.631869 0.295015 0.028695 0.033782
36 0.470112 0.292306 0.028688 0.033783
36 0.305437 0.417533 0.028693 0.033781
36 0.581246 0.846354 0.028692 0.033783
4 0.484512 0.701530 0.046456 0.076358
37 0.004436 0.951760 0.008871 0.021613
37 0.223887 0.703559 0.013457 0.021621
37 0.529366 0.701680 0.013454 0.021611