27 0.555950 0.519125 0.252441 0.585167
29 0.099837 0.610369 0.050688 0.047169
29 0.832911 0.246357 0.050679 0.047164
8 0.101251 0.466542 0.059801 0.119210
8 0.101911 0.810015 0.059795 0.119192
28 0.713272 0.169295 0.026391 0.104861
28 0.489440 0.170377 0.026396 0.104879
28 0.243215 0.337980 0.026402 0.104881
28 0.243221 0.685691 0.026403 0.110326
28 0.490522 0.855996 0.026402 0.110347
28 0.713271 0.853824 0.026393 0.110345
37 0.931410 0.689968 0.020776 0.043004
37 0.933047 0.346070 0.020776 0.042989
29 0.835147 0.933060 0.050684 0.047170
29 0.102556 0.960792 0.050682 0.047185