36 0.504939 0.617890 0.043130 0.051501
37 0.423981 0.738244 0.020222 0.032948
37 0.057151 0.921156 0.020229 0.032964
37 0.068722 0.456721 0.020214 0.032962
4 0.156154 0.807513 0.069816 0.116403
30 0.129762 0.093992 0.038853 0.049043
4 0.484910 0.798501 0.069831 0.116416
4 0.860900 0.799994 0.069822 0.116392
30 0.879643 0.089496 0.038848 0.049054
4 0.641540 0.457963 0.069818 0.116401
4 0.373605 0.461564 0.069822 0.116408
0 0.370732 0.211118 0.069826 0.116401
0 0.157879 0.210214 0.069817 0.116423
0 0.644981 0.214721 0.069832 0.116405
30 0.622032 0.096700 0.038842 0.049054
0 0.856691 0.216522 0.069810 0.116398
37 0.954397 0.922465 0.020235 0.032965
37 0.946140 0.464514 0.020219 0.032938
37 0.804853 0.742136 0.020209 0.032956
37 0.736283 0.742141 0.020231 0.032953
37 0.725547 0.459321 0.020211 0.032953
37 0.288484 0.456726 0.020218 0.032953
30 0.398561 0.095806 0.038844 0.049061
37 0.361193 0.739538 0.020210 0.032939