4 0.870843 0.507636 0.049420 0.085538
30 0.210258 0.026207 0.062244 0.018406
30 0.553803 0.026536 0.062239 0.018398
30 0.892395 0.030516 0.062245 0.018406
31 0.806457 0.498269 0.053193 0.034003
37 0.026731 0.380052 0.005461 0.011438
37 0.253459 0.378031 0.005460 0.011444
37 0.372969 0.378034 0.005473 0.011449
37 0.596579 0.378411 0.005486 0.011447
37 0.705674 0.382166 0.005482 0.011464
37 0.936422 0.381407 0.005479 0.011449
4 0.534312 0.503652 0.048384 0.079516
4 0.187827 0.503628 0.049418 0.085573
4 0.871148 0.282033 0.049426 0.085554
0 0.536078 0.276399 0.049417 0.085527
0 0.189674 0.277846 0.049421 0.085558
32 0.485009 0.378069 0.058474 0.039862
32 0.822852 0.385451 0.058468 0.039878
29 0.209973 0.792783 0.026374 0.037238
29 0.554465 0.794152 0.028110 0.038523
29 0.891019 0.794847 0.028117 0.038508