0 0.786901 0.403531 0.018452 0.060196
0 0.160473 0.688538 0.018452 0.060193
4 0.325619 0.637333 0.018454 0.060187
4 0.324846 0.817683 0.018454 0.060187
4 0.538067 0.636274 0.018453 0.060183
4 0.538515 0.837596 0.018452 0.060197
4 0.636735 0.840781 0.018450 0.060188
4 0.635536 0.634863 0.018453 0.060204
37 0.989635 0.570859 0.002043 0.005138
37 0.940813 0.500579 0.002048 0.005133
37 0.527108 0.522651 0.002044 0.005146
37 0.378787 0.524967 0.002037 0.005127
37 0.716459 0.769508 0.002039 0.005135
37 0.777921 0.771007 0.002040 0.005139
4 0.936210 0.718672 0.018047 0.059779
0 0.552793 0.407068 0.018450 0.060209
18 0.702468 0.891233 0.014685 0.050250
18 0.789878 0.891029 0.014679 0.050232
0 0.254657 0.182129 0.018454 0.060194
0 0.455025 0.407062 0.018449 0.060208
0 0.325898 0.411785 0.018459 0.060201
0 0.090757 0.447338 0.018447 0.060211
4 0.255462 0.759606 0.018449 0.060204
4 0.160019 0.835416 0.018456 0.060199
4 0.090376 0.592538 0.018452 0.060191
29 0.546183 0.985170 0.011491 0.020377
30 0.448521 0.020404 0.014532 0.010474
37 0.074184 0.759944 0.002043 0.005127
0 0.704056 0.405596 0.018456 0.060207
0 0.857313 0.406484 0.018453 0.060189
0 0.932819 0.406020 0.018457 0.060196
0 0.405963 0.521072 0.018452 0.060194
0 0.498217 0.519798 0.018454 0.060209
32 0.820849 0.893280 0.012382 0.047749
32 0.864062 0.720580 0.012392 0.047750
32 0.794783 0.718934 0.012393 0.047772
32 0.794429 0.820282 0.012396 0.047760
32 0.669103 0.898827 0.012396 0.047761
32 0.697260 0.720844 0.012388 0.047763
0 0.635766 0.404125 0.018453 0.060206
4 0.254684 0.479593 0.018451 0.060201