29 0.448731 0.976140 0.110475 0.047720
30 0.374426 0.042443 0.108909 0.014791
2 0.333931 0.151482 0.116632 0.110950
2 0.749765 0.152081 0.116632 0.110953
37 0.988926 0.452272 0.008625 0.007217
37 0.028494 0.475000 0.008616 0.007217
37 0.079724 0.406670 0.008625 0.007208
28 0.594477 0.702778 0.039569 0.107486
0 0.190625 0.473535 0.116645 0.110952
0 0.485247 0.477295 0.116637 0.110957
0 0.125646 0.151436 0.108508 0.109678
4 0.753119 0.776797 0.097917 0.110959
4 0.408910 0.795260 0.097912 0.110961
4 0.254548 0.796477 0.097897 0.110966