37 0.444140 0.058576 0.020166 0.013049
37 0.112362 0.280762 0.020166 0.013048
37 0.090763 0.352741 0.020165 0.013052
37 0.443549 0.352965 0.020162 0.013051
37 0.112264 0.575447 0.020166 0.013054
37 0.090613 0.649441 0.020160 0.013050
37 0.443217 0.649344 0.020163 0.013052
37 0.112362 0.871753 0.020160 0.013054
37 0.596612 0.058741 0.020163 0.013046
37 0.949412 0.058758 0.020161 0.013051
37 0.617623 0.281094 0.020171 0.013056
37 0.596582 0.352854 0.020160 0.013048
37 0.949144 0.352736 0.020161 0.013053
37 0.617864 0.575433 0.020162 0.013049
37 0.596813 0.649180 0.020164 0.013051
37 0.949132 0.648853 0.020164 0.013052
37 0.617630 0.871928 0.020169 0.013045
28 0.268850 0.056983 0.033006 0.048546
28 0.268488 0.648097 0.033002 0.048543
28 0.288908 0.121398 0.032997 0.048545
28 0.310115 0.181432 0.033012 0.048538
28 0.795733 0.124064 0.033000 0.048545
28 0.775654 0.058797 0.033002 0.048544
28 0.812938 0.183892 0.032999 0.048538
28 0.771836 0.351292 0.033007 0.048539
28 0.268051 0.351897 0.033000 0.048542
28 0.287173 0.417165 0.033003 0.048542
28 0.308784 0.477036 0.033005 0.048544
28 0.794211 0.417589 0.033012 0.048543
28 0.814983 0.478132 0.033001 0.048543
28 0.772537 0.650288 0.033005 0.048543
28 0.795479 0.712654 0.033015 0.048537
28 0.813830 0.775020 0.033001 0.048541
28 0.310241 0.772845 0.033004 0.048544
28 0.289515 0.712840 0.033007 0.048540
28 0.108083 0.202202 0.081617 0.023887
28 0.210432 0.229131 0.081619 0.023885
28 0.419941 0.229132 0.081624 0.023884
28 0.613524 0.203451 0.081619 0.023889
28 0.720268 0.230139 0.081617 0.023890
28 0.931369 0.231148 0.081625 0.023887
28 0.114355 0.496071 0.081622 0.023888
28 0.219248 0.522088 0.081620 0.023890
28 0.420394 0.522929 0.081625 0.023887
28 0.614239 0.495231 0.081621 0.023886
28 0.720451 0.524604 0.081620 0.023890
28 0.926909 0.522929 0.081618 0.023885
28 0.612579 0.792525 0.081626 0.023887
28 0.716137 0.818715 0.081620 0.023889
28 0.926444 0.819217 0.081618 0.023887
28 0.419793 0.821232 0.081622 0.023894
28 0.215860 0.819720 0.081616 0.023891
28 0.111508 0.793030 0.081623 0.023890
37 0.091724 0.058687 0.020163 0.013054