29 0.051570 0.958394 0.048130 0.036506
37 0.639129 0.069328 0.009000 0.009160
37 0.217764 0.093598 0.009001 0.009152
18 0.661254 0.712661 0.083552 0.164818
29 0.915347 0.957798 0.048131 0.036509
29 0.787940 0.957793 0.048144 0.036515
18 0.891092 0.714754 0.083551 0.164795
37 0.346674 0.368185 0.008371 0.010876
37 0.476297 0.368822 0.008373 0.010871
12 0.218152 0.241435 0.082953 0.102081
12 0.638136 0.261539 0.083998 0.103927
29 0.639128 0.958394 0.048137 0.036508
29 0.219206 0.957192 0.048139 0.036507
18 0.191901 0.690746 0.083548 0.164796