7 0.592979 0.504444 0.036261 0.086991
30 0.493771 0.062062 0.029932 0.014641
3 0.165688 0.406181 0.036278 0.087016
3 0.421682 0.194694 0.036276 0.087001
3 0.565573 0.194318 0.036282 0.087011
29 0.066738 0.883214 0.032318 0.034366
7 0.821403 0.736278 0.036282 0.086998
29 0.494487 0.938823 0.032314 0.034355
7 0.423525 0.330984 0.036273 0.087004
3 0.821738 0.406999 0.036276 0.087002
7 0.566715 0.325121 0.036289 0.087002
7 0.165868 0.733467 0.036277 0.087006
37 0.359394 0.503135 0.003636 0.007784
37 0.629112 0.502740 0.003638 0.007786
29 0.932858 0.882796 0.032313 0.034376
28 0.769288 0.559705 0.019125 0.053630
28 0.219889 0.579526 0.019138 0.053620
28 0.932690 0.747773 0.032998 0.038255
28 0.067260 0.748645 0.033006 0.038220
7 0.507635 0.733143 0.036286 0.086983
7 0.395210 0.503799 0.036284 0.087020