4 0.626562 0.761574 0.024101 0.058652
4 0.855087 0.477668 0.024094 0.058614
14 0.392097 0.437658 0.034886 0.077284
14 0.477497 0.439366 0.034877 0.077290
32 0.060711 0.644472 0.017477 0.057653
32 0.145862 0.644481 0.017499 0.057661
32 0.404556 0.549955 0.017481 0.057680
32 0.490967 0.691474 0.017486 0.057682
32 0.748678 0.311036 0.017485 0.057675
32 0.864020 0.314053 0.017466 0.057684
0 0.273222 0.238058 0.028605 0.059172
0 0.394033 0.239070 0.028610 0.059163
0 0.501613 0.238493 0.028620 0.059160
0 0.624442 0.237904 0.028615 0.059134
4 0.156639 0.761398 0.024096 0.058649
4 0.270229 0.760599 0.023849 0.058709
4 0.740471 0.477665 0.024107 0.058629
37 0.059463 0.118065 0.025217 0.054375
37 0.958428 0.410461 0.034129 0.039886
30 0.605169 0.069025 0.036663 0.025049
29 0.444841 0.937886 0.028563 0.030222
32 0.061435 0.358218 0.017480 0.048957
32 0.061469 0.522918 0.017462 0.057684