28 0.919370 0.563934 0.030158 0.046731
28 0.873323 0.165180 0.030157 0.046759
37 0.078077 0.462702 0.022981 0.064238
0 0.044757 0.169312 0.022530 0.104783
0 0.105739 0.171286 0.022524 0.104811
0 0.172201 0.168347 0.022527 0.104790
0 0.266366 0.169631 0.022522 0.104772
0 0.347253 0.170289 0.022529 0.104786
0 0.406983 0.170912 0.022522 0.104808
0 0.487693 0.169629 0.022526 0.104791
0 0.648346 0.168908 0.022527 0.104823
0 0.696557 0.171957 0.022529 0.109359
0 0.782214 0.170465 0.022521 0.109370
0 0.828922 0.173573 0.022525 0.109314
0 0.906976 0.263036 0.034167 0.184779
4 0.106165 0.467020 0.022526 0.109348
4 0.346149 0.466254 0.022531 0.109343
4 0.848736 0.684964 0.022525 0.109340
4 0.783136 0.680318 0.022523 0.109347
4 0.715206 0.683104 0.022524 0.109334
4 0.649183 0.682472 0.022529 0.109345
4 0.580582 0.681940 0.022530 0.109353
4 0.488477 0.733630 0.022524 0.109363
4 0.407763 0.734396 0.022524 0.109322
4 0.044553 0.734494 0.022530 0.109340
30 0.036277 0.027640 0.014547 0.021565
30 0.920532 0.028493 0.014548 0.021585
30 0.839032 0.028490 0.014542 0.021579
30 0.773051 0.025789 0.014544 0.021593
30 0.705881 0.026340 0.014546 0.021602
30 0.637810 0.026858 0.014545 0.021581
30 0.499027 0.028542 0.014542 0.021612
30 0.418666 0.026741 0.014540 0.021584
30 0.337559 0.028544 0.014551 0.021592
30 0.256824 0.029435 0.014549 0.021570
30 0.182190 0.029000 0.014545 0.021611
30 0.115144 0.029436 0.014547 0.021596
29 0.034975 0.894333 0.029520 0.062851
29 0.215551 0.773536 0.029520 0.062868
29 0.417006 0.895462 0.029513 0.062860
29 0.570896 0.844975 0.029522 0.062829
29 0.497070 0.894683 0.029519 0.062871
29 0.638260 0.848082 0.029519 0.062851
29 0.704766 0.845747 0.029515 0.062877
29 0.772475 0.844926 0.029521 0.062844
29 0.839628 0.844923 0.029522 0.062868
29 0.920342 0.729987 0.029520 0.062857
29 0.973504 0.723781 0.029521 0.062863
12 0.215973 0.657427 0.028693 0.104371
12 0.973555 0.560845 0.028693 0.104374