0 0.750731 0.258264 0.068713 0.123967
12 0.186404 0.505165 0.106725 0.150826
37 0.505848 0.078512 0.026316 0.041322
29 0.505848 0.958678 0.064327 0.049587
4 0.808480 0.514463 0.070175 0.123967
37 0.448099 0.416322 0.027778 0.039256
0 0.212719 0.256198 0.071637 0.123967
4 0.213450 0.773760 0.073099 0.130165
37 0.927632 0.514463 0.027778 0.041322
2 0.477339 0.259298 0.071637 0.126033
4 0.476608 0.514463 0.070175 0.123967
4 0.614766 0.772727 0.071637 0.123967
37 0.836988 0.417355 0.027778 0.037190
37 0.357456 0.514463 0.027778 0.041322