30 0.283251 0.056219 0.040111 0.031586
32 0.750931 0.698389 0.021017 0.069409
32 0.751113 0.538204 0.021015 0.069406
28 0.934860 0.602689 0.037451 0.031503
28 0.680967 0.407550 0.021054 0.051789
12 0.058343 0.374095 0.083877 0.115325
4 0.379076 0.798255 0.069396 0.106338
4 0.084774 0.798254 0.069394 0.106345
4 0.724133 0.305952 0.069402 0.106352
4 0.545907 0.473875 0.069393 0.106344
4 0.262709 0.474792 0.069394 0.106340
4 0.490419 0.153487 0.069400 0.106336
4 0.316602 0.151028 0.069400 0.106341
32 0.842993 0.604157 0.021010 0.075289
29 0.565534 0.986097 0.043773 0.027807
29 0.890079 0.987428 0.043774 0.025145
30 0.062307 0.051090 0.040101 0.031583
30 0.519468 0.052658 0.040105 0.031590
30 0.748154 0.055879 0.040111 0.031590
37 0.611133 0.473938 0.009738 0.012937