8 0.508433 0.854487 0.143459 0.134966
8 0.828302 0.850138 0.143471 0.134979
8 0.190254 0.859515 0.143468 0.134983
29 0.910805 0.573414 0.070965 0.040463
29 0.979944 0.646827 0.040113 0.067250
29 0.829235 0.975535 0.065201 0.040469
29 0.508706 0.980097 0.065193 0.039807
29 0.191849 0.983243 0.065203 0.033515
29 0.417907 0.372459 0.065195 0.040466
29 0.417890 0.588590 0.065187 0.040473
28 0.420885 0.499673 0.077184 0.038678
28 0.421514 0.277281 0.077184 0.038673
4 0.828092 0.683977 0.120783 0.092403
4 0.505404 0.681466 0.120774 0.092414
0 0.190018 0.693516 0.126939 0.112261
0 0.714496 0.342946 0.117342 0.112251
0 0.291865 0.233159 0.126947 0.112270
30 0.048508 0.143679 0.067926 0.019838
8 0.912287 0.446970 0.143475 0.134952
37 0.911147 0.185722 0.033603 0.034618