32 0.445011 0.321019 0.042154 0.098586
37 0.516251 0.653061 0.025462 0.040042
37 0.366710 0.814991 0.025460 0.040069
37 0.114221 0.610189 0.025461 0.040042
12 0.761326 0.869862 0.062423 0.089412
29 0.760889 0.979812 0.051731 0.040375
29 0.244810 0.978483 0.051733 0.042115
36 0.897994 0.468439 0.031201 0.034079
36 0.633202 0.467981 0.031201 0.034114
28 0.347253 0.401845 0.028560 0.077874
4 0.603749 0.652826 0.070867 0.128185
4 0.928767 0.650172 0.070877 0.128162
4 0.273714 0.816070 0.070853 0.128197
0 0.858424 0.258965 0.088910 0.129876
0 0.672483 0.259751 0.088915 0.129855
0 0.208252 0.608922 0.088896 0.129848
0 0.283025 0.237859 0.088916 0.129858
30 0.633799 0.086378 0.040384 0.020178