29 0.629735 0.977857 0.045850 0.040239
30 0.629914 0.084087 0.041946 0.020736
0 0.432958 0.302771 0.088768 0.109815
0 0.592487 0.302788 0.088784 0.109794
23 0.194666 0.521577 0.182085 0.305005
0 0.836818 0.337128 0.088764 0.109815
4 0.363138 0.519049 0.077808 0.108306
4 0.662827 0.812506 0.077811 0.108310
4 0.847654 0.811759 0.077803 0.108338
29 0.877280 0.974196 0.045870 0.040236
36 0.875764 0.691312 0.039836 0.040962
37 0.043928 0.457003 0.026949 0.036828
37 0.975043 0.459380 0.026939 0.036855
37 0.974929 0.697367 0.026947 0.036848
32 0.394145 0.870398 0.045105 0.099155
29 0.395399 0.983038 0.045839 0.033925