37 0.129450 0.876767 0.009750 0.020034
3 0.059031 0.138968 0.051567 0.100627
3 0.236355 0.145716 0.051569 0.100647
3 0.164003 0.476738 0.051571 0.100629
3 0.307483 0.473835 0.051566 0.100612
3 0.500936 0.142462 0.051570 0.100634
3 0.776452 0.141689 0.051565 0.100659
3 0.869414 0.142355 0.051585 0.100651
14 0.199792 0.788275 0.037278 0.105323
14 0.270934 0.785270 0.037268 0.105338
18 0.768670 0.379186 0.036299 0.105346
18 0.875804 0.381204 0.037279 0.105302
14 0.768542 0.562110 0.035341 0.105434
14 0.878700 0.563694 0.037279 0.105349
14 0.769059 0.820507 0.037289 0.105332
14 0.876026 0.818090 0.037272 0.105323
18 0.485859 0.472822 0.037277 0.105339
18 0.577538 0.471194 0.037286 0.105340
35 0.652001 0.472836 0.039533 0.044723
35 0.630876 0.845238 0.039536 0.044730
28 0.708945 0.472464 0.012912 0.068332
28 0.687851 0.846755 0.012919 0.068350
23 0.819363 0.297436 0.060795 0.146938
23 0.820055 0.647371 0.060797 0.146939
37 0.036015 0.364006 0.009755 0.020059
37 0.099472 0.336285 0.009752 0.020013
37 0.099245 0.440182 0.009748 0.020025
37 0.961791 0.458060 0.009750 0.020046
37 0.962109 0.486244 0.009748 0.020046
37 0.954804 0.892757 0.009753 0.020023
29 0.186368 0.961335 0.038956 0.037036