28 0.259854 0.827681 0.046435 0.041870
28 0.216457 0.363367 0.046426 0.041868
28 0.621764 0.283629 0.046424 0.041864
28 0.790172 0.139615 0.046432 0.041877
28 0.704334 0.528379 0.046425 0.041867
28 0.620303 0.606092 0.046429 0.041874
28 0.341225 0.830163 0.046426 0.041872
29 0.214676 0.484968 0.068760 0.048214
28 0.163125 0.628966 0.026195 0.066833
29 0.257826 0.952536 0.068763 0.048227
29 0.339253 0.957013 0.068757 0.048217
29 0.503187 0.844233 0.068762 0.048223
29 0.621443 0.713543 0.068768 0.048217
29 0.702863 0.635661 0.068759 0.048237
28 0.820839 0.450799 0.026200 0.066820
29 0.621626 0.394473 0.068761 0.048230
29 0.787207 0.248581 0.068759 0.048232
37 0.076758 0.628229 0.036675 0.039177
37 0.137094 0.947464 0.029626 0.054217
37 0.865977 0.450831 0.036667 0.039167
37 0.851382 0.050664 0.036679 0.039140
31 0.219336 0.623656 0.045880 0.027972
31 0.360055 0.624189 0.045869 0.027960
31 0.435189 0.621593 0.045881 0.027969
31 0.562778 0.443493 0.045870 0.027967
31 0.402352 0.720259 0.016143 0.059866
31 0.501055 0.752654 0.016140 0.059853
31 0.500795 0.546760 0.016144 0.059869
31 0.500413 0.352114 0.016138 0.059848
32 0.504835 0.237852 0.030300 0.052216
4 0.490315 0.630682 0.040896 0.063680