0 0.607349 0.567228 0.031392 0.105429
4 0.636758 0.812705 0.032930 0.119132
0 0.385683 0.566129 0.031399 0.105422
0 0.241164 0.568983 0.031393 0.105434
4 0.540770 0.694092 0.032930 0.119101
4 0.452525 0.701881 0.032926 0.108644
4 0.354723 0.804411 0.032938 0.119102
4 0.274507 0.810395 0.032927 0.119079
4 0.088849 0.691500 0.032914 0.119113
0 0.672058 0.425530 0.031396 0.105408
0 0.318476 0.429559 0.031393 0.105421
0 0.905563 0.213293 0.031404 0.105426
0 0.087021 0.215562 0.031398 0.105422
2 0.539400 0.211370 0.031390 0.108410
2 0.830724 0.213527 0.031397 0.105427
2 0.162626 0.215813 0.031385 0.105416
6 0.164869 0.694935 0.032925 0.119104
6 0.827777 0.692102 0.032918 0.119099
2 0.453974 0.215722 0.031383 0.105435
28 0.823971 0.581377 0.010329 0.049496
28 0.169117 0.582002 0.010341 0.049527
4 0.903028 0.696384 0.032933 0.119101
0 0.749455 0.570636 0.031395 0.105430
4 0.718893 0.812697 0.032925 0.119108
30 0.843377 0.117491 0.014794 0.022071
30 0.685482 0.114632 0.014799 0.022086
30 0.526310 0.118206 0.014805 0.022099
30 0.465511 0.116072 0.014794 0.022081
30 0.307286 0.118925 0.014791 0.022093
30 0.150026 0.119632 0.014792 0.022119
37 0.353773 0.432609 0.008825 0.021477
37 0.637071 0.432768 0.008813 0.021478
37 0.783827 0.574596 0.008818 0.021482
37 0.940885 0.416600 0.008829 0.021482
37 0.865280 0.416607 0.008821 0.021474
37 0.206402 0.575131 0.008819 0.021473
37 0.126817 0.415477 0.008833 0.021472
37 0.050611 0.417592 0.008820 0.021481
36 0.685971 0.335410 0.013697 0.021460
36 0.685335 0.217140 0.013691 0.021470
36 0.305824 0.336867 0.013689 0.034221
36 0.307574 0.217135 0.013701 0.034212