12 0.457587 0.755599 0.054121 0.065801
4 0.888725 0.644207 0.046110 0.086901
4 0.924801 0.553312 0.046097 0.086926
4 0.816032 0.497383 0.046103 0.089930
4 0.705345 0.560424 0.046099 0.086937
4 0.586868 0.494268 0.044256 0.087129
4 0.540002 0.417175 0.044974 0.085096
4 0.451494 0.418808 0.044539 0.086346
4 0.404117 0.502274 0.046563 0.090815
4 0.288146 0.571072 0.050243 0.084851
4 0.106704 0.647478 0.048233 0.086659
4 0.063636 0.555434 0.042782 0.087915
4 0.179389 0.491753 0.051879 0.091273
32 0.719433 0.331485 0.045818 0.035644
32 0.278525 0.301398 0.045819 0.035656
32 0.794018 0.717154 0.023554 0.065713
32 0.201714 0.726994 0.023547 0.065725
32 0.895432 0.251065 0.023556 0.065702
32 0.785080 0.246118 0.023561 0.065698
32 0.676105 0.251043 0.023551 0.065693
32 0.558319 0.245109 0.023557 0.065720
32 0.424613 0.253774 0.023559 0.065728
32 0.307781 0.246475 0.023554 0.065728
32 0.197632 0.245564 0.023553 0.065711
32 0.077285 0.251953 0.023554 0.065743
12 0.522051 0.754662 0.054117 0.065804
29 0.912962 0.837773 0.037657 0.036814
29 0.801417 0.837777 0.037667 0.036800
29 0.493513 0.880499 0.037660 0.036811
29 0.206527 0.855201 0.037669 0.036815
29 0.085309 0.843968 0.037657 0.036808
30 0.258820 0.626328 0.037304 0.016218
30 0.497721 0.384640 0.036406 0.022452
30 0.975993 0.513039 0.036403 0.022432
30 0.017977 0.520390 0.035954 0.022434
30 0.893359 0.174628 0.036392 0.022430
30 0.783218 0.171880 0.036411 0.022417
30 0.673392 0.170511 0.036402 0.022426
30 0.556553 0.169134 0.036415 0.022429
30 0.425071 0.172334 0.036414 0.022442
30 0.307924 0.170512 0.036412 0.022434
30 0.198096 0.175530 0.036415 0.022438
30 0.078241 0.179393 0.036408 0.022439
21 0.272894 0.672978 0.064016 0.067995
37 0.528009 0.224662 0.008253 0.017501
37 0.467385 0.223138 0.008254 0.017507