30 0.454658 0.126191 0.031280 0.012354
30 0.525138 0.123834 0.031271 0.010738
30 0.625447 0.125777 0.031281 0.011359
37 0.820406 0.914572 0.008783 0.015089
37 0.746490 0.917238 0.008797 0.015107
37 0.258427 0.917441 0.008795 0.015103
37 0.183358 0.918788 0.008800 0.015092
0 0.221599 0.883858 0.050491 0.073013
30 0.187644 0.124599 0.029769 0.014171
37 0.119407 0.366742 0.019896 0.028586
30 0.626388 0.544344 0.031269 0.011766
30 0.704043 0.127487 0.031275 0.014750
30 0.806143 0.127525 0.031473 0.013747
30 0.497930 0.573230 0.031273 0.010121
32 0.495035 0.707703 0.019639 0.061099
37 0.874694 0.368224 0.019892 0.028564
0 0.205336 0.176798 0.046208 0.078996
0 0.273302 0.176455 0.046212 0.078996
0 0.369567 0.175427 0.046199 0.079004
0 0.435689 0.177165 0.046194 0.079006
0 0.540492 0.176460 0.041693 0.078998
0 0.608242 0.176806 0.039907 0.079040
0 0.721644 0.176109 0.039919 0.079009
0 0.787347 0.176971 0.042095 0.079360
4 0.167312 0.360136 0.042092 0.082030
4 0.309852 0.358789 0.042107 0.082045
4 0.684387 0.360512 0.042100 0.082017
4 0.823573 0.358010 0.042099 0.082030
4 0.476845 0.627461 0.042099 0.079502
4 0.608125 0.595902 0.042093 0.082017
4 0.611279 0.750270 0.042093 0.082023
0 0.782759 0.883267 0.053597 0.075762
12 0.234694 0.506230 0.047549 0.058569
12 0.522556 0.433332 0.047537 0.058582
12 0.758859 0.502569 0.047535 0.058574
29 0.235518 0.582781 0.035398 0.032280
29 0.485640 0.511541 0.032111 0.028051
29 0.758843 0.580563 0.035400 0.032269
29 0.501857 0.790510 0.033049 0.029839
29 0.629758 0.820739 0.033027 0.029869
28 0.453336 0.433273 0.029181 0.026231
30 0.288321 0.124825 0.031271 0.014153
30 0.352002 0.124084 0.031275 0.017651