37 0.688043 0.613377 0.008093 0.013843
37 0.986045 0.307955 0.008080 0.013848
29 0.866148 0.957904 0.046895 0.037031
29 0.482904 0.954411 0.046884 0.037044
29 0.153193 0.957376 0.046886 0.037031
12 0.481878 0.807322 0.054256 0.083635
12 0.152632 0.809750 0.054261 0.083635
28 0.737882 0.304058 0.029072 0.056242
30 0.064761 0.344615 0.020968 0.010916
35 0.865078 0.614201 0.036138 0.091286
35 0.864629 0.443718 0.036138 0.091276
4 0.628002 0.619020 0.062201 0.072156
4 0.343085 0.618789 0.062203 0.072141
4 0.570735 0.430587 0.066261 0.077640
4 0.397825 0.427567 0.063637 0.077632
4 0.121073 0.429580 0.065801 0.077641
0 0.834120 0.223297 0.070967 0.077628
0 0.567833 0.144980 0.070951 0.077645
0 0.184293 0.145093 0.070952 0.077633
30 0.600179 0.058037 0.028309 0.013649