21 0.137981 0.750017 0.068454 0.051755
28 0.679741 0.417646 0.036564 0.020236
4 0.266879 0.448401 0.090892 0.058664
4 0.710666 0.623751 0.091274 0.062093
4 0.794664 0.835692 0.066996 0.086373
37 0.108292 0.254347 0.020869 0.024775
37 0.095721 0.916241 0.020862 0.024769
37 0.881196 0.916122 0.020878 0.024767
37 0.582624 0.835127 0.020884 0.024772
37 0.636615 0.732300 0.020867 0.024775
37 0.782731 0.731464 0.020889 0.024746
37 0.895942 0.479902 0.020873 0.024766
37 0.822743 0.347498 0.020871 0.024754
29 0.423657 0.304323 0.053533 0.030310
29 0.680994 0.515937 0.053549 0.030302
29 0.481238 0.965523 0.053546 0.030318
30 0.609102 0.067744 0.034787 0.017085
30 0.339905 0.070880 0.034782 0.017071
7 0.579780 0.477915 0.066226 0.086375
7 0.309708 0.253025 0.072249 0.086379
28 0.238581 0.193622 0.036543 0.020241
28 0.424931 0.194631 0.036546 0.020233
28 0.510845 0.415896 0.036543 0.020237