4 0.652087 0.518470 0.071571 0.118734
36 0.337972 0.700528 0.027833 0.029024
29 0.815109 0.659631 0.063618 0.042216
37 0.183897 0.517150 0.025845 0.036939
36 0.621272 0.700528 0.029821 0.029024
6 0.308151 0.833773 0.071571 0.121372
37 0.215706 0.832454 0.029821 0.034301
0 0.367793 0.265172 0.071571 0.118734
32 0.486083 0.645119 0.109344 0.076517
37 0.183897 0.705805 0.025845 0.034301
4 0.305169 0.518470 0.073559 0.118734
4 0.592445 0.831135 0.071571 0.121372
0 0.592445 0.266491 0.071571 0.121372
29 0.337972 0.969657 0.067594 0.044855
29 0.622266 0.970976 0.063618 0.042216
37 0.681280 0.390623 0.025834 0.036938