29 0.372329 0.828101 0.021254 0.020790
29 0.549587 0.827244 0.021254 0.020788
4 0.800780 0.801797 0.029814 0.076743
4 0.535345 0.734303 0.029810 0.076751
4 0.136415 0.566049 0.029818 0.076741
29 0.786377 0.893530 0.021258 0.020800
29 0.885630 0.893761 0.021259 0.020768
4 0.099531 0.734676 0.029805 0.076748
4 0.170260 0.735388 0.029806 0.076760
37 0.267045 0.564259 0.005201 0.011656
37 0.085302 0.648705 0.005200 0.011667
37 0.087179 0.564327 0.005202 0.011666
32 0.824664 0.376212 0.014625 0.058406
32 0.748379 0.376221 0.014632 0.058403
32 0.191090 0.457499 0.036737 0.056669
32 0.585436 0.376446 0.014639 0.058407
32 0.515470 0.375409 0.014643 0.058392
32 0.410246 0.376107 0.014631 0.058404
32 0.339002 0.376449 0.014626 0.058413
37 0.885894 0.714967 0.005207 0.011669
32 0.392674 0.173088 0.036744 0.056650
32 0.221726 0.377157 0.014636 0.058408
32 0.151210 0.378033 0.014636 0.058402
30 0.376004 0.273579 0.024361 0.015714
4 0.733674 0.518912 0.029815 0.079988
4 0.838160 0.518216 0.029816 0.079967
4 0.838346 0.652511 0.029810 0.079974
4 0.734402 0.652020 0.029804 0.079979
4 0.600607 0.566436 0.029809 0.076748
4 0.500891 0.566438 0.029812 0.076752
4 0.357609 0.735012 0.029809 0.076744
32 0.379798 0.457505 0.037497 0.056656
32 0.386687 0.885639 0.036729 0.056656
4 0.423759 0.566439 0.029821 0.076739
4 0.324557 0.566674 0.029809 0.076744
4 0.236382 0.566042 0.029813 0.076735
37 0.913463 0.470887 0.005201 0.011657
29 0.085428 0.826782 0.021253 0.020777
37 0.913340 0.433492 0.005206 0.011662
4 0.871475 0.802141 0.029810 0.076745
29 0.184885 0.827305 0.021254 0.020776