32 0.830789 0.275841 0.149728 0.036442
32 0.172022 0.275542 0.149727 0.036436
32 0.502602 0.075627 0.149685 0.036416
37 0.498614 0.837799 0.037764 0.017895
37 0.501691 0.615486 0.037775 0.017921
37 0.500363 0.393223 0.037800 0.017897
37 0.502953 0.170254 0.037780 0.017896
4 0.500434 0.911330 0.217857 0.068664
4 0.499561 0.688909 0.217909 0.068654
4 0.501298 0.466472 0.217896 0.068639
4 0.501963 0.244250 0.217877 0.068648
32 0.833229 0.944748 0.165390 0.036422
32 0.168435 0.945039 0.149721 0.036428
32 0.834006 0.722878 0.149694 0.036407
32 0.169140 0.723169 0.149707 0.036426
32 0.827595 0.499543 0.149707 0.036403
32 0.166985 0.499539 0.149674 0.036416