32 0.378187 0.299137 0.070503 0.035246
32 0.894046 0.154383 0.041518 0.083807
37 0.016427 0.459103 0.016502 0.019463
37 0.098872 0.690358 0.016512 0.019460
37 0.325475 0.189803 0.016487 0.019463
7 0.727771 0.585334 0.060895 0.091885
7 0.479375 0.705005 0.060891 0.091852
7 0.197171 0.658594 0.060858 0.091877
3 0.775363 0.227291 0.059812 0.091858
7 0.529009 0.384454 0.060867 0.091880
3 0.482893 0.160083 0.060914 0.091840
7 0.245486 0.268249 0.060873 0.091881
28 0.626457 0.677266 0.064061 0.028698
29 0.895061 0.983339 0.054957 0.033248
29 0.750764 0.779688 0.054950 0.033221
29 0.627904 0.847178 0.054990 0.033215
29 0.504368 0.859401 0.054969 0.033239
29 0.223377 0.857490 0.055003 0.033244
30 0.360997 0.019139 0.075269 0.023459
7 0.866420 0.876144 0.060909 0.091878