28 0.616545 0.305911 0.025690 0.086040
28 0.615815 0.686157 0.025678 0.086035
38 0.522361 0.196234 0.035731 0.093606
28 0.844167 0.298842 0.049916 0.035937
27 0.640489 0.495167 0.146552 0.229613
38 0.210448 0.260465 0.035739 0.093583
38 0.369468 0.261920 0.035740 0.093577
28 0.842267 0.670819 0.049913 0.035963
38 0.747812 0.194415 0.035734 0.093610
38 0.546759 0.794499 0.035744 0.093594
38 0.772208 0.785443 0.035735 0.093578
38 0.235124 0.755573 0.035742 0.093573
38 0.388581 0.752672 0.035747 0.093609
38 0.141041 0.542535 0.055112 0.068819
38 0.142279 0.417161 0.055112 0.068816
38 0.465116 0.414444 0.055117 0.068817
38 0.463414 0.542069 0.055112 0.068811
37 0.094869 0.438249 0.013664 0.026239
37 0.093142 0.564672 0.013679 0.026238
37 0.919849 0.435821 0.013688 0.026239
37 0.915201 0.562991 0.013692 0.026219
29 0.308153 0.061871 0.029730 0.034382
29 0.646768 0.023350 0.029727 0.034392
29 0.647640 0.961923 0.029735 0.034404
29 0.308084 0.941360 0.029733 0.034399
28 0.304037 0.438871 0.025681 0.086047
28 0.303920 0.564971 0.025693 0.086036