37 0.983393 0.377778 0.021352 0.031746
28 0.355872 0.656349 0.035587 0.084127
37 0.030249 0.377778 0.022539 0.031746
28 0.799526 0.750794 0.066429 0.053968
8 0.684526 0.378531 0.075924 0.098426
28 0.214116 0.750794 0.067616 0.053968
12 0.110913 0.625397 0.072361 0.095238
12 0.499407 0.097619 0.073547 0.096825
32 0.319098 0.376984 0.085409 0.065079
37 0.491696 0.721429 0.022539 0.030159
28 0.654804 0.656349 0.035587 0.084127
32 0.504152 0.226984 0.083037 0.066667
37 0.491696 0.832540 0.022539 0.030159
28 0.622183 0.537302 0.034401 0.084127
38 0.490510 0.361111 0.062871 0.065079
12 0.903321 0.625397 0.072361 0.095238
29 0.580071 0.965873 0.061684 0.046032