6 0.312625 0.808399 0.072144 0.120735
36 0.628257 0.675853 0.030060 0.023622
37 0.186373 0.493438 0.028056 0.036745
4 0.484970 0.582677 0.092184 0.099738
0 0.372745 0.242782 0.072144 0.118110
4 0.310621 0.493438 0.076152 0.120735
37 0.218437 0.807087 0.028056 0.034121
37 0.688377 0.368766 0.026052 0.034121
36 0.341683 0.674541 0.030060 0.026247
0 0.599198 0.242782 0.072144 0.118110
37 0.484970 0.458005 0.024048 0.039370
29 0.340681 0.944882 0.068136 0.047244
29 0.820641 0.636483 0.062124 0.044619
29 0.628257 0.946194 0.066132 0.044619
37 0.187375 0.681102 0.026052 0.034121
4 0.659319 0.494751 0.072144 0.118110
4 0.599198 0.808399 0.072144 0.120735