37 0.956953 0.286314 0.011506 0.019009
37 0.792987 0.085197 0.011495 0.019002
37 0.948494 0.782615 0.011498 0.018992
37 0.793813 0.578037 0.011504 0.018992
4 0.114283 0.191112 0.025518 0.066903
4 0.342261 0.488799 0.025518 0.066907
4 0.517196 0.411523 0.025524 0.066914
4 0.589685 0.828157 0.025524 0.066909
4 0.613849 0.285377 0.025522 0.066908
4 0.641876 0.822817 0.025526 0.066904
4 0.801836 0.781071 0.025524 0.066913
4 0.801836 0.286271 0.025522 0.066910
0 0.221399 0.190770 0.028084 0.074947
0 0.164303 0.826015 0.028094 0.074917
4 0.095479 0.826004 0.028088 0.074935
4 0.341398 0.673856 0.028085 0.074938
28 0.416359 0.409514 0.013053 0.055098
28 0.438829 0.809183 0.013048 0.055106
28 0.525628 0.863298 0.028598 0.021356
28 0.260677 0.795645 0.028586 0.021350
12 0.105682 0.338005 0.034129 0.059948
12 0.652208 0.716397 0.034661 0.062439
12 0.792857 0.157707 0.034322 0.059213
12 0.793681 0.652351 0.031538 0.058532
32 0.350265 0.233160 0.023271 0.085897
32 0.527079 0.168016 0.023271 0.085907
32 0.620840 0.451311 0.023274 0.085901
32 0.792490 0.381188 0.023275 0.085905
32 0.902504 0.286818 0.045235 0.045488
32 0.892255 0.784382 0.045249 0.045492
29 0.581757 0.915006 0.018886 0.016484
29 0.262314 0.885026 0.020815 0.019083
29 0.173748 0.915446 0.020812 0.019089
29 0.525841 0.939741 0.020815 0.019081
29 0.650757 0.913875 0.020087 0.018141
29 0.106088 0.434307 0.020807 0.019076
29 0.621972 0.552258 0.020811 0.019088
29 0.351493 0.760650 0.020809 0.019085
29 0.793917 0.887389 0.020813 0.019087
29 0.792920 0.481277 0.020801 0.019092
37 0.088586 0.072797 0.004206 0.008215
37 0.674268 0.071936 0.004214 0.008209
37 0.408444 0.023730 0.013193 0.020785
37 0.055327 0.670315 0.011913 0.021746
37 0.130292 0.867887 0.010938 0.019521
37 0.086412 0.903453 0.011506 0.018999
37 0.295745 0.489797 0.011491 0.019002
37 0.378301 0.577805 0.011510 0.019005
37 0.465021 0.365572 0.011506 0.018985
37 0.651483 0.638215 0.011508 0.018998
37 0.657309 0.360802 0.011502 0.018988