29 0.606493 0.821204 0.061337 0.056421
37 0.188983 0.303204 0.003977 0.005877
37 0.191276 0.203904 0.004992 0.006073
37 0.262445 0.415294 0.006392 0.006883
37 0.267121 0.091150 0.006387 0.006878
37 0.367001 0.036664 0.006389 0.006879
37 0.230014 0.626193 0.003976 0.005868
37 0.203344 0.845617 0.003977 0.005871
37 0.085334 0.841795 0.003969 0.005871
37 0.366995 0.880832 0.003977 0.005869
37 0.858929 0.851478 0.003978 0.005873
37 0.932649 0.625977 0.003979 0.005875
37 0.957318 0.251359 0.003972 0.005870
37 0.859116 0.023159 0.003976 0.005875
0 0.266208 0.169326 0.054691 0.091595
0 0.266836 0.333654 0.054687 0.091596
0 0.531598 0.336125 0.061203 0.091594
0 0.682817 0.333356 0.054687 0.091593
4 0.687834 0.552976 0.049884 0.091595
0 0.788031 0.483591 0.054688 0.073663
0 0.419007 0.488333 0.054682 0.073669
0 0.523614 0.553031 0.054691 0.073660
0 0.201720 0.787588 0.054687 0.073670
0 0.084782 0.784035 0.054686 0.073662