28 0.647392 0.488556 0.033303 0.067026
31 0.399569 0.362354 0.083157 0.051057
31 0.598139 0.640540 0.042812 0.094310
32 0.768539 0.558629 0.042804 0.094302
32 0.254728 0.376463 0.083186 0.046445
8 0.767927 0.719348 0.095527 0.126224
8 0.111374 0.565054 0.095515 0.126186
7 0.539783 0.373819 0.102700 0.115646
37 0.903733 0.373710 0.016663 0.023510
37 0.574193 0.125187 0.016649 0.023537
29 0.769710 0.932939 0.077029 0.048103
29 0.587114 0.937765 0.077003 0.048055
29 0.113475 0.937957 0.077005 0.048059