37 0.912372 0.649388 0.016992 0.028511
37 0.082717 0.788789 0.016992 0.028515
4 0.265075 0.606013 0.138191 0.056987
29 0.610342 0.975863 0.066081 0.037203
29 0.411438 0.977153 0.066082 0.037198
4 0.389055 0.531394 0.065638 0.107755
4 0.585995 0.470704 0.065640 0.107786
4 0.794624 0.566487 0.065586 0.107797
4 0.389634 0.795191 0.065605 0.107783
32 0.268462 0.681443 0.085191 0.054951
32 0.411382 0.372357 0.033047 0.115018
31 0.413670 0.202389 0.035984 0.134024
12 0.608086 0.745141 0.067381 0.090805
12 0.813854 0.745704 0.066180 0.092725
37 0.158697 0.651371 0.007041 0.013037
30 0.531419 0.027803 0.051521 0.016648
29 0.814166 0.975867 0.066089 0.037236