29 0.334069 0.830700 0.117098 0.054477
29 0.749909 0.797055 0.117110 0.054468
37 0.333350 0.552319 0.007649 0.007454
37 0.188235 0.467331 0.008014 0.009639
37 0.478373 0.469092 0.008014 0.009667
37 0.333085 0.383685 0.008028 0.009659
37 0.890734 0.458908 0.065512 0.058323
37 0.102885 0.462237 0.065510 0.058319
4 0.724684 0.579569 0.065957 0.097247
4 0.308774 0.697461 0.065934 0.097239
4 0.286530 0.469449 0.065959 0.097277
0 0.378523 0.466491 0.065918 0.097234
0 0.727176 0.337874 0.065949 0.097244
0 0.307194 0.235035 0.065930 0.097261
30 0.333444 0.074114 0.091818 0.020969
30 0.750969 0.202545 0.091816 0.020970