28 0.837191 0.728449 0.047783 0.028824
37 0.112052 0.842930 0.005051 0.010140
37 0.125423 0.150557 0.005046 0.010161
37 0.876628 0.518473 0.005038 0.010159
37 0.388609 0.518154 0.005035 0.010147
0 0.188821 0.148168 0.048367 0.088174
0 0.508688 0.173338 0.048488 0.087957
0 0.755340 0.174830 0.048487 0.087952
0 0.952943 0.276972 0.048498 0.087947
0 0.729754 0.518180 0.048495 0.087949
0 0.453266 0.517190 0.048488 0.087933
0 0.257113 0.336292 0.048479 0.087924
0 0.133768 0.335468 0.046410 0.083981
4 0.121611 0.590838 0.045084 0.091039
4 0.273632 0.589035 0.045086 0.091025
4 0.173785 0.846136 0.045101 0.091033
4 0.509599 0.870415 0.045082 0.091024
4 0.752947 0.869414 0.045059 0.091026
4 0.953407 0.788437 0.045060 0.091028
4 0.812867 0.519183 0.045076 0.091013
4 0.536222 0.520213 0.045076 0.091046
28 0.845915 0.325825 0.047797 0.028816
32 0.898142 0.386471 0.049869 0.060653
30 0.493423 0.063705 0.047690 0.023941
30 0.771001 0.062320 0.047691 0.023914
29 0.493690 0.949868 0.047678 0.023939
29 0.770586 0.948654 0.047715 0.023914
32 0.878041 0.648893 0.055714 0.061649