29 0.631687 0.963415 0.065844 0.043902
4 0.599794 0.835366 0.072016 0.109756
37 0.177984 0.715854 0.026749 0.036585
36 0.335391 0.712195 0.028807 0.024390
36 0.629630 0.712195 0.028807 0.024390
37 0.176955 0.485366 0.028807 0.034146
6 0.306584 0.834146 0.074074 0.112195
0 0.368313 0.251220 0.074074 0.112195
6 0.305556 0.485366 0.076132 0.112195
4 0.481177 0.556587 0.094042 0.079028
37 0.209877 0.832927 0.028807 0.031707
4 0.661523 0.485366 0.076132 0.112195
29 0.334362 0.962195 0.067901 0.046341
0 0.601852 0.251220 0.076132 0.112195
29 0.826550 0.615854 0.064623 0.041463
37 0.692387 0.367073 0.026749 0.031707
4 0.482731 0.644676 0.094043 0.079021