37 0.833563 0.501417 0.012227 0.019378
3 0.529044 0.277364 0.109447 0.113228
3 0.682554 0.276947 0.109391 0.113236
3 0.459728 0.701038 0.109398 0.113258
3 0.459697 0.866016 0.109408 0.113263
28 0.340096 0.746206 0.094367 0.051206
28 0.792536 0.690747 0.094330 0.051207
28 0.257818 0.553058 0.049780 0.100649
28 0.257717 0.444642 0.049795 0.100663
28 0.570963 0.087553 0.049756 0.100606
23 0.580361 0.496364 0.253539 0.239900
29 0.345962 0.892772 0.100162 0.071883
29 0.417855 0.968214 0.100086 0.063571
29 0.796526 0.838424 0.100091 0.071888
37 0.117291 0.447312 0.012260 0.019373
37 0.116407 0.552101 0.012251 0.019383