30 0.687674 0.031302 0.060510 0.018053
29 0.123018 0.971932 0.048642 0.039385
29 0.784875 0.876600 0.048639 0.039399
29 0.893055 0.800841 0.048632 0.039398
29 0.689814 0.588164 0.048615 0.039394
29 0.777285 0.588504 0.048636 0.039395
29 0.869776 0.354048 0.048639 0.039399
29 0.464302 0.410971 0.043565 0.028072
29 0.256348 0.493453 0.043542 0.028050
29 0.096125 0.495985 0.043543 0.028075
37 0.904282 0.198106 0.018653 0.016446
37 0.595747 0.150576 0.018651 0.016451
37 0.377775 0.328804 0.018648 0.016461
37 0.349409 0.823652 0.018641 0.016453
37 0.893697 0.639031 0.008756 0.006390
37 0.533125 0.730534 0.008760 0.006388
37 0.377469 0.208512 0.008754 0.006386
37 0.212190 0.133373 0.008750 0.006392
0 0.274716 0.131968 0.080497 0.075499
0 0.753190 0.813470 0.080509 0.075504
4 0.597744 0.814443 0.080486 0.075497
4 0.151145 0.749591 0.080500 0.075506
4 0.261857 0.795988 0.080494 0.075488
4 0.152776 0.903525 0.080492 0.075489
4 0.432373 0.353146 0.080488 0.075506
4 0.432961 0.211604 0.080492 0.075484
4 0.658075 0.171016 0.080500 0.075494
4 0.836502 0.141744 0.080479 0.075500
4 0.861381 0.731636 0.080505 0.075496
28 0.551481 0.450426 0.031853 0.046589
28 0.537279 0.173898 0.030355 0.056604
28 0.690064 0.518980 0.064618 0.029321
28 0.257057 0.419896 0.064616 0.029308
30 0.306580 0.032475 0.060503 0.018060
30 0.463525 0.032183 0.060527 0.018056
30 0.867933 0.031601 0.060508 0.018057
30 0.122453 0.576245 0.078659 0.020460
30 0.565999 0.870621 0.079853 0.020867
12 0.123396 0.631360 0.075037 0.062370
12 0.776924 0.515101 0.067539 0.056306
12 0.868994 0.268545 0.073967 0.068205
32 0.464094 0.104372 0.062648 0.060899
32 0.687612 0.092141 0.062644 0.060900
21 0.095539 0.413949 0.045958 0.039910
21 0.095651 0.299266 0.045979 0.035252
30 0.095584 0.236566 0.078654 0.020467