36 0.456087 0.317871 0.043068 0.021239
30 0.076998 0.048438 0.035529 0.015112
37 0.981495 0.511729 0.022105 0.025633
37 0.649602 0.443292 0.022112 0.025619
37 0.214032 0.441585 0.022105 0.025610
37 0.269468 0.776629 0.006470 0.011099
37 0.882450 0.774927 0.006494 0.011109
37 0.034263 0.776184 0.006469 0.011090
36 0.454524 0.186885 0.043076 0.021246
37 0.253371 0.776124 0.006474 0.011103
32 0.663406 0.878973 0.064169 0.063826
32 0.670534 0.509817 0.064173 0.063817
30 0.844545 0.049450 0.035540 0.015122
30 0.454867 0.049449 0.035526 0.015110
28 0.662708 0.978719 0.028416 0.042563
28 0.773214 0.510205 0.028400 0.050600
4 0.827095 0.715932 0.054391 0.084383
4 0.548413 0.669722 0.054397 0.084392
4 0.363016 0.669719 0.054402 0.084383
0 0.826172 0.125054 0.054391 0.084385
0 0.826884 0.247222 0.054394 0.084383
12 0.077693 0.482276 0.072880 0.074690
0 0.581731 0.442521 0.054394 0.084392
0 0.092856 0.249627 0.054392 0.084390
0 0.435778 0.246411 0.054391 0.084380
0 0.435783 0.122637 0.054388 0.084389
0 0.095695 0.120615 0.054384 0.084375
0 0.327100 0.442214 0.053055 0.091627