37 0.096693 0.549169 0.006613 0.017739
37 0.096476 0.314196 0.006624 0.017741
37 0.006382 0.435988 0.011910 0.027078
37 0.886431 0.980509 0.009748 0.024245
37 0.764786 0.550371 0.006450 0.016742
37 0.932294 0.549961 0.006345 0.016394
37 0.852245 0.437149 0.009739 0.024277
37 0.932632 0.314408 0.005769 0.019019
37 0.586910 0.147308 0.005771 0.019059
37 0.765766 0.315601 0.005775 0.019060
37 0.419156 0.147010 0.005770 0.019061
32 0.618631 0.568284 0.022738 0.061505
32 0.387471 0.567997 0.022399 0.062096
32 0.536973 0.582033 0.027868 0.052976
32 0.466046 0.579792 0.027852 0.052954
12 0.580419 0.256846 0.039119 0.084515
12 0.426015 0.255389 0.036115 0.083593
7 0.640212 0.493524 0.016202 0.054709
3 0.211142 0.146469 0.030430 0.076225
7 0.784630 0.737678 0.032750 0.081966
7 0.210911 0.733808 0.030430 0.076213
0 0.075868 0.313466 0.030436 0.076177
0 0.076376 0.147104 0.030441 0.076186
0 0.210906 0.312357 0.030434 0.076178
3 0.784111 0.144885 0.030444 0.076204
0 0.952668 0.143788 0.030428 0.076206
0 0.952670 0.310146 0.030437 0.076179
0 0.784675 0.312867 0.030430 0.076173
4 0.210732 0.550470 0.028470 0.073554
4 0.076518 0.550965 0.029519 0.073547
4 0.076879 0.735039 0.029588 0.073542
4 0.415503 0.735042 0.028477 0.073534
4 0.952015 0.549476 0.029753 0.073563
4 0.951606 0.735262 0.031474 0.073547
4 0.784687 0.547629 0.028473 0.073556
4 0.590912 0.735254 0.028491 0.073557
4 0.590912 0.492168 0.028491 0.073531
4 0.415654 0.492852 0.028483 0.073533
28 0.365980 0.493296 0.015379 0.055996
37 0.230201 0.314020 0.006725 0.017143
37 0.618726 0.614857 0.010264 0.020645
37 0.661485 0.494500 0.010262 0.020656
37 0.387873 0.615816 0.010264 0.020669
37 0.344662 0.493812 0.008680 0.020640
37 0.229420 0.550676 0.006626 0.017756