37 0.903566 0.041800 0.016558 0.020132
0 0.237161 0.939357 0.125529 0.121286
0 0.526731 0.939358 0.125523 0.121284
0 0.532794 0.684377 0.125504 0.127318
0 0.238675 0.684377 0.125501 0.127312
0 0.239705 0.419462 0.125530 0.127271
0 0.525601 0.417456 0.125529 0.127299
0 0.527942 0.163318 0.125493 0.127264
0 0.237435 0.163311 0.125510 0.127279
37 0.772439 0.276037 0.016543 0.020120
37 0.773270 0.318766 0.016544 0.020123
37 0.771968 0.539113 0.016563 0.020127
37 0.771188 0.585072 0.016550 0.020146
37 0.772198 0.799286 0.016556 0.020134
37 0.771549 0.843526 0.016571 0.020144
37 0.904065 0.820683 0.016565 0.020146
37 0.903433 0.567141 0.016565 0.020101
37 0.903898 0.298245 0.016549 0.020141