37 0.560000 0.058333 0.047059 0.041667
4 0.512941 0.471875 0.112941 0.127083
11 0.265882 0.306250 0.117647 0.087500
11 0.264706 0.566667 0.115294 0.087500
29 0.265882 0.422917 0.098824 0.050000
37 0.172941 0.734375 0.044706 0.039583
37 0.855294 0.340625 0.044706 0.039583
37 0.174118 0.895833 0.042353 0.037500
29 0.174118 0.957292 0.098824 0.052083
4 0.514118 0.734375 0.110588 0.122917
29 0.264706 0.684375 0.096471 0.052083
37 0.854118 0.896875 0.042353 0.035417
29 0.558824 0.955208 0.096471 0.047917
0 0.512941 0.212500 0.108235 0.125000
29 0.854118 0.957292 0.098824 0.052083