30 0.286366 0.128455 0.043643 0.019431
0 0.380172 0.301821 0.036716 0.085852
0 0.379123 0.447712 0.036721 0.085851
0 0.623461 0.339265 0.036720 0.085846
0 0.740678 0.340667 0.036717 0.085854
0 0.856395 0.340670 0.036723 0.085851
4 0.044772 0.527351 0.033778 0.086637
4 0.154496 0.527338 0.033774 0.086622
4 0.045164 0.742906 0.033772 0.086637
4 0.153379 0.742216 0.033774 0.086630
4 0.378359 0.597354 0.033777 0.086633
4 0.623421 0.707549 0.033779 0.086630
4 0.740187 0.708941 0.033773 0.086627
4 0.857330 0.706866 0.033773 0.086631
28 0.480511 0.704755 0.044180 0.029006
29 0.274939 0.937941 0.045359 0.045151
37 0.031234 0.305576 0.005311 0.008559
37 0.275761 0.523448 0.010089 0.020057
37 0.920462 0.523879 0.010081 0.020050
0 0.179531 0.302771 0.036718 0.085858
36 0.754539 0.445030 0.020239 0.019382
36 0.813552 0.445897 0.020242 0.019371
36 0.754185 0.626504 0.020238 0.019383
36 0.813605 0.627958 0.020234 0.019372