37 0.120759 0.053546 0.032727 0.031244
29 0.647014 0.610433 0.075199 0.032639
28 0.496336 0.641208 0.096661 0.038416
28 0.796744 0.643387 0.096647 0.038414
29 0.247840 0.377064 0.072778 0.032397
28 0.314699 0.123807 0.096634 0.038396
28 0.579952 0.125107 0.096657 0.038420
28 0.849055 0.125895 0.096651 0.038413
38 0.243070 0.036379 0.119216 0.057942
38 0.453946 0.037475 0.119227 0.057944
38 0.723820 0.037469 0.119205 0.057945
38 0.872630 0.552948 0.115810 0.058965
38 0.421315 0.552571 0.115816 0.058949
38 0.570384 0.695114 0.115820 0.058963
38 0.719428 0.695116 0.115805 0.058955
38 0.515665 0.783848 0.068948 0.100674
29 0.785108 0.377259 0.072764 0.032397
29 0.517070 0.377922 0.072771 0.032395
38 0.811428 0.784747 0.068939 0.100677
37 0.645468 0.884962 0.032710 0.031242
38 0.924699 0.036016 0.119204 0.057932
38 0.801234 0.267686 0.063962 0.112287
38 0.931608 0.269534 0.063955 0.112281
38 0.664022 0.271709 0.063956 0.112297
38 0.533684 0.269531 0.063941 0.112290
38 0.395676 0.272434 0.063952 0.112288
38 0.264562 0.268811 0.063956 0.112288
38 0.513745 0.503044 0.063951 0.112293
38 0.811214 0.500304 0.063958 0.112287