4 0.094973 0.795797 0.065454 0.113061
29 0.563903 0.983978 0.046210 0.032045
29 0.881973 0.985046 0.044592 0.029909
37 0.024616 0.063930 0.010774 0.015689
0 0.321494 0.155246 0.070231 0.116742
0 0.491748 0.159309 0.070236 0.116740
0 0.721651 0.310540 0.070235 0.116737
4 0.378361 0.794807 0.069633 0.114018
4 0.268007 0.479795 0.069630 0.114022
4 0.544631 0.482785 0.069626 0.114016
37 0.610841 0.479062 0.008946 0.012703
28 0.928238 0.605779 0.037456 0.029718
28 0.679460 0.414907 0.022357 0.055392
12 0.067844 0.382984 0.084001 0.120675
32 0.747404 0.701748 0.024537 0.074540
32 0.837118 0.603748 0.024530 0.074545
32 0.746348 0.541394 0.024548 0.074548
37 0.808493 0.063354 0.010769 0.015693