37 0.234705 0.544227 0.017421 0.025077
30 0.368225 0.075816 0.073063 0.015307
36 0.471009 0.685691 0.036200 0.021749
12 0.099963 0.271248 0.076182 0.091298
28 0.752886 0.391099 0.077395 0.034106
4 0.591852 0.548516 0.058831 0.091645
4 0.344131 0.543040 0.058848 0.091669
4 0.446121 0.802128 0.058818 0.091671
4 0.123597 0.801820 0.058833 0.091646
0 0.546757 0.226581 0.069700 0.094982
0 0.389936 0.225617 0.069684 0.095000
37 0.852446 0.309156 0.017412 0.025056
37 0.235872 0.683327 0.017417 0.025042
29 0.751178 0.521507 0.074860 0.047523