8 0.811313 0.798537 0.098358 0.093658
30 0.601674 0.178637 0.102468 0.022746
30 0.433361 0.493365 0.057004 0.021734
32 0.433076 0.580961 0.055805 0.090100
31 0.603819 0.799116 0.055786 0.112356
31 0.603238 0.323187 0.055787 0.112367
7 0.576237 0.471214 0.077262 0.112762
7 0.578105 0.650733 0.077265 0.112817
28 0.245068 0.688540 0.028586 0.050735
28 0.897241 0.393240 0.028602 0.050716
29 0.600506 0.914924 0.057393 0.033754
29 0.810939 0.914549 0.057408 0.033743
37 0.078811 0.689021 0.131431 0.053983
37 0.995161 0.394175 0.009677 0.009233
31 0.337791 0.682269 0.122545 0.048812