32 0.749071 0.680560 0.040870 0.082633
32 0.265558 0.681611 0.040891 0.076406
32 0.749393 0.170634 0.036927 0.072263
12 0.750033 0.334129 0.064985 0.054975
12 0.265083 0.334750 0.064966 0.054970
32 0.508584 0.537909 0.123739 0.044938
40 0.509069 0.044087 0.115567 0.053153
32 0.263376 0.170156 0.036936 0.081408
12 0.265421 0.843475 0.065002 0.054965
32 0.507864 0.163887 0.036901 0.072225
29 0.506775 0.949673 0.043668 0.022743
29 0.507321 0.437169 0.043648 0.022745
28 0.918312 0.701129 0.074266 0.021823
28 0.087104 0.712453 0.074264 0.021824
28 0.918477 0.191417 0.079498 0.023907
28 0.508271 0.314417 0.089227 0.032104
28 0.086346 0.202508 0.080844 0.031067
12 0.748989 0.842783 0.064990 0.054993