28 0.855839 0.671563 0.065746 0.019197
28 0.310239 0.692803 0.065750 0.019184
28 0.310759 0.303489 0.065758 0.019189
4 0.561428 0.852119 0.073568 0.064836
4 0.562816 0.626901 0.073559 0.064820
4 0.563915 0.401888 0.073562 0.064815
4 0.562147 0.171652 0.073547 0.064815
30 0.526926 0.054948 0.106983 0.020556
37 0.732727 0.853096 0.018005 0.014684
37 0.732736 0.627528 0.017996 0.014690
37 0.732637 0.172160 0.018009 0.014695
37 0.732841 0.401559 0.017998 0.014691
32 0.854508 0.358752 0.044790 0.074150
29 0.530974 0.987643 0.087651 0.024713
29 0.108530 0.833096 0.087651 0.028366
12 0.108162 0.686562 0.072177 0.052949