37 0.344262 0.375502 0.009769 0.015811
29 0.778533 0.912625 0.047541 0.030528
29 0.542105 0.769407 0.047536 0.030521
29 0.250301 0.917695 0.047535 0.030528
29 0.053952 0.775170 0.047535 0.030521
12 0.542998 0.634101 0.033846 0.049019
12 0.054299 0.635616 0.033842 0.049031
31 0.700360 0.474615 0.052751 0.021445
31 0.406151 0.476527 0.024297 0.079791
32 0.938346 0.398617 0.024298 0.079801
32 0.403721 0.333355 0.024286 0.079797
28 0.940783 0.531756 0.035671 0.020654
28 0.639118 0.280609 0.035665 0.020633
28 0.639605 0.642487 0.035659 0.020655
28 0.402824 0.621352 0.035663 0.020646
28 0.149495 0.641661 0.035670 0.020658
28 0.150268 0.281587 0.035670 0.020652
4 0.795099 0.212623 0.035509 0.061701
4 0.795936 0.384677 0.035519 0.061700
4 0.795654 0.579834 0.035506 0.061700
4 0.794823 0.758610 0.035514 0.061689
4 0.266747 0.790688 0.035507 0.061695
4 0.265632 0.579594 0.035516 0.061681
4 0.265906 0.374369 0.035509 0.061684
4 0.265661 0.158755 0.035515 0.061684
30 0.782100 0.055056 0.046201 0.017194
30 0.249973 0.051671 0.046205 0.017196
37 0.873822 0.212838 0.009764 0.015820
37 0.872425 0.389098 0.009772 0.015800
37 0.874380 0.576689 0.009771 0.015804
37 0.874936 0.757998 0.009770 0.015800
37 0.343980 0.791400 0.009771 0.015807
37 0.344262 0.581568 0.009762 0.015829
37 0.343982 0.159372 0.009763 0.015810