29 0.085427 0.378955 0.062032 0.013036
28 0.228689 0.133544 0.046518 0.008135
28 0.378956 0.198848 0.046515 0.008147
28 0.226603 0.313951 0.046534 0.008142
28 0.738112 0.132829 0.046535 0.008132
28 0.739485 0.314154 0.046508 0.008136
28 0.891674 0.375773 0.046525 0.008137
28 0.228785 0.640675 0.046507 0.008135
28 0.378913 0.705501 0.046532 0.008139
28 0.736380 0.640685 0.046523 0.008133
12 0.596491 0.817272 0.053777 0.025981
12 0.085335 0.818024 0.053784 0.025973
12 0.596358 0.309977 0.053779 0.025976
12 0.085315 0.311072 0.053777 0.025975
29 0.890758 0.956303 0.062027 0.013038
29 0.596996 0.885621 0.062026 0.013044
29 0.085483 0.884969 0.062034 0.013036
29 0.381214 0.956958 0.062032 0.013041
29 0.891618 0.449975 0.062028 0.013038
29 0.595345 0.377773 0.062022 0.013032
29 0.379693 0.450419 0.062040 0.013033
31 0.813957 0.738572 0.077314 0.011047
28 0.228850 0.820410 0.046537 0.008132
28 0.890236 0.883441 0.046507 0.008134
28 0.740757 0.820196 0.046523 0.008131
30 0.065686 0.019024 0.063978 0.005936
30 0.574528 0.017923 0.063986 0.005933
30 0.068817 0.524905 0.063982 0.005935
30 0.577307 0.524906 0.063991 0.005942
35 0.155855 0.054883 0.085811 0.020151
35 0.669215 0.054814 0.085811 0.020154
35 0.156816 0.562676 0.085789 0.020161
35 0.670793 0.561861 0.085799 0.020155
32 0.379109 0.088453 0.034061 0.035062
32 0.891981 0.264503 0.034059 0.035066
32 0.382028 0.593800 0.034047 0.035059
32 0.890918 0.769814 0.034042 0.035072
31 0.383329 0.142137 0.019104 0.040213
31 0.891991 0.318849 0.019092 0.040214
31 0.301195 0.736982 0.077324 0.011052