14 0.791501 0.618380 0.073858 0.081832
35 0.646233 0.475743 0.046260 0.107447
35 0.643186 0.729189 0.046280 0.107465
35 0.541398 0.797679 0.046259 0.107415
28 0.124049 0.656313 0.074396 0.036707
29 0.460215 0.916727 0.047159 0.032171
14 0.790792 0.475048 0.073839 0.081819
7 0.516402 0.608308 0.062784 0.086440
7 0.359099 0.609804 0.062802 0.086445
3 0.200899 0.489458 0.062790 0.086459
3 0.099112 0.347429 0.062804 0.086452
3 0.702423 0.227731 0.062816 0.086446
3 0.513075 0.227335 0.062786 0.086441
3 0.359386 0.227752 0.062777 0.086448
37 0.458026 0.071726 0.017739 0.015366
37 0.874344 0.546407 0.017769 0.015410
30 0.230669 0.123055 0.043456 0.028369
30 0.333156 0.118204 0.043460 0.028365
30 0.458525 0.118202 0.043483 0.028358
30 0.541187 0.119975 0.043488 0.028405