28 0.801621 0.437248 0.016722 0.037778
28 0.801937 0.556859 0.016705 0.037786
28 0.673654 0.556865 0.016730 0.037799
28 0.673636 0.498723 0.016723 0.037751
28 0.674294 0.437241 0.016703 0.037758
28 0.306278 0.500188 0.016732 0.037783
37 0.922515 0.403391 0.034735 0.023065
37 0.557560 0.405596 0.034733 0.023038
37 0.429474 0.402509 0.034705 0.023045
29 0.544649 0.888387 0.028440 0.032116
0 0.171686 0.151644 0.050834 0.067415
0 0.316997 0.153139 0.050837 0.067391
0 0.665209 0.148352 0.050861 0.067433
0 0.814173 0.150136 0.050851 0.067424
4 0.171797 0.689401 0.050858 0.067394
4 0.171315 0.775801 0.050841 0.067423
38 0.736412 0.554496 0.032831 0.024738
38 0.738236 0.494492 0.032844 0.024785
38 0.740424 0.434473 0.032825 0.024734
38 0.240964 0.556169 0.032835 0.024748
38 0.240972 0.496139 0.032846 0.024784
38 0.242770 0.435112 0.032842 0.024810
28 0.914605 0.774556 0.030239 0.022659
28 0.913956 0.688254 0.030277 0.022606
28 0.564690 0.775705 0.030244 0.022608
28 0.565080 0.690374 0.030268 0.022624
28 0.421148 0.775261 0.030257 0.022610
28 0.421933 0.690799 0.030236 0.022686
28 0.071061 0.775889 0.030281 0.022600
28 0.072022 0.690192 0.030269 0.022638
28 0.800003 0.499088 0.016719 0.037801
4 0.319482 0.691510 0.050843 0.067391
4 0.320424 0.775789 0.050840 0.067420
28 0.308863 0.556885 0.016723 0.037783
4 0.664059 0.686872 0.050835 0.067424
4 0.663575 0.774860 0.050839 0.067406
4 0.813123 0.688975 0.050847 0.067430
4 0.813605 0.771133 0.050843 0.067426
28 0.181560 0.556486 0.016742 0.037788
21 0.183884 0.295356 0.036093 0.044048
21 0.305043 0.297254 0.036118 0.044083
21 0.677461 0.292688 0.036133 0.044037
21 0.800255 0.296336 0.036086 0.044037
37 0.246078 0.246761 0.013837 0.015213
37 0.744169 0.243431 0.013849 0.015184
31 0.241617 0.363927 0.044839 0.044506
31 0.736880 0.363133 0.044821 0.044484
28 0.178948 0.501303 0.016728 0.037774
28 0.308223 0.438352 0.016737 0.037768
28 0.180240 0.438350 0.016695 0.037778
30 0.541173 0.038120 0.049488 0.020829
37 0.065563 0.404794 0.032249 0.023030