28 0.855143 0.593804 0.068528 0.046777
28 0.853371 0.803363 0.068554 0.046744
29 0.129092 0.941823 0.061893 0.058789
29 0.302475 0.955060 0.061838 0.058728
29 0.679446 0.953122 0.061922 0.058765
29 0.854603 0.932630 0.061878 0.058756
30 0.484717 0.037718 0.112107 0.045558
31 0.305614 0.227127 0.093349 0.119210
31 0.678998 0.228446 0.093304 0.119228
21 0.386275 0.377715 0.078819 0.084009
21 0.593555 0.383171 0.078796 0.083989
37 0.487957 0.314341 0.029728 0.034603
37 0.271322 0.380999 0.029690 0.034640
37 0.711301 0.382895 0.029662 0.034608
4 0.349452 0.588051 0.106781 0.131428
4 0.632508 0.592196 0.106730 0.131404
4 0.343985 0.820427 0.106715 0.131421
4 0.636707 0.819768 0.106724 0.131385
28 0.127344 0.596387 0.068568 0.046832
28 0.128846 0.812708 0.068574 0.046797