38 0.390239 0.095454 0.060431 0.074627
38 0.214607 0.092368 0.060435 0.074640
38 0.215558 0.441168 0.060435 0.074605
29 0.282911 0.924593 0.080333 0.139596
38 0.631362 0.436231 0.060433 0.074620
38 0.290501 0.644767 0.028090 0.162392
38 0.710578 0.640321 0.028087 0.162385
28 0.286143 0.277510 0.072529 0.111414
28 0.495722 0.452493 0.072524 0.111414
28 0.704005 0.278497 0.072529 0.111413
37 0.881382 0.111647 0.016733 0.048296
37 0.074222 0.112369 0.016735 0.048290
38 0.764519 0.092081 0.060435 0.074619
38 0.631468 0.096830 0.060432 0.074613