29 0.192195 0.467081 0.026755 0.030220
37 0.524025 0.206593 0.049157 0.045831
37 0.376526 0.421087 0.040973 0.038256
37 0.335054 0.592828 0.007837 0.014062
37 0.332857 0.729853 0.044043 0.040619
37 0.334132 0.867702 0.007836 0.014053
37 0.859927 0.731094 0.044042 0.040602
37 0.817350 0.422529 0.040305 0.040194
37 0.860663 0.866800 0.007838 0.014067
37 0.860222 0.593172 0.007842 0.014054
37 0.860000 0.208759 0.007833 0.014061
30 0.597209 0.087960 0.013233 0.042271
3 0.583672 0.168982 0.027539 0.098782
7 0.821920 0.169531 0.027535 0.098794
3 0.472518 0.381670 0.027540 0.098796
3 0.529244 0.652766 0.027540 0.098792
3 0.664303 0.653590 0.027541 0.098793
3 0.730545 0.381298 0.027533 0.103837
7 0.607095 0.414051 0.054678 0.062588
7 0.606136 0.602578 0.054686 0.062571
7 0.372313 0.555931 0.030227 0.101408
7 0.370921 0.828660 0.030230 0.101406
7 0.528913 0.827150 0.030224 0.101419
7 0.664039 0.828662 0.030232 0.101406
7 0.823875 0.827653 0.030232 0.101411
7 0.822876 0.557325 0.030230 0.101402
29 0.423471 0.681658 0.026746 0.030236
29 0.425161 0.953680 0.026744 0.030214
29 0.596826 0.970808 0.026748 0.030215
29 0.769020 0.953688 0.026746 0.030213
29 0.768522 0.684477 0.026759 0.030212
29 0.768889 0.294371 0.026741 0.030217
29 0.615919 0.528765 0.026755 0.030228
37 0.525520 0.381128 0.007832 0.014046
37 0.676186 0.378229 0.007841 0.014056
29 0.082409 0.466356 0.026749 0.030219
29 0.081274 0.757886 0.026751 0.030202
29 0.191435 0.759325 0.026742 0.030211
12 0.080119 0.371003 0.041685 0.077602
12 0.191815 0.372079 0.041684 0.077605
12 0.080514 0.661431 0.041680 0.077614
12 0.192194 0.662887 0.041681 0.077596
37 0.192192 0.578755 0.007835 0.014059
37 0.079379 0.576577 0.007839 0.014056
37 0.080894 0.286505 0.007842 0.014050
37 0.191442 0.285784 0.007837 0.014048
37 0.718701 0.653072 0.007735 0.015524
37 0.476225 0.654528 0.007747 0.015516
37 0.585263 0.673847 0.007732 0.015515