3 0.390744 0.502108 0.024134 0.165872
12 0.016325 0.297759 0.032650 0.127133
12 0.103524 0.298861 0.032648 0.127138
12 0.015886 0.770251 0.031771 0.127145
12 0.103775 0.769227 0.032648 0.127115
29 0.016739 0.461238 0.020227 0.047365
29 0.103543 0.459168 0.020223 0.047355
7 0.754720 0.756098 0.024955 0.162148
7 0.662001 0.752017 0.024955 0.162152
7 0.592046 0.442086 0.024963 0.162202
7 0.488480 0.442094 0.024960 0.162201
7 0.391221 0.757388 0.024963 0.162178
7 0.243362 0.753195 0.024955 0.162203
3 0.861261 0.472393 0.024134 0.165903
3 0.859406 0.224994 0.024137 0.165893
3 0.756008 0.469436 0.024123 0.165901
3 0.755639 0.222069 0.024137 0.165895
3 0.590348 0.191472 0.024131 0.165872
3 0.487291 0.191485 0.024135 0.165870
7 0.859322 0.754042 0.024951 0.162172
3 0.243838 0.507024 0.024143 0.165884
3 0.307080 0.220537 0.024135 0.165870
29 0.909986 0.957145 0.020218 0.047323
29 0.704276 0.956904 0.020228 0.047358
29 0.617144 0.579721 0.020053 0.041193
29 0.514437 0.583825 0.020228 0.047357
29 0.348058 0.958036 0.020226 0.047347
29 0.285103 0.956625 0.020221 0.047372
37 0.433479 0.568436 0.032161 0.065958
37 0.201033 0.569906 0.032897 0.065994
37 0.980654 0.598531 0.036246 0.066012
37 0.640632 0.631148 0.033283 0.057850
37 0.262027 0.285255 0.036246 0.066025
37 0.982982 0.811794 0.007929 0.029345
37 0.836551 0.285491 0.007921 0.029388
37 0.777044 0.284254 0.007916 0.029371
37 0.640288 0.815513 0.007919 0.029352
37 0.421269 0.815490 0.007918 0.029391
37 0.353443 0.634924 0.007919 0.029379
37 0.281905 0.629794 0.007924 0.029369
37 0.214497 0.813861 0.007916 0.029372
37 0.104959 0.632997 0.007918 0.029372
37 0.015639 0.629594 0.007926 0.029334
37 0.103994 0.158775 0.007926 0.029319
37 0.016552 0.159965 0.007922 0.029376
29 0.103905 0.929249 0.020226 0.047357
29 0.016913 0.924990 0.020224 0.047319
7 0.960053 0.755078 0.024958 0.162220