32 0.330881 0.832141 0.069976 0.056810
29 0.866443 0.814120 0.039257 0.032939
29 0.958086 0.685199 0.039244 0.032938
37 0.010324 0.488211 0.013232 0.020974
37 0.010440 0.600130 0.013231 0.020977
28 0.063320 0.485810 0.023856 0.068497
28 0.061671 0.599651 0.023857 0.068487
27 0.734314 0.533770 0.226739 0.366203
27 0.329796 0.541783 0.224239 0.373855
28 0.595547 0.102957 0.023852 0.068490
28 0.741950 0.310244 0.023855 0.068488
28 0.760060 0.746952 0.023858 0.060617
28 0.596380 0.969412 0.023856 0.061176
28 0.958779 0.566216 0.040007 0.039744
28 0.865818 0.684158 0.035805 0.039738
32 0.319578 0.244707 0.069976 0.056819