32 0.558116 0.718200 0.038076 0.136986
37 0.060621 0.721135 0.021042 0.041096
37 0.101703 0.193738 0.021042 0.039139
4 0.163327 0.721135 0.050100 0.119374
32 0.606212 0.353229 0.038076 0.135029
37 0.262024 0.476517 0.019038 0.037182
32 0.919840 0.353229 0.038076 0.135029
37 0.973447 0.230920 0.019038 0.035225
0 0.161824 0.194716 0.049098 0.119374
32 0.808617 0.718200 0.038076 0.140900
37 0.973948 0.844423 0.018036 0.037182
37 0.101703 0.355186 0.021042 0.037182
37 0.300100 0.844423 0.019038 0.037182
3 0.161824 0.356164 0.049098 0.117417
37 0.183367 0.061644 0.018036 0.037182
29 0.182866 0.900196 0.043086 0.046967
7 0.162325 0.561644 0.050100 0.117417
37 0.101703 0.562622 0.021042 0.037182
12 0.529145 0.349969 0.067405 0.180929
12 0.402057 0.356372 0.067407 0.180946
12 0.715859 0.355083 0.067407 0.180942
12 0.840992 0.356366 0.067413 0.180929
12 0.432845 0.722300 0.067403 0.180951