28 0.651844 0.848401 0.030091 0.101832
28 0.651500 0.163133 0.030093 0.101823
38 0.459091 0.617547 0.067085 0.072881
38 0.460208 0.396088 0.067098 0.072889
38 0.193614 0.620640 0.067083 0.072862
38 0.193314 0.395590 0.067100 0.072846
37 0.267461 0.845479 0.017952 0.023899
38 0.382655 0.272934 0.038728 0.120528
38 0.255473 0.743302 0.038739 0.120519
38 0.381751 0.743033 0.040637 0.125103
37 0.106417 0.409568 0.024547 0.050611
37 0.106705 0.605157 0.024559 0.050595
37 0.824296 0.161985 0.029079 0.048146
37 0.875759 0.409277 0.024561 0.050619
29 0.826013 0.849396 0.029076 0.048119
37 0.874257 0.604494 0.024570 0.050613
37 0.392307 0.174263 0.017955 0.023909
37 0.266568 0.173707 0.017961 0.023908
37 0.391822 0.840129 0.017943 0.023920
38 0.258055 0.271561 0.038767 0.120525
27 0.644501 0.508700 0.163640 0.363987
28 0.316389 0.414686 0.030106 0.101776
28 0.316395 0.606696 0.030099 0.101796
28 0.826227 0.713578 0.048474 0.055734
28 0.824419 0.295400 0.048487 0.055775