37 0.349238 0.914966 0.030504 0.091245
37 0.917117 0.824650 0.021461 0.047407
37 0.028812 0.734794 0.021465 0.047431
28 0.467688 0.358411 0.040355 0.077003
37 0.068595 0.045625 0.030496 0.091250
28 0.734531 0.357026 0.040370 0.076992
28 0.790876 0.227759 0.037014 0.102882
28 0.638768 0.225986 0.037025 0.102874
28 0.375542 0.224183 0.037019 0.102879
28 0.221872 0.221065 0.037021 0.102870
28 0.116018 0.733545 0.037023 0.102888
38 0.162145 0.361983 0.034102 0.119153
38 0.880884 0.364742 0.034131 0.119138
38 0.881474 0.136076 0.034120 0.119118
23 0.473113 0.818463 0.126798 0.337064
28 0.474381 0.602852 0.037033 0.102864
28 0.317428 0.355748 0.040368 0.076995
38 0.728602 0.135661 0.034118 0.119136
38 0.461250 0.135857 0.034130 0.119152
38 0.310621 0.135861 0.034127 0.119132
38 0.161463 0.134326 0.034121 0.119122
37 0.233128 0.444992 0.030490 0.091244