23 0.440693 0.510464 0.126374 0.263905
29 0.848270 0.632658 0.039687 0.066178
29 0.618202 0.548794 0.039687 0.066193
29 0.309728 0.807782 0.039681 0.066188
29 0.211198 0.806119 0.039685 0.066194
29 0.843460 0.963795 0.039676 0.066195
37 0.671157 0.850236 0.037080 0.072357
37 0.673947 0.517974 0.036348 0.074088
37 0.349174 0.578806 0.034512 0.071786
37 0.074723 0.517470 0.021682 0.039489
38 0.164637 0.425876 0.053276 0.059639
38 0.165864 0.584938 0.053288 0.059620
38 0.205572 0.701004 0.033485 0.087103
38 0.300335 0.699173 0.033482 0.087117
38 0.647966 0.111680 0.053291 0.059643
38 0.552216 0.367072 0.053292 0.059638
38 0.558066 0.697247 0.053280 0.059635
28 0.257792 0.440921 0.030619 0.080888
28 0.258236 0.596570 0.030624 0.080915
28 0.615966 0.449834 0.042986 0.048687
28 0.750743 0.248482 0.030622 0.080906
37 0.921182 0.448730 0.021696 0.039493
32 0.846960 0.519256 0.045979 0.107553
32 0.844723 0.850578 0.045973 0.107539
23 0.749462 0.778021 0.090707 0.263905
23 0.752677 0.451964 0.090711 0.263898