38 0.740022 0.112674 0.064908 0.060159
38 0.197560 0.342589 0.064896 0.060174
12 0.565899 0.593858 0.083869 0.112377
23 0.668955 0.429938 0.151687 0.213186
37 0.114517 0.783413 0.025886 0.038850
29 0.692474 0.295208 0.055272 0.052032
29 0.246322 0.586202 0.055260 0.059747
37 0.986475 0.421123 0.025877 0.038838
29 0.464854 0.958374 0.055267 0.059756
29 0.564788 0.726126 0.055266 0.059741
28 0.790866 0.781183 0.042160 0.075795
28 0.187278 0.784254 0.042163 0.075797
29 0.350242 0.588936 0.055269 0.059745
37 0.117163 0.353440 0.025875 0.038818
28 0.490932 0.123125 0.042170 0.075790
28 0.402921 0.354807 0.042157 0.075781
28 0.295688 0.354852 0.042171 0.075799
38 0.927090 0.408355 0.064898 0.060155
38 0.355334 0.770928 0.064896 0.060195
38 0.473706 0.850250 0.040410 0.091546
38 0.473454 0.457084 0.040408 0.091547
38 0.357671 0.458867 0.040428 0.091522
38 0.257676 0.459311 0.040415 0.091543
38 0.699380 0.193054 0.040414 0.091524