29 0.459629 0.484872 0.041517 0.067517
38 0.197228 0.200595 0.046983 0.063200
38 0.196544 0.397222 0.046983 0.063218
38 0.206707 0.566874 0.046988 0.038172
38 0.332127 0.098671 0.047587 0.034827
38 0.710509 0.325834 0.046990 0.070739
38 0.872264 0.767846 0.018450 0.094467
38 0.360508 0.772159 0.035762 0.101897
23 0.561873 0.346021 0.119736 0.262648
23 0.567257 0.639352 0.119729 0.262690
37 0.071725 0.314581 0.017383 0.039281
37 0.147795 0.567381 0.021761 0.044524
37 0.912987 0.099160 0.021747 0.044505
37 0.872562 0.914565 0.021754 0.044563
28 0.316323 0.215481 0.023911 0.085165
28 0.315645 0.410788 0.023901 0.085185
28 0.872258 0.402132 0.042475 0.051924
29 0.367876 0.907845 0.041495 0.067468
29 0.459629 0.775546 0.041520 0.067527