23 0.858489 0.528182 0.119464 0.167190
29 0.532269 0.455239 0.038325 0.018203
29 0.533399 0.721206 0.038313 0.018227
29 0.668695 0.621805 0.038328 0.018216
29 0.777200 0.624113 0.038322 0.018223
29 0.532862 0.184642 0.038314 0.018208
29 0.533191 0.986384 0.038331 0.018226
38 0.231524 0.027366 0.038141 0.033121
38 0.473878 0.025595 0.038139 0.033114
38 0.231363 0.237119 0.038142 0.033124
38 0.233634 0.424614 0.038133 0.033116
38 0.231932 0.619055 0.038138 0.033115
38 0.233064 0.808876 0.038142 0.033119
38 0.476572 0.808105 0.038140 0.033110
38 0.473156 0.558106 0.038135 0.033119
38 0.474867 0.290368 0.038141 0.033106
38 0.717616 0.464124 0.038145 0.033110
38 0.145734 0.076042 0.025821 0.045977
38 0.539935 0.108952 0.025811 0.045954
38 0.538570 0.371910 0.025815 0.045959
38 0.538568 0.644136 0.025804 0.045974
38 0.527647 0.904308 0.025802 0.047777
38 0.675798 0.546910 0.025811 0.045971
28 0.571619 0.299559 0.026994 0.052677
28 0.569977 0.568309 0.026996 0.052689
28 0.862974 0.357397 0.026994 0.052687
28 0.572902 0.814733 0.026983 0.052673
35 0.137128 0.174480 0.038878 0.111236
35 0.138577 0.347086 0.038884 0.111250
35 0.139051 0.538710 0.038887 0.111240
35 0.138578 0.730968 0.038877 0.111233
28 0.570800 0.033742 0.026995 0.052681
37 0.990803 0.528776 0.011499 0.032699