21 0.534120 0.539466 0.037224 0.088035
12 0.149296 0.795134 0.067155 0.160216
29 0.031008 0.947963 0.062015 0.081275
29 0.789339 0.943790 0.062002 0.081291
31 0.280178 0.182332 0.097649 0.059104
31 0.555878 0.186287 0.097659 0.059105
31 0.396901 0.810157 0.097666 0.059143
28 0.396152 0.200117 0.041656 0.144436
28 0.667661 0.203122 0.041666 0.144409
28 0.517088 0.797128 0.041655 0.144441
28 0.886187 0.677133 0.041645 0.144464
21 0.103641 0.540257 0.037234 0.088035
38 0.100261 0.457530 0.059860 0.071704
38 0.231770 0.458260 0.059852 0.071702
38 0.371247 0.459279 0.059855 0.071710
38 0.534380 0.456810 0.059873 0.071712
38 0.664600 0.458788 0.059851 0.071693
38 0.801928 0.458860 0.059849 0.071754
21 0.232617 0.540714 0.037235 0.087985
21 0.373235 0.541123 0.037206 0.087963
21 0.664149 0.541556 0.037224 0.087979
21 0.803694 0.541554 0.037206 0.087974
32 0.887793 0.812076 0.068658 0.082566