21 0.295620 0.624404 0.039149 0.054045
12 0.092688 0.529240 0.093508 0.126050
32 0.146710 0.087672 0.057475 0.042095
32 0.414164 0.089003 0.057487 0.042074
32 0.686307 0.090603 0.057474 0.042090
32 0.371202 0.508902 0.057506 0.042095
32 0.481257 0.980162 0.057504 0.039676
32 0.271262 0.330432 0.028189 0.075194
32 0.914549 0.497905 0.041933 0.112694
32 0.270597 0.756011 0.028193 0.075218
31 0.219779 0.083455 0.072881 0.027860
31 0.484781 0.082119 0.072892 0.027870
31 0.757786 0.083883 0.072877 0.027882
31 0.442273 0.506069 0.072878 0.027876
31 0.556577 0.976100 0.072881 0.027875
31 0.275676 0.428300 0.018192 0.098498
31 0.546100 0.222771 0.029411 0.144768
31 0.276368 0.857229 0.018204 0.098479
28 0.538682 0.389339 0.059333 0.051281
28 0.807077 0.501003 0.054071 0.054011
38 0.257189 0.212644 0.032958 0.080786
38 0.336785 0.071041 0.064623 0.043370
38 0.608376 0.070987 0.064630 0.042255
38 0.258358 0.624740 0.032968 0.080783
21 0.336854 0.122287 0.039155 0.054014
21 0.295070 0.212732 0.039159 0.054011
21 0.609378 0.122970 0.039170 0.054044