32 0.739487 0.599750 0.032324 0.039560
29 0.609783 0.973594 0.023617 0.033538
36 0.207033 0.651819 0.015426 0.023483
3 0.087702 0.458063 0.029661 0.103078
7 0.088683 0.788480 0.025084 0.093765
37 0.396306 0.568365 0.031047 0.047882
36 0.523639 0.344146 0.015426 0.023455
36 0.544148 0.345744 0.015429 0.023455
36 0.486881 0.345387 0.015419 0.023461
3 0.200432 0.447284 0.029656 0.103067
3 0.909099 0.206651 0.024883 0.088747
3 0.619374 0.497399 0.029649 0.103062
3 0.534670 0.206881 0.029618 0.087709
3 0.840537 0.570471 0.029651 0.103033
7 0.197545 0.789291 0.025072 0.093735
7 0.497492 0.801821 0.025062 0.093738
7 0.603428 0.786598 0.025081 0.093750
7 0.909356 0.783009 0.025089 0.093755
37 0.690184 0.470608 0.030209 0.046549
37 0.983218 0.513599 0.030231 0.046547
30 0.499286 0.032077 0.032235 0.055876
3 0.477986 0.517993 0.029665 0.103106