12 0.666028 0.166008 0.029374 0.086957
36 0.317369 0.352767 0.011494 0.025692
28 0.903747 0.554477 0.018518 0.037562
4 0.657468 0.781801 0.021707 0.086961
36 0.245849 0.351779 0.012771 0.027668
37 0.806513 0.513151 0.010217 0.029627
36 0.281928 0.744071 0.012133 0.029644
32 0.465837 0.190711 0.018519 0.088933
36 0.167625 0.446640 0.012133 0.027668
4 0.471076 0.530799 0.022354 0.090901
32 0.693167 0.354743 0.027458 0.057312
4 0.326309 0.453557 0.021711 0.088933
12 0.716475 0.169960 0.029374 0.086957
4 0.175926 0.751976 0.022350 0.088933
0 0.237229 0.212451 0.022350 0.088933
36 0.581418 0.403162 0.010856 0.023715
36 0.126756 0.351779 0.012133 0.027668
32 0.963921 0.703557 0.018519 0.086957
0 0.118135 0.656126 0.022989 0.090909
0 0.456897 0.311265 0.022350 0.088933
12 0.126756 0.252964 0.030013 0.090909
12 0.281609 0.642292 0.029374 0.086957
0 0.389847 0.211462 0.022350 0.090909
0 0.325351 0.211462 0.023627 0.090909
37 0.985632 0.490119 0.009579 0.031621
36 0.167305 0.352767 0.012771 0.029644
4 0.725415 0.775692 0.021711 0.084980
0 0.049808 0.657115 0.021711 0.088933
0 0.175607 0.212451 0.022989 0.088933
36 0.743614 0.402174 0.009579 0.021739
4 0.237229 0.452569 0.021073 0.090909
0 0.573116 0.212451 0.022350 0.084980
36 0.666028 0.403162 0.008940 0.023715
0 0.857280 0.403162 0.021073 0.086957
32 0.865581 0.551383 0.017241 0.086957
12 0.058429 0.252964 0.028736 0.086957
32 0.865112 0.737940 0.017880 0.088933
0 0.511175 0.213439 0.022350 0.086957
28 0.928280 0.709909 0.018516 0.037541
28 0.440177 0.740899 0.018516 0.041516
4 0.389545 0.759138 0.022354 0.088935
32 0.763501 0.516397 0.028737 0.055336
37 0.615841 0.515186 0.008938 0.029631
4 0.591633 0.784549 0.022346 0.086953
0 0.725056 0.509725 0.021711 0.088873
32 0.440998 0.619339 0.017882 0.086972
0 0.655993 0.512024 0.022987 0.084996
36 0.717164 0.407857 0.010162 0.023668
28 0.744067 0.197258 0.018165 0.040725
29 0.463520 0.910721 0.017773 0.040078
37 0.008680 0.664582 0.008937 0.029640
37 0.080596 0.663622 0.008941 0.029639