28 0.891034 0.645920 0.021171 0.011065
14 0.209215 0.446058 0.034869 0.053942
18 0.707970 0.405256 0.033624 0.049793
32 0.466999 0.623790 0.019925 0.047026
14 0.327522 0.446058 0.034869 0.053942
18 0.770859 0.100968 0.034869 0.052559
32 0.339975 0.786999 0.019925 0.047026
14 0.768369 0.286999 0.034869 0.053942
14 0.480697 0.525588 0.037360 0.055325
32 0.467621 0.706777 0.021171 0.047026
32 0.466999 0.808437 0.019925 0.045643
18 0.552304 0.103043 0.036115 0.053942
37 0.430884 0.103043 0.007472 0.009682
14 0.599004 0.526279 0.037360 0.051176
29 0.267746 0.907331 0.019925 0.013831
14 0.326276 0.667358 0.037360 0.053942
18 0.400996 0.527663 0.034869 0.051176
32 0.856164 0.468188 0.041096 0.023513
18 0.063512 0.284232 0.034869 0.053942
14 0.735990 0.769018 0.034869 0.055325
32 0.649440 0.576072 0.021171 0.045643
18 0.354296 0.103734 0.033624 0.052559
14 0.209215 0.668050 0.037360 0.055325
18 0.480075 0.224066 0.033624 0.052559
18 0.598381 0.224066 0.033624 0.052559
28 0.649440 0.718534 0.018680 0.012448
18 0.183686 0.284924 0.033624 0.052559
32 0.783935 0.587137 0.021171 0.045643
21 0.557782 0.563316 0.013684 0.015220
37 0.953353 0.868485 0.007475 0.009686
37 0.926324 0.466821 0.007473 0.009680
37 0.121950 0.184571 0.007468 0.009674