29 0.115246 0.422175 0.028812 0.034115
28 0.267707 0.760128 0.036014 0.040512
38 0.369748 0.863539 0.036014 0.042644
29 0.614046 0.427505 0.030012 0.031983
28 0.766507 0.271855 0.037215 0.036247
37 0.042617 0.160981 0.020408 0.031983
38 0.867947 0.867804 0.036014 0.042644
38 0.865546 0.156716 0.036014 0.040512
29 0.114046 0.914712 0.028812 0.034115
37 0.457383 0.162047 0.021609 0.034115
38 0.731092 0.505330 0.021609 0.063966
38 0.669268 0.649254 0.034814 0.040512
37 0.955582 0.168443 0.021609 0.034115
38 0.367347 0.371002 0.036014 0.042644
28 0.267707 0.268657 0.036014 0.038380
38 0.367347 0.154584 0.036014 0.040512
38 0.173469 0.865672 0.037215 0.038380
38 0.171068 0.372068 0.037215 0.036247
38 0.670468 0.156716 0.034814 0.040512
38 0.367347 0.644989 0.036014 0.040512
38 0.172869 0.153518 0.036014 0.038380
37 0.540816 0.166311 0.020408 0.034115
38 0.669268 0.376333 0.037215 0.040512
28 0.765906 0.764392 0.036014 0.036247
38 0.865546 0.648188 0.036014 0.042644
38 0.171068 0.644989 0.034814 0.040512