4 0.755208 0.590476 0.102083 0.147619
37 0.065625 0.813095 0.039583 0.045238
12 0.795833 0.203571 0.154167 0.173810
11 0.602083 0.708333 0.104167 0.097619
12 0.406250 0.701190 0.150000 0.169048
37 0.940625 0.813095 0.039583 0.045238
37 0.066667 0.330952 0.037500 0.042857
37 0.795833 0.077381 0.041667 0.045238
29 0.507292 0.879762 0.085417 0.054762
37 0.940625 0.329762 0.039583 0.045238
0 0.446875 0.442857 0.102083 0.142857
36 0.600000 0.582143 0.045833 0.035714
12 0.210417 0.203571 0.154167 0.173810
37 0.210417 0.078571 0.041667 0.042857
4 0.252083 0.590476 0.104167 0.147619