31 0.490176 0.465074 0.043396 0.290441
31 0.812273 0.466912 0.046709 0.294118
31 0.860231 0.466912 0.044710 0.294118
31 0.442882 0.465074 0.046714 0.290441
31 0.119987 0.454044 0.044724 0.283088
31 0.168276 0.457721 0.043395 0.297794
37 0.978892 0.204044 0.010554 0.033088
37 0.465576 0.848584 0.010554 0.033114
37 0.037535 0.189808 0.010555 0.033074
37 0.279403 0.183719 0.010561 0.033082
37 0.359112 0.200469 0.010545 0.033083
37 0.835181 0.854680 0.010561 0.033105
37 0.142370 0.818170 0.025442 0.081563
37 0.600969 0.200474 0.025435 0.081570
37 0.740186 0.208856 0.025433 0.081582