31 0.471781 0.584734 0.104056 0.051821
37 0.067019 0.685574 0.021164 0.015406
28 0.825397 0.687675 0.031746 0.056022
37 0.076720 0.168067 0.019400 0.014006
28 0.323633 0.168067 0.029982 0.056022
28 0.559965 0.168768 0.029982 0.054622
28 0.592593 0.687675 0.031746 0.056022
28 0.332451 0.687675 0.029982 0.056022
37 0.896825 0.168768 0.015873 0.012605
31 0.679894 0.309524 0.033510 0.075630
29 0.463845 0.967787 0.081129 0.028011
29 0.692240 0.442577 0.075838 0.028011
31 0.302469 0.063025 0.100529 0.042017
37 0.923280 0.686275 0.022928 0.016807
28 0.802469 0.168768 0.028219 0.054622
31 0.450617 0.833333 0.033510 0.075630