28 0.555109 0.170398 0.024110 0.121891
38 0.849024 0.257463 0.081515 0.092040
28 0.341561 0.088308 0.024110 0.121891
29 0.967853 0.600746 0.057405 0.067164
28 0.466705 0.876866 0.024110 0.121891
38 0.661309 0.747512 0.080367 0.097015
38 0.849598 0.748756 0.082664 0.094527
38 0.384615 0.502488 0.080367 0.094527
12 0.754305 0.605721 0.057405 0.121891
38 0.660735 0.257463 0.081515 0.092040
38 0.510333 0.501244 0.081515 0.092040
28 0.756028 0.442786 0.021814 0.119403
29 0.064294 0.898010 0.059701 0.069652
38 0.259472 0.503731 0.080367 0.097015
38 0.133180 0.502488 0.080367 0.094527
8 0.063720 0.657960 0.056257 0.121891