29 0.706325 0.650974 0.057229 0.061688
28 0.509036 0.415584 0.060241 0.103896
30 0.704819 0.134740 0.072289 0.029221
32 0.201807 0.415584 0.102410 0.084416
0 0.754518 0.288961 0.111446 0.123377
12 0.522590 0.717532 0.111446 0.116883
28 0.522590 0.845779 0.057229 0.100649
4 0.753012 0.537338 0.114458 0.126623
32 0.814759 0.413961 0.099398 0.087662
29 0.311747 0.652597 0.057229 0.058442
4 0.263554 0.537338 0.111446 0.126623
0 0.265060 0.288961 0.114458 0.123377
30 0.313253 0.139610 0.072289 0.038961