37 0.887150 0.105357 0.021417 0.025000
37 0.116969 0.275000 0.032949 0.060714
14 0.589786 0.293750 0.095552 0.055357
28 0.411038 0.105357 0.037891 0.096429
21 0.707578 0.384821 0.047776 0.048214
35 0.426689 0.444643 0.042834 0.096429
35 0.591433 0.491964 0.042834 0.094643
29 0.887150 0.370536 0.054366 0.037500
28 0.887150 0.207143 0.087315 0.039286
29 0.206755 0.193750 0.047776 0.030357
21 0.290774 0.445536 0.041186 0.055357
29 0.142504 0.968750 0.051071 0.033929
21 0.638386 0.106250 0.051071 0.048214
28 0.289951 0.698214 0.088962 0.039286
28 0.142504 0.695536 0.087315 0.041071