29 0.180902 0.922535 0.032028 0.051643
38 0.891459 0.298122 0.055753 0.126761
29 0.362989 0.929577 0.033215 0.046948
37 0.510676 0.326291 0.013049 0.051643
38 0.357651 0.631455 0.029656 0.192488
37 0.021945 0.328638 0.013049 0.056338
28 0.774614 0.600939 0.059312 0.112676
28 0.268090 0.333333 0.030842 0.215962
38 0.176157 0.638498 0.032028 0.206573
29 0.773428 0.903756 0.035587 0.051643
38 0.100830 0.302817 0.049822 0.117371
38 0.430605 0.305164 0.049822 0.112676
38 0.687426 0.300469 0.055753 0.131455
37 0.602017 0.326291 0.015421 0.061033
37 0.978681 0.334251 0.015420 0.061071