36 0.552026 0.498420 0.035049 0.036335
4 0.374589 0.402054 0.043812 0.071090
28 0.188390 0.281991 0.037240 0.020537
37 0.469332 0.817536 0.014239 0.020537
28 0.552026 0.568720 0.037240 0.022117
28 0.907996 0.569510 0.037240 0.020537
4 0.730011 0.402054 0.042716 0.071090
4 0.728916 0.623223 0.042716 0.071090
4 0.374589 0.818325 0.041621 0.069510
4 0.374042 0.623223 0.042716 0.067930
29 0.356517 0.971564 0.049288 0.028436
32 0.550931 0.413112 0.026287 0.080569
31 0.262870 0.503160 0.063527 0.023697
12 0.074480 0.687994 0.041621 0.058452
32 0.906900 0.413112 0.026287 0.080569
4 0.374042 0.212480 0.042716 0.071090
4 0.728916 0.212480 0.042716 0.071090
37 0.468237 0.624013 0.009858 0.015798
28 0.188390 0.694313 0.037240 0.020537
29 0.075575 0.844392 0.050383 0.030016
4 0.729463 0.819115 0.041621 0.071090
30 0.355969 0.072670 0.050383 0.018957
37 0.468237 0.401264 0.012048 0.018957
37 0.467991 0.212992 0.013147 0.018970
37 0.824015 0.818393 0.013148 0.018953
37 0.822517 0.623819 0.013145 0.018955
37 0.823260 0.405425 0.013139 0.018961
37 0.822512 0.214085 0.013146 0.018961