4 0.722561 0.712088 0.146341 0.136264
4 0.272866 0.709890 0.155488 0.136264
0 0.721037 0.259341 0.143293 0.131868
37 0.064024 0.601099 0.054878 0.041758
37 0.928354 0.600000 0.051829 0.039560
29 0.496951 0.662637 0.128049 0.054945
0 0.272866 0.257143 0.143293 0.131868
37 0.495427 0.081319 0.057927 0.043956
11 0.496951 0.812088 0.158537 0.094505
29 0.496951 0.960440 0.134146 0.052747
4 0.722561 0.462637 0.146341 0.134066
37 0.928354 0.360440 0.051829 0.039560
11 0.500000 0.563736 0.158537 0.094505
4 0.269817 0.461538 0.149390 0.136264