37 0.183499 0.314773 0.014225 0.025000
28 0.729730 0.226136 0.062589 0.038636
37 0.903983 0.951136 0.021337 0.029545
4 0.402560 0.863636 0.042674 0.081818
0 0.527738 0.396591 0.051209 0.088636
28 0.731152 0.797727 0.045519 0.027273
37 0.384068 0.956818 0.019915 0.031818
28 0.815789 0.561364 0.081081 0.040909
4 0.884780 0.868182 0.045519 0.086364
0 0.401138 0.313636 0.045519 0.090909
2 0.402560 0.130682 0.045519 0.093182
4 0.886202 0.736364 0.045519 0.086364
0 0.885491 0.131818 0.046942 0.090909
4 0.528450 0.570455 0.049787 0.090909
4 0.246088 0.103409 0.045519 0.065909
29 0.090327 0.615909 0.021337 0.027273
4 0.400427 0.730682 0.044097 0.084091
36 0.820057 0.730682 0.018492 0.075000
4 0.647937 0.660227 0.049787 0.093182
0 0.334993 0.105682 0.046942 0.070455
0 0.648649 0.480682 0.051209 0.093182
4 0.884780 0.319318 0.045519 0.088636
0 0.107397 0.314773 0.046942 0.093182
0 0.110242 0.129545 0.046942 0.090909
12 0.089616 0.551136 0.051209 0.079545
36 0.820057 0.318182 0.021337 0.081818
37 0.383411 0.049893 0.020391 0.028867
37 0.091838 0.051346 0.020377 0.028875
37 0.902861 0.051336 0.020386 0.028893
37 0.626768 0.411925 0.020393 0.028870
36 0.480485 0.683446 0.018494 0.075008
37 0.941383 0.551717 0.020379 0.028860
37 0.328354 0.554976 0.020389 0.028862