0 0.556303 0.847475 0.084034 0.090909
28 0.639496 0.116162 0.028571 0.094949
32 0.688235 0.529293 0.038655 0.088889
23 0.443697 0.318182 0.151261 0.216162
37 0.833613 0.970707 0.026891 0.030303
28 0.499160 0.627273 0.026891 0.094949
28 0.513445 0.455556 0.028571 0.098990
28 0.621849 0.748485 0.090756 0.042424
32 0.687395 0.689899 0.036975 0.090909
37 0.907563 0.457576 0.013445 0.018182
4 0.806723 0.883838 0.060504 0.094949
0 0.668067 0.319192 0.048739 0.072727
37 0.032773 0.270707 0.015126 0.016162
12 0.880672 0.598990 0.053782 0.062626
37 0.320168 0.883838 0.018487 0.022222
23 0.173950 0.317172 0.146218 0.210101
0 0.393277 0.847475 0.080672 0.090909
32 0.401681 0.629293 0.077311 0.046465
32 0.403361 0.455556 0.077311 0.050505
25 0.505882 0.118182 0.084034 0.123232
37 0.687395 0.760606 0.023529 0.026263
37 0.687714 0.250837 0.024091 0.025642
37 0.033210 0.360618 0.024096 0.025664
37 0.774004 0.619968 0.024090 0.025650
37 0.879663 0.758864 0.024097 0.025656