29 0.712141 0.713115 0.037859 0.035129
23 0.809399 0.448478 0.104439 0.222482
29 0.140339 0.709602 0.037859 0.032787
4 0.593342 0.807963 0.056136 0.112412
37 0.910574 0.450820 0.027415 0.044496
32 0.608355 0.320843 0.041775 0.093677
29 0.500653 0.967213 0.040470 0.032787
4 0.442559 0.640515 0.057441 0.105386
23 0.287206 0.426230 0.107050 0.220141
4 0.440601 0.806792 0.056136 0.110070
12 0.711488 0.634660 0.044386 0.074941
12 0.140992 0.629977 0.044386 0.074941
4 0.592037 0.641686 0.053525 0.107728
3 0.440601 0.175644 0.053525 0.107728
32 0.706919 0.322014 0.040470 0.096019
32 0.140339 0.285714 0.040470 0.098361
0 0.397520 0.425059 0.050914 0.110070
37 0.170797 0.180107 0.018700 0.029750
37 0.108520 0.183719 0.018708 0.029733
37 0.266473 0.592216 0.025278 0.047896
37 0.390376 0.066334 0.018704 0.029724
37 0.773721 0.064838 0.018703 0.029760