29 0.134096 0.969287 0.056133 0.031941
29 0.738046 0.970516 0.054054 0.029484
29 0.508316 0.626536 0.056133 0.029484
28 0.274428 0.805897 0.070686 0.034398
12 0.738046 0.808354 0.108108 0.113022
4 0.688150 0.495086 0.116424 0.194103
29 0.273389 0.969287 0.056133 0.031941
12 0.135135 0.807125 0.108108 0.110565
32 0.735967 0.249386 0.062370 0.135135
4 0.461538 0.492629 0.112266 0.194103
32 0.512474 0.248157 0.060291 0.137592
37 0.737259 0.145767 0.027357 0.049529
37 0.828750 0.370077 0.050216 0.045133
37 0.508620 0.147038 0.027373 0.049527