0 0.341935 0.603896 0.077419 0.168831
0 0.743548 0.311688 0.080645 0.173160
30 0.212903 0.086580 0.103226 0.043290
32 0.667742 0.835498 0.058065 0.095238
0 0.541935 0.603896 0.077419 0.168831
0 0.946774 0.603896 0.080645 0.168831
0 0.541935 0.309524 0.083871 0.168831
0 0.091935 0.307359 0.087097 0.173160
0 0.341935 0.309524 0.083871 0.168831
12 0.059677 0.707792 0.100000 0.116883
0 0.946774 0.309524 0.080645 0.177489
29 0.669355 0.961039 0.074194 0.051948
0 0.743548 0.603896 0.080645 0.168831
37 0.241935 0.729437 0.025806 0.038961
29 0.058065 0.961039 0.070968 0.051948