18 0.690665 0.694737 0.036392 0.080000
32 0.885285 0.493684 0.020570 0.052632
32 0.701741 0.493684 0.020570 0.052632
18 0.434335 0.692632 0.033228 0.080000
29 0.573576 0.863158 0.039557 0.029474
36 0.701741 0.278947 0.017405 0.014737
4 0.170886 0.485263 0.028481 0.048421
3 0.873418 0.184211 0.028481 0.052632
30 0.533228 0.093684 0.072785 0.031579
3 0.690665 0.185263 0.030063 0.050526
3 0.458070 0.185263 0.030063 0.050526
0 0.170886 0.185263 0.028481 0.050526
4 0.244462 0.356842 0.030063 0.048421
29 0.287184 0.396842 0.036392 0.027368
36 0.447785 0.278947 0.018987 0.014737
29 0.159810 0.575789 0.037975 0.027368
18 0.873418 0.695789 0.034810 0.082105
23 0.573576 0.263158 0.090190 0.122105
37 0.984994 0.357321 0.020328 0.020267