29 0.530587 0.365067 0.052434 0.031484
29 0.193508 0.808096 0.057428 0.032984
28 0.343945 0.446777 0.058677 0.038981
29 0.345818 0.809595 0.057428 0.032984
31 0.196005 0.210645 0.034956 0.169415
35 0.842697 0.653673 0.047441 0.128936
12 0.621723 0.311094 0.059925 0.073463
28 0.729089 0.653673 0.057428 0.035982
28 0.727216 0.419040 0.058677 0.037481
31 0.619226 0.658921 0.032459 0.151424
4 0.167291 0.429535 0.064919 0.112444
29 0.726592 0.813343 0.052434 0.031484
28 0.343945 0.658921 0.056180 0.037481
31 0.734082 0.140180 0.032459 0.151424
29 0.236579 0.483508 0.058677 0.034483
30 0.102996 0.053223 0.051186 0.019490
31 0.200375 0.663418 0.033708 0.169415
29 0.583021 0.080210 0.052434 0.031484
35 0.842697 0.134183 0.047441 0.127436