4 0.715814 0.632845 0.053023 0.123431
0 0.457209 0.222803 0.056744 0.115063
29 0.404186 0.484310 0.040000 0.064854
30 0.633023 0.123431 0.051163 0.037657
4 0.309302 0.635983 0.051163 0.121339
37 0.905116 0.235356 0.009302 0.023013
4 0.154884 0.634937 0.051163 0.119247
29 0.174419 0.967573 0.040000 0.060669
0 0.302326 0.222803 0.068837 0.115063
29 0.851628 0.854603 0.040000 0.069038
4 0.154419 0.836820 0.052093 0.112971
29 0.771163 0.481172 0.040930 0.062762
28 0.851163 0.746862 0.037209 0.050209
0 0.610233 0.223849 0.057674 0.117155
29 0.329767 0.966527 0.040000 0.062762
29 0.558605 0.484310 0.040000 0.064854
30 0.695349 0.327406 0.053023 0.039749
29 0.099070 0.483264 0.040000 0.066946
4 0.719070 0.427824 0.050233 0.115063
4 0.613953 0.635983 0.052093 0.117155
4 0.458140 0.428870 0.051163 0.112971
4 0.153023 0.428870 0.053023 0.112971
29 0.633023 0.967573 0.040000 0.060669
4 0.308837 0.837866 0.052093 0.110879
29 0.254419 0.484310 0.040000 0.064854
4 0.614419 0.838912 0.051163 0.112971
4 0.822791 0.130753 0.053023 0.115063
4 0.308837 0.428870 0.052093 0.108787
30 0.328372 0.123431 0.052093 0.037657
37 0.803721 0.237448 0.009302 0.018828
4 0.925581 0.130753 0.052093 0.115063
30 0.173953 0.123431 0.052093 0.037657
29 0.478605 0.966527 0.040000 0.062762
4 0.459535 0.634937 0.052093 0.119247
4 0.459535 0.837866 0.050233 0.115063
30 0.478140 0.123431 0.052093 0.037657
0 0.146977 0.222803 0.068837 0.115063
29 0.695349 0.760460 0.040000 0.064854
4 0.613023 0.428870 0.052093 0.112971
37 0.880511 0.130451 0.017268 0.035351
37 0.983641 0.135572 0.017275 0.035342
37 0.907055 0.027289 0.017258 0.035342
37 0.804308 0.031549 0.017276 0.035331
37 0.876509 0.534131 0.017261 0.035356