32 0.397819 0.771947 0.026406 0.120229
29 0.473594 0.959924 0.042480 0.041985
28 0.571757 0.860687 0.020666 0.072519
36 0.287600 0.219466 0.024110 0.053435
37 0.487371 0.088740 0.017222 0.028626
28 0.348450 0.883588 0.019518 0.076336
32 0.619977 0.749046 0.027555 0.120229
32 0.621125 0.401718 0.027555 0.120229
37 0.404133 0.087786 0.018370 0.030534
32 0.703789 0.355916 0.027555 0.124046
28 0.262916 0.481870 0.020666 0.070611
28 0.795063 0.840649 0.019518 0.074427
29 0.557405 0.524809 0.042480 0.041985
32 0.866246 0.829198 0.074627 0.043893
37 0.944891 0.840649 0.018370 0.032443
28 0.374282 0.657443 0.020666 0.070611
32 0.704937 0.730916 0.027555 0.125954
29 0.097589 0.734733 0.041332 0.045802
32 0.159013 0.523855 0.026406 0.124046
32 0.481630 0.750954 0.026406 0.124046
28 0.126292 0.906489 0.018370 0.072519
29 0.249713 0.980916 0.042480 0.038168
29 0.222158 0.538168 0.042480 0.041985
32 0.284730 0.395038 0.027555 0.118321
29 0.695178 0.939885 0.042480 0.043893
32 0.397819 0.568702 0.026406 0.122137
31 0.288749 0.588740 0.021814 0.131679
36 0.483352 0.218511 0.022962 0.055344
28 0.528129 0.467557 0.020666 0.072519
32 0.481056 0.375954 0.027555 0.122137
29 0.780138 0.504771 0.042480 0.043893
37 0.026980 0.905534 0.017222 0.032443
32 0.285304 0.773855 0.026406 0.120229
28 0.137199 0.676527 0.019518 0.070611
29 0.334099 0.712786 0.041332 0.043893
36 0.399541 0.172710 0.022962 0.059160
28 0.598163 0.633588 0.020666 0.072519
29 0.557979 0.690840 0.041332 0.041985
28 0.751435 0.447519 0.019518 0.070611