37 0.884058 0.216981 0.012077 0.023585
32 0.446860 0.219340 0.060386 0.056604
32 0.335749 0.436321 0.028986 0.117925
32 0.273551 0.220519 0.059179 0.054245
28 0.571860 0.360849 0.035024 0.033019
32 0.634662 0.359670 0.027778 0.120283
28 0.767512 0.299528 0.035024 0.028302
28 0.211353 0.299528 0.036232 0.028302
28 0.850242 0.299528 0.036232 0.028302
12 0.500604 0.117925 0.066425 0.132075
29 0.210749 0.390330 0.025362 0.030660
31 0.809783 0.208726 0.061594 0.040094
29 0.768116 0.390330 0.026570 0.030660
12 0.510870 0.386792 0.067633 0.127358
32 0.705918 0.218160 0.059179 0.054245
29 0.850845 0.393868 0.025362 0.028302
29 0.128019 0.391509 0.026570 0.033019
28 0.335749 0.299528 0.033816 0.028302
29 0.486111 0.903302 0.025362 0.033019
32 0.486111 0.663915 0.030193 0.120283
30 0.283213 0.149764 0.015700 0.011792
28 0.128019 0.299528 0.036232 0.028302
28 0.376812 0.219340 0.016908 0.070755
37 0.094807 0.216981 0.010870 0.023585
31 0.490942 0.807783 0.018116 0.120283
31 0.168478 0.209906 0.061594 0.037736