4 0.400161 0.582105 0.078905 0.124211
11 0.230274 0.252632 0.080515 0.080000
29 0.571659 0.925263 0.032206 0.040000
32 0.808374 0.689474 0.061192 0.149474
0 0.334944 0.184211 0.077295 0.124211
11 0.230274 0.651579 0.080515 0.086316
7 0.398551 0.382105 0.075684 0.128421
11 0.317230 0.450526 0.080515 0.084211
29 0.673108 0.436842 0.067633 0.048421
29 0.316425 0.550526 0.066023 0.048421
7 0.540258 0.581053 0.082126 0.126316
37 0.571659 0.056842 0.032206 0.042105
29 0.649758 0.771579 0.069243 0.048421
11 0.648953 0.651579 0.080515 0.086316
29 0.809984 0.829474 0.070853 0.054737
29 0.367955 0.926316 0.030596 0.037895
4 0.333333 0.815789 0.080515 0.132632
7 0.541063 0.382105 0.077295 0.128421
29 0.231079 0.348421 0.069243 0.048421
29 0.231884 0.750526 0.067633 0.052632
37 0.367150 0.057895 0.028986 0.044211
37 0.147343 0.814737 0.030596 0.042105
11 0.673913 0.318947 0.082126 0.086316
37 0.864734 0.512632 0.028986 0.040000
4 0.541063 0.382105 0.077295 0.128421