7 0.621024 0.428680 0.091666 0.088767
7 0.311036 0.286672 0.075505 0.102345
21 0.403236 0.128247 0.047635 0.068940
21 0.510653 0.423749 0.047618 0.068927
21 0.603219 0.711963 0.047638 0.068943
29 0.049611 0.461240 0.083786 0.025387
29 0.310392 0.470898 0.083779 0.025392
29 0.760235 0.947101 0.083798 0.025366
29 0.860086 0.945894 0.083778 0.025378
29 0.735698 0.363416 0.083795 0.025370
29 0.835292 0.361667 0.083789 0.025378
29 0.743930 0.663643 0.083801 0.025398
29 0.848774 0.667117 0.083794 0.025380
32 0.845418 0.558092 0.040439 0.111391
32 0.860393 0.823544 0.040440 0.111384
32 0.836435 0.241350 0.040433 0.111392
31 0.195841 0.124018 0.135529 0.063508
28 0.741448 0.203760 0.075067 0.032583
28 0.747987 0.523665 0.075056 0.032577
28 0.762211 0.786835 0.075097 0.032572
28 0.055022 0.308636 0.089304 0.032604
7 0.606693 0.130552 0.091672 0.088772