21 0.646092 0.647297 0.067357 0.073927
29 0.043982 0.479227 0.078572 0.053664
35 0.440826 0.334626 0.099315 0.048742
35 0.327406 0.096888 0.099323 0.049594
35 0.830105 0.340118 0.101480 0.053951
35 0.437883 0.491106 0.108668 0.047872
35 0.190256 0.713834 0.100760 0.057280
23 0.498213 0.764216 0.176179 0.144106
37 0.921933 0.908984 0.030941 0.038286
37 0.042631 0.715967 0.032398 0.035666
28 0.287071 0.340906 0.044978 0.087639
18 0.809318 0.624734 0.055965 0.101498
18 0.648691 0.365337 0.087044 0.063916
18 0.535210 0.120350 0.088087 0.070164
29 0.328337 0.969981 0.079165 0.056575
21 0.763722 0.096537 0.060111 0.080202