37 0.242178 0.069860 0.007628 0.010073
4 0.391473 0.835840 0.063211 0.120300
4 0.826642 0.840855 0.063222 0.120300
4 0.233422 0.538850 0.063222 0.120302
4 0.505271 0.542609 0.063216 0.120298
0 0.453644 0.285718 0.063222 0.120299
0 0.287198 0.283164 0.063220 0.120303
29 0.673670 0.572265 0.033524 0.019234
28 0.673886 0.461819 0.041078 0.029709
12 0.853547 0.331410 0.127495 0.154138
30 0.852515 0.072561 0.024981 0.016404
30 0.478167 0.073261 0.024983 0.016394
30 0.260399 0.073028 0.024981 0.016408
37 0.024230 0.399454 0.031461 0.032195
37 0.125576 0.373782 0.024872 0.033070
37 0.099601 0.543474 0.030003 0.034805
37 0.638149 0.544342 0.028536 0.034809
37 0.709125 0.401195 0.030003 0.033936
37 0.869373 0.937690 0.016831 0.019149
37 0.354239 0.940738 0.016827 0.018268
37 0.871639 0.069864 0.008892 0.012088