32 0.456842 0.238000 0.054737 0.044000
29 0.383684 0.947000 0.038947 0.050000
21 0.544211 0.243000 0.040000 0.078000
37 0.644737 0.481000 0.017895 0.038000
23 0.492632 0.481000 0.170526 0.378000
32 0.383684 0.831000 0.026316 0.110000
32 0.456316 0.121000 0.055789 0.046000
32 0.497895 0.724000 0.056842 0.048000
37 0.267368 0.724000 0.016842 0.036000
32 0.329474 0.722000 0.056842 0.052000
29 0.272105 0.443000 0.036842 0.050000
21 0.544737 0.121000 0.041053 0.078000
28 0.329474 0.365000 0.033684 0.114000