32 0.078659 0.595027 0.035366 0.092362
29 0.075000 0.950266 0.086585 0.056838
30 0.785976 0.481350 0.062195 0.035524
32 0.397561 0.362345 0.073171 0.053286
21 0.389634 0.193606 0.067073 0.117229
23 0.425610 0.644760 0.168293 0.309059
30 0.076829 0.479574 0.060976 0.031972
29 0.784146 0.911190 0.090244 0.063943
32 0.078659 0.794849 0.032927 0.090586
32 0.787195 0.595915 0.037805 0.094139
37 0.907317 0.674956 0.012195 0.017762
21 0.792073 0.775311 0.076829 0.101243
37 0.136552 0.202777 0.012192 0.017769