23 0.623636 0.697605 0.094545 0.173653
29 0.617273 0.778443 0.030909 0.029940
37 0.949091 0.455090 0.014545 0.023952
29 0.160909 0.761976 0.030909 0.032934
32 0.308182 0.284431 0.027273 0.071856
37 0.790000 0.823353 0.016364 0.023952
23 0.857273 0.455090 0.096364 0.173653
32 0.268182 0.414671 0.045455 0.044910
32 0.704545 0.537425 0.023636 0.074850
28 0.085455 0.844311 0.018182 0.047904
23 0.156364 0.417665 0.098182 0.170659
32 0.307273 0.543413 0.025455 0.074850
23 0.157273 0.160180 0.100000 0.176647
32 0.746364 0.414671 0.045455 0.044910
29 0.861818 0.546407 0.032727 0.032934
28 0.856364 0.182635 0.018182 0.047904
32 0.450000 0.413174 0.023636 0.065868
29 0.494545 0.724551 0.032727 0.029940
32 0.087273 0.959581 0.047273 0.044910
23 0.157273 0.670659 0.096364 0.173653
38 0.506550 0.600299 0.037808 0.062874
32 0.857273 0.300898 0.049091 0.044910
27 0.527273 0.416168 0.120000 0.215569
28 0.625455 0.546407 0.018182 0.050898
29 0.161818 0.505988 0.032727 0.029940
29 0.540000 0.505988 0.032727 0.029940
29 0.161818 0.251497 0.032727 0.029940
37 0.540000 0.318862 0.014545 0.020958
37 0.861962 0.382891 0.016366 0.026937
37 0.159046 0.342255 0.016350 0.026942
37 0.618688 0.624867 0.016361 0.026955
37 0.160313 0.596584 0.016363 0.026947
37 0.160464 0.084992 0.016358 0.026961