32 0.806554 0.230000 0.048626 0.060000
32 0.161734 0.620000 0.048626 0.050000
37 0.347780 0.702500 0.019027 0.045000
29 0.056025 0.542500 0.048626 0.065000
29 0.221987 0.865000 0.046512 0.060000
29 0.659619 0.815000 0.050740 0.070000
23 0.345666 0.520000 0.133192 0.310000
32 0.577167 0.522500 0.050740 0.055000
37 0.347780 0.342500 0.019027 0.045000
23 0.781184 0.620000 0.133192 0.310000
37 0.219873 0.605000 0.038055 0.090000
37 0.784355 0.440000 0.016913 0.040000
32 0.140592 0.425000 0.048626 0.050000
32 0.223044 0.742500 0.023256 0.105000
32 0.368922 0.132500 0.048626 0.055000
37 0.785412 0.802500 0.019027 0.045000
28 0.089852 0.715000 0.048626 0.070000
29 0.089852 0.865000 0.048626 0.060000