8 0.395588 0.260989 0.035294 0.076923
32 0.577206 0.410714 0.039706 0.035714
11 0.105882 0.440934 0.026471 0.041209
32 0.469118 0.494505 0.017647 0.082418
32 0.577206 0.578297 0.039706 0.035714
28 0.155882 0.232143 0.026471 0.041209
11 0.322794 0.534341 0.025000 0.046703
29 0.105147 0.579670 0.016176 0.016484
11 0.105147 0.223901 0.025000 0.046703
28 0.156618 0.449176 0.027941 0.035714
29 0.063235 0.346154 0.026471 0.027473
29 0.572059 0.305907 0.014706 0.040385
32 0.691176 0.170330 0.035294 0.032967
23 0.797794 0.506868 0.072059 0.156593
29 0.230882 0.440934 0.026471 0.024725
32 0.690441 0.792582 0.039706 0.035714
8 0.396324 0.715659 0.036765 0.074176
23 0.570588 0.170330 0.073529 0.159341
29 0.323529 0.637363 0.026471 0.032967
29 0.801471 0.626374 0.014706 0.016484
30 0.801471 0.390110 0.017647 0.016484
30 0.573529 0.677198 0.017647 0.013736
32 0.805147 0.793956 0.039706 0.038462
23 0.570588 0.798077 0.070588 0.156593
28 0.230147 0.320055 0.025000 0.046703
32 0.805147 0.171703 0.039706 0.035714
30 0.229813 0.224007 0.013146 0.023460
29 0.573529 0.931553 0.014706 0.040402
30 0.573049 0.057323 0.013148 0.023456
30 0.104975 0.106994 0.013152 0.023475