32 0.138107 0.483516 0.035806 0.114286
29 0.844629 0.770330 0.070332 0.068132
23 0.705243 0.565934 0.162404 0.261538
32 0.221228 0.347253 0.038363 0.118681
36 0.301790 0.351648 0.033248 0.039560
32 0.487212 0.484615 0.076726 0.059341
37 0.391944 0.353846 0.021739 0.030769
32 0.299872 0.225275 0.039642 0.116484
36 0.221228 0.479121 0.033248 0.035165
37 0.393862 0.223077 0.017903 0.028571
36 0.300512 0.481319 0.035806 0.039560
32 0.486573 0.224176 0.075448 0.057143
29 0.559463 0.735165 0.070332 0.068132
32 0.699488 0.320879 0.074169 0.057143
32 0.487212 0.353846 0.076726 0.057143
36 0.622799 0.322065 0.023929 0.049500
37 0.845631 0.563862 0.016615 0.033294
37 0.844229 0.649499 0.016602 0.033298