32 0.419910 0.892537 0.055389 0.041791
32 0.212575 0.155224 0.050898 0.041791
37 0.875749 0.491045 0.014970 0.026866
37 0.096557 0.155224 0.010479 0.023881
23 0.706587 0.494030 0.176647 0.343284
29 0.285180 0.804478 0.046407 0.056716
21 0.542665 0.573134 0.031437 0.071642
21 0.404940 0.294030 0.034431 0.074627
32 0.700599 0.156716 0.053892 0.044776
23 0.404192 0.573134 0.176647 0.340299
32 0.448353 0.155224 0.052395 0.041791
29 0.714573 0.683500 0.016430 0.038730
29 0.412429 0.764496 0.016433 0.038733
37 0.412846 0.387711 0.016443 0.038729
37 0.714605 0.307561 0.016437 0.038728