23 0.737952 0.366516 0.130522 0.325792
14 0.517068 0.764706 0.046185 0.162896
32 0.602410 0.427602 0.044177 0.049774
32 0.215863 0.233032 0.046185 0.049774
32 0.266064 0.493213 0.022088 0.099548
32 0.354418 0.766968 0.022088 0.104072
32 0.310241 0.364253 0.046185 0.049774
32 0.738956 0.599548 0.048193 0.049774
37 0.130786 0.234567 0.009119 0.020474
37 0.856426 0.368778 0.018072 0.031674
29 0.355422 0.904977 0.044177 0.063348
37 0.545181 0.427602 0.010040 0.022624
28 0.481928 0.104072 0.024096 0.081448
32 0.683735 0.760181 0.046185 0.045249
23 0.448795 0.300905 0.134538 0.321267
29 0.500000 0.929864 0.044177 0.067873
37 0.850950 0.676137 0.018066 0.031668