32 0.708592 0.423913 0.042443 0.065217
32 0.706522 0.114907 0.042443 0.062112
28 0.169772 0.156832 0.020704 0.108696
32 0.165631 0.512422 0.043478 0.068323
29 0.223602 0.937888 0.039337 0.099379
23 0.298137 0.420807 0.111801 0.369565
28 0.222567 0.782609 0.035197 0.062112
32 0.046584 0.509317 0.043478 0.068323
29 0.793996 0.899068 0.041408 0.102484
32 0.586439 0.425466 0.042443 0.062112
28 0.655797 0.684783 0.036232 0.071429
23 0.863354 0.520186 0.113872 0.369565
28 0.856108 0.240683 0.020704 0.108696
37 0.964002 0.520446 0.009323 0.021757
37 0.398925 0.422896 0.009319 0.021735
37 0.537169 0.422907 0.009311 0.021716
37 0.006787 0.512716 0.009320 0.021730