29 0.683067 0.874468 0.038121 0.042553
32 0.647163 0.560638 0.039007 0.044681
37 0.152482 0.217021 0.010638 0.025532
23 0.771720 0.498936 0.100177 0.265957
29 0.152039 0.717021 0.038121 0.046809
32 0.455674 0.576596 0.039007 0.046809
32 0.459220 0.405319 0.039007 0.048936
32 0.640957 0.436170 0.039007 0.046809
23 0.453901 0.182979 0.104610 0.276596
32 0.682624 0.667021 0.017730 0.091489
23 0.454787 0.774468 0.102837 0.272340
32 0.770390 0.222340 0.039007 0.044681
32 0.359043 0.497872 0.017730 0.093617
37 0.463709 0.305189 0.008882 0.023199
37 0.462324 0.656376 0.008881 0.023211
37 0.780326 0.376024 0.007978 0.014892
37 0.463711 0.899663 0.008884 0.023201
37 0.908769 0.505417 0.008881 0.023208
32 0.116588 0.346956 0.030523 0.082476
32 0.118084 0.501190 0.030513 0.082478
32 0.182345 0.501188 0.030511 0.082490
32 0.182088 0.345790 0.030508 0.082502
37 0.780611 0.623033 0.007978 0.014885
37 0.461982 0.062743 0.008883 0.023207