32 0.178679 0.516611 0.036036 0.036545
32 0.439940 0.450166 0.039039 0.036545
28 0.169670 0.383721 0.015015 0.076412
37 0.676426 0.913621 0.013514 0.033223
23 0.784535 0.588040 0.115616 0.285714
29 0.447447 0.732558 0.039039 0.049834
32 0.310811 0.219269 0.039039 0.039867
28 0.552553 0.285714 0.018018 0.079734
32 0.678679 0.403654 0.021021 0.083056
32 0.310060 0.667774 0.037538 0.039867
32 0.551051 0.192691 0.039039 0.039867
32 0.674925 0.765781 0.037538 0.096346
37 0.882132 0.586379 0.013514 0.029900
37 0.677928 0.280731 0.013514 0.029900
23 0.328078 0.451827 0.109610 0.285714
36 0.678679 0.514950 0.018018 0.026578
23 0.554054 0.518272 0.111111 0.285714
29 0.102453 0.634924 0.039029 0.049826