37 0.921961 0.422775 0.009669 0.018325
29 0.102901 0.985602 0.031768 0.028796
29 0.845304 0.332461 0.030387 0.031414
35 0.739641 0.651832 0.034530 0.031414
37 0.832182 0.651832 0.034530 0.036649
28 0.845304 0.197644 0.035912 0.034031
35 0.155387 0.776178 0.017956 0.060209
28 0.062845 0.774869 0.037293 0.031414
28 0.512431 0.399215 0.016575 0.070681
29 0.779006 0.560209 0.030387 0.031414
29 0.287293 0.786649 0.030387 0.028796
23 0.776243 0.425393 0.060773 0.112565
35 0.566989 0.524869 0.017956 0.060209
23 0.284222 0.645728 0.060770 0.112561
37 0.513291 0.076394 0.009662 0.018315
37 0.448322 0.397666 0.009673 0.018331
35 0.633839 0.651868 0.034530 0.031412