35 0.172911 0.186347 0.034582 0.099631
28 0.063401 0.136531 0.057637 0.036900
23 0.518732 0.363469 0.149856 0.188192
35 0.347262 0.671587 0.037464 0.103321
35 0.690202 0.671587 0.031700 0.103321
37 0.073487 0.647601 0.020173 0.025830
28 0.691643 0.806273 0.057637 0.040590
29 0.064841 0.210332 0.077810 0.051661
28 0.269452 0.317343 0.025937 0.073801
28 0.691643 0.140221 0.057637 0.036900
35 0.347262 0.186347 0.037464 0.099631
37 0.691643 0.957565 0.080692 0.055351
29 0.694524 0.238007 0.080692 0.055351
28 0.731988 0.363469 0.028818 0.070111
37 0.814121 0.055351 0.112392 0.066421
37 0.926513 0.363469 0.112392 0.062731
37 0.064841 0.210332 0.077810 0.051661
35 0.260807 0.055351 0.077810 0.044280
37 0.814121 0.891144 0.112392 0.062731
35 0.814121 0.363469 0.077810 0.047970
37 0.089503 0.893752 0.112381 0.062735
37 0.087420 0.319675 0.112377 0.062731