29 0.904589 0.356083 0.031401 0.023739
28 0.847826 0.145401 0.024155 0.053412
28 0.342995 0.215134 0.024155 0.050445
29 0.910628 0.738872 0.033816 0.023739
37 0.067633 0.483680 0.019324 0.023739
37 0.067633 0.615727 0.019324 0.026706
37 0.727053 0.071217 0.019324 0.023739
23 0.723430 0.483680 0.229469 0.278932
37 0.727053 0.922849 0.019324 0.023739
37 0.940821 0.482196 0.021739 0.026706
37 0.574879 0.415430 0.019324 0.023739
28 0.856280 0.818991 0.021739 0.059347
29 0.398551 0.286350 0.028986 0.020772
37 0.439614 0.550445 0.019324 0.026706
37 0.574879 0.547478 0.019324 0.026706
28 0.851449 0.281899 0.021739 0.059347
29 0.903382 0.218101 0.028986 0.020772
28 0.850242 0.664688 0.024155 0.053412
29 0.399758 0.424332 0.031401 0.023739
23 0.218599 0.550445 0.229469 0.275964
37 0.222222 0.137982 0.019324 0.026706
29 0.223430 0.750742 0.031401 0.023739
29 0.907005 0.891691 0.031401 0.020772
28 0.346618 0.351632 0.021739 0.062315