30 0.700625 0.274371 0.048750 0.017296
37 0.904375 0.555818 0.021250 0.029874
8 0.505000 0.580189 0.075000 0.097484
29 0.114375 0.687893 0.056250 0.039308
12 0.375000 0.705270 0.077500 0.149533
23 0.730000 0.488208 0.217500 0.338050
8 0.245000 0.663522 0.075000 0.094340
27 0.730000 0.488208 0.220000 0.334906
32 0.533750 0.941038 0.067500 0.039308
8 0.115000 0.580975 0.075000 0.095912
32 0.732500 0.941038 0.065000 0.039308
32 0.536875 0.090409 0.063750 0.042453
29 0.375000 0.849057 0.060000 0.044025
37 0.905625 0.437893 0.021250 0.029874
32 0.737500 0.090409 0.065000 0.042453
29 0.700625 0.709906 0.048750 0.017296
8 0.245000 0.336478 0.077500 0.097484