32 0.364583 0.466667 0.037500 0.100000
32 0.364583 0.629167 0.037500 0.102778
29 0.810417 0.805556 0.058333 0.050000
23 0.667708 0.468056 0.164583 0.213889
32 0.686458 0.222222 0.077083 0.055556
32 0.443750 0.709722 0.075000 0.052778
32 0.440625 0.222222 0.077083 0.055556
37 0.862500 0.468056 0.016667 0.019444
23 0.239583 0.215278 0.175000 0.213889
32 0.686458 0.709722 0.072917 0.052778
32 0.364583 0.304167 0.037500 0.097222
23 0.236458 0.712500 0.172917 0.219444
37 0.089583 0.155556 0.012500 0.016667
37 0.081250 0.773611 0.012500 0.019444