29 0.744701 0.933198 0.102119 0.044534
29 0.244701 0.708502 0.096339 0.040486
14 0.710983 0.442308 0.084778 0.127530
32 0.351638 0.235830 0.036609 0.082996
32 0.351638 0.762146 0.040462 0.091093
18 0.210983 0.573887 0.082852 0.131579
32 0.743738 0.761134 0.038536 0.089069
23 0.486513 0.438259 0.202312 0.240891
32 0.243738 0.234818 0.036609 0.080972
29 0.136802 0.708502 0.096339 0.040486
29 0.350674 0.933198 0.100193 0.044534
37 0.889210 0.608300 0.021195 0.022267
36 0.334297 0.385628 0.052023 0.095142
37 0.741150 0.101429 0.034692 0.050067