32 0.336156 0.386674 0.022828 0.069476
14 0.180044 0.697608 0.075847 0.112756
37 0.395066 0.497153 0.019882 0.033030
37 0.925626 0.497722 0.020619 0.034169
37 0.695876 0.033030 0.022091 0.031891
23 0.153903 0.495444 0.134021 0.227790
37 0.026510 0.546697 0.020619 0.034169
32 0.865979 0.595103 0.023564 0.071754
32 0.866716 0.197039 0.023564 0.068337
32 0.866716 0.391800 0.022091 0.070615
32 0.866716 0.789863 0.022091 0.071754
37 0.504418 0.547836 0.023564 0.038724
37 0.161267 0.969818 0.020619 0.033030
32 0.335420 0.595103 0.022828 0.071754
37 0.504786 0.368451 0.019882 0.035308
32 0.560751 0.367882 0.044919 0.036446
32 0.336156 0.785877 0.022828 0.070615
37 0.161635 0.033030 0.021355 0.031891
32 0.335788 0.202733 0.022091 0.068337
32 0.754786 0.367882 0.045655 0.036446
23 0.687408 0.497153 0.136230 0.233485
37 0.695508 0.969248 0.021355 0.031891
14 0.714286 0.697608 0.075110 0.115034
14 0.712077 0.280182 0.076583 0.116173
14 0.179168 0.278456 0.080350 0.122047