37 0.949219 0.523748 0.015625 0.020539
29 0.147461 0.690629 0.029297 0.028241
32 0.621094 0.699615 0.070312 0.048780
32 0.621582 0.207959 0.071289 0.048780
32 0.433105 0.085366 0.071289 0.047497
28 0.258789 0.401797 0.041016 0.077022
29 0.509766 0.972401 0.029297 0.026958
23 0.611816 0.573813 0.149414 0.192555
32 0.509277 0.832478 0.034180 0.096277
29 0.549316 0.391528 0.028320 0.028241
23 0.249512 0.541720 0.143555 0.192555
23 0.447754 0.241977 0.147461 0.198973
32 0.108398 0.506418 0.068359 0.047497