0 0.130631 0.317594 0.046431 0.104787
37 0.668399 0.787840 0.009009 0.018111
3 0.485447 0.173351 0.045045 0.100906
28 0.266112 0.511643 0.026334 0.091850
28 0.916493 0.722510 0.049203 0.055627
37 0.952529 0.511643 0.017325 0.029754
29 0.548510 0.969599 0.043659 0.045278
4 0.788981 0.679172 0.053361 0.085382
4 0.130977 0.686934 0.044352 0.106080
3 0.375606 0.285899 0.047124 0.103493
4 0.669092 0.679172 0.053361 0.085382
37 0.044352 0.494825 0.008316 0.016818
2 0.728690 0.479301 0.056133 0.081501
3 0.485100 0.397801 0.045738 0.102199
37 0.788674 0.787677 0.017327 0.029764
37 0.728690 0.371444 0.017325 0.029763
37 0.541396 0.177084 0.017326 0.029760
37 0.317128 0.285890 0.017329 0.029762
37 0.543061 0.407136 0.017327 0.029745