23 0.244048 0.194373 0.150794 0.209719
32 0.662698 0.448849 0.031746 0.104859
37 0.019841 0.874680 0.015873 0.020460
32 0.381944 0.690537 0.029762 0.102302
32 0.787698 0.072890 0.079365 0.043478
32 0.378968 0.494885 0.051587 0.099744
29 0.663690 0.603581 0.045635 0.046036
32 0.571429 0.355499 0.079365 0.040921
32 0.543651 0.195652 0.079365 0.043478
37 0.018849 0.140665 0.013889 0.020460
32 0.379960 0.303069 0.029762 0.099744
23 0.245040 0.815857 0.148810 0.209719
23 0.782738 0.244246 0.148810 0.212276
37 0.972222 0.242967 0.015873 0.020460