29 0.078652 0.975000 0.048689 0.045833
29 0.397940 0.498958 0.050562 0.052083
32 0.725655 0.797917 0.073034 0.037500
28 0.711610 0.222917 0.029963 0.066667
32 0.424157 0.798958 0.073034 0.035417
29 0.826779 0.280208 0.050562 0.052083
23 0.656367 0.382292 0.185393 0.218750
37 0.249064 0.798958 0.026217 0.035417
28 0.712547 0.660417 0.031835 0.066667
28 0.707865 0.519792 0.037453 0.064583
32 0.397940 0.393750 0.031835 0.079167
32 0.156367 0.797917 0.069288 0.037500
29 0.827715 0.717708 0.052434 0.052083
37 0.317416 0.798958 0.024345 0.031250
37 0.960674 0.382292 0.026217 0.031250
37 0.631086 0.730208 0.026217 0.031250
28 0.716292 0.083333 0.035581 0.066667
37 0.630150 0.014583 0.028090 0.029167
8 0.077715 0.878125 0.080524 0.089583