18 0.587126 0.219388 0.040312 0.107143
14 0.917425 0.413265 0.040312 0.102041
32 0.227568 0.605867 0.018205 0.068878
32 0.603381 0.113520 0.018205 0.068878
32 0.524707 0.852041 0.040312 0.035714
32 0.354356 0.903061 0.016905 0.071429
14 0.759428 0.371173 0.041612 0.104592
14 0.466190 0.397959 0.042913 0.102041
32 0.480494 0.113520 0.016905 0.068878
14 0.589077 0.845663 0.044213 0.109694
14 0.242523 0.769133 0.040312 0.104592
21 0.970091 0.426020 0.031209 0.056122
28 0.681404 0.201531 0.033810 0.035714
28 0.393368 0.602041 0.032510 0.030612
32 0.481144 0.493622 0.018205 0.068878
14 0.466840 0.669643 0.041612 0.104592
14 0.240572 0.243622 0.041612 0.099490
14 0.338101 0.770408 0.039012 0.102041
32 0.355007 0.608418 0.018205 0.068878
37 0.167750 0.049745 0.010403 0.022959
32 0.808192 0.417092 0.040312 0.033163
32 0.287386 0.471939 0.018205 0.071429
21 0.645644 0.613520 0.035111 0.058673
18 0.498700 0.218112 0.037711 0.109694
32 0.850455 0.494898 0.015605 0.071429
14 0.332234 0.282629 0.049969 0.086671
37 0.169405 0.244126 0.010407 0.022954
37 0.167962 0.967429 0.010403 0.022957