14 0.218750 0.668148 0.027344 0.056296
14 0.433594 0.458519 0.027344 0.128889
32 0.424316 0.811852 0.020508 0.050370
21 0.549805 0.817037 0.025391 0.040000
14 0.493164 0.455556 0.025391 0.054815
32 0.814941 0.379259 0.020508 0.050370
18 0.686523 0.631852 0.025391 0.057778
32 0.486816 0.596296 0.020508 0.048889
32 0.359863 0.624444 0.020508 0.048889
18 0.435059 0.187407 0.026367 0.057778
32 0.425293 0.098519 0.020508 0.048889
14 0.414551 0.662222 0.026367 0.056296
8 0.873047 0.056296 0.031250 0.050370
32 0.158691 0.110370 0.020508 0.051852
32 0.784668 0.331852 0.032227 0.032593
14 0.803711 0.283704 0.025391 0.054815
14 0.349609 0.480741 0.027344 0.054815
21 0.087402 0.672593 0.034180 0.050370
14 0.433594 0.495556 0.027344 0.054815
32 0.158203 0.362222 0.021484 0.051852
32 0.487305 0.809630 0.019531 0.051852
14 0.668945 0.337037 0.025391 0.054815
32 0.486816 0.522963 0.020508 0.050370
14 0.148926 0.234815 0.026367 0.054815
32 0.729980 0.279259 0.030273 0.031111
14 0.477539 0.740000 0.025391 0.054815
14 0.284180 0.742963 0.027344 0.057778
32 0.616211 0.101481 0.019531 0.048889
32 0.087402 0.110370 0.020508 0.051852
21 0.704102 0.168148 0.031250 0.048889
32 0.229980 0.811111 0.020508 0.051852
18 0.605957 0.189630 0.026367 0.053333
14 0.606445 0.726667 0.025391 0.054815
32 0.812500 0.490370 0.019531 0.050370
32 0.549805 0.763704 0.019531 0.048889
32 0.705078 0.100741 0.019531 0.047407
14 0.434082 0.417778 0.028320 0.053333
32 0.813477 0.660741 0.019531 0.050370
32 0.158691 0.577037 0.020508 0.051852
14 0.369629 0.741481 0.026367 0.054815
28 0.520020 0.631111 0.014648 0.038519
32 0.758789 0.382963 0.019531 0.048889
14 0.543457 0.682222 0.024414 0.051852
32 0.159180 0.803704 0.021484 0.051852
32 0.616699 0.577037 0.020508 0.051852
14 0.749023 0.233333 0.025391 0.054815