32 0.304428 0.074811 0.018450 0.039773
18 0.526753 0.151515 0.035055 0.060606
37 0.914207 0.035038 0.020295 0.020833
21 0.190037 0.447917 0.029520 0.028409
28 0.450185 0.455492 0.036900 0.020833
14 0.236162 0.714015 0.036900 0.064394
32 0.404982 0.074811 0.016605 0.039773
14 0.417897 0.647727 0.038745 0.068182
32 0.113469 0.793561 0.016605 0.037879
32 0.175277 0.935606 0.018450 0.041667
32 0.687269 0.923295 0.020295 0.039773
14 0.287823 0.491477 0.036900 0.062500
18 0.498155 0.369318 0.036900 0.060606
14 0.826568 0.279356 0.036900 0.062500
18 0.391144 0.243371 0.036900 0.062500
18 0.599631 0.153409 0.036900 0.064394
32 0.841328 0.071970 0.018450 0.037879
14 0.392066 0.492424 0.035055 0.060606
12 0.688192 0.585227 0.047970 0.049242
32 0.113469 0.527462 0.016605 0.039773
21 0.511993 0.309659 0.027675 0.028409
21 0.738930 0.093750 0.060886 0.035985
14 0.365314 0.791667 0.036900 0.060606
32 0.180812 0.712121 0.036900 0.018939
14 0.289668 0.646780 0.036900 0.066288
32 0.352399 0.890152 0.018450 0.041667
14 0.599631 0.792614 0.036900 0.062500
32 0.612546 0.922348 0.018450 0.041667
32 0.250923 0.864583 0.018450 0.039773
32 0.250000 0.527462 0.016605 0.039773
18 0.391144 0.157197 0.036900 0.064394
14 0.673432 0.791667 0.036900 0.060606
18 0.318266 0.157197 0.038745 0.064394
14 0.779520 0.226326 0.038745 0.062500
14 0.126384 0.711174 0.038745 0.062500
32 0.250000 0.935606 0.016605 0.037879
37 0.913284 0.601326 0.018450 0.020833
32 0.839483 0.500000 0.018450 0.041667
21 0.511993 0.262311 0.027675 0.028409
32 0.839483 0.856061 0.018450 0.041667
37 0.914207 0.366477 0.020295 0.020833
32 0.871771 0.602273 0.038745 0.022727
32 0.513838 0.076705 0.016605 0.039773
37 0.886531 0.971591 0.020295 0.022727
37 0.045203 0.758523 0.020295 0.020833