28 0.415730 0.725236 0.028090 0.030660
29 0.417135 0.819575 0.039326 0.025943
35 0.505618 0.867925 0.016854 0.066038
35 0.506320 0.327830 0.015449 0.066038
29 0.875702 0.818396 0.040730 0.028302
35 0.741573 0.469340 0.016854 0.066038
35 0.415730 0.641509 0.016854 0.066038
28 0.606039 0.735849 0.023876 0.023585
37 0.060393 0.331368 0.056180 0.040094
37 0.934691 0.725236 0.054775 0.040094
37 0.934691 0.073113 0.057584 0.037736
28 0.808287 0.680425 0.026685 0.021226
35 0.337079 0.867925 0.016854 0.066038
14 0.731039 0.807783 0.023876 0.068396
14 0.329354 0.751179 0.023876 0.068396
35 0.202247 0.667453 0.016854 0.066038
35 0.657303 0.129717 0.016854 0.066038
14 0.295646 0.524764 0.023876 0.068396
14 0.379213 0.525943 0.022472 0.066038
18 0.648174 0.695755 0.023876 0.066038
35 0.657303 0.865566 0.016854 0.066038
28 0.168539 0.650943 0.028090 0.023585
14 0.563904 0.384434 0.023876 0.066038
35 0.250702 0.525943 0.040730 0.023585
28 0.808287 0.760613 0.026685 0.021226
14 0.647472 0.272406 0.022472 0.063679
37 0.061096 0.527123 0.054775 0.040094
28 0.455758 0.227594 0.026685 0.025943
35 0.808287 0.582547 0.015449 0.066038
35 0.302669 0.129717 0.018258 0.066038
35 0.506320 0.752358 0.015449 0.066038
28 0.808287 0.170991 0.026685 0.021226
37 0.935393 0.923349 0.056180 0.040094
29 0.202949 0.818396 0.040730 0.028302
37 0.935393 0.525943 0.053371 0.037736
35 0.741573 0.582547 0.016854 0.066038
37 0.060393 0.244104 0.056180 0.035377
29 0.808287 0.281840 0.037921 0.030660
28 0.120787 0.525943 0.016854 0.047170
21 0.287921 0.850236 0.022472 0.044811
37 0.060393 0.415094 0.056180 0.037736
28 0.573034 0.582547 0.028090 0.028302
37 0.060393 0.753538 0.056180 0.040094
35 0.168252 0.411586 0.040727 0.023581
35 0.168251 0.526032 0.040734 0.023587
35 0.168841 0.329282 0.040723 0.023579
35 0.505288 0.442320 0.016850 0.066045
18 0.497396 0.183331 0.023876 0.066042
18 0.731257 0.185749 0.023867 0.066046
35 0.253143 0.752906 0.040734 0.023588
35 0.455798 0.526030 0.040726 0.023597
35 0.169439 0.241940 0.040732 0.023591