4 0.729938 0.411628 0.033951 0.051163
37 0.072531 0.186047 0.009259 0.011628
32 0.376543 0.068605 0.026749 0.027907
32 0.190329 0.320930 0.026749 0.027907
32 0.552469 0.864535 0.026749 0.026744
29 0.713477 0.533721 0.013374 0.018605
4 0.413580 0.412209 0.034979 0.052326
37 0.333848 0.531977 0.009259 0.010465
32 0.809156 0.476163 0.025720 0.026744
4 0.308128 0.636628 0.048354 0.040698
37 0.869856 0.185465 0.009259 0.010465
31 0.651235 0.300581 0.051440 0.031395
28 0.133230 0.186047 0.017490 0.041860
4 0.362140 0.186047 0.034979 0.053488
31 0.492284 0.300000 0.052469 0.030233
32 0.662037 0.824419 0.023663 0.030233
32 0.190329 0.223256 0.026749 0.027907
32 0.766461 0.068605 0.026749 0.027907
37 0.755144 0.749419 0.010288 0.010465
32 0.500000 0.772093 0.024691 0.027907
28 0.816358 0.076163 0.036008 0.022093
4 0.497428 0.189535 0.033951 0.053488
32 0.500000 0.669186 0.026749 0.029070
32 0.333333 0.476163 0.026749 0.026744
29 0.552469 0.930814 0.014403 0.017442
4 0.781893 0.186047 0.034979 0.053488
28 0.326646 0.076163 0.038066 0.022093
28 0.133230 0.356977 0.017490 0.041860
29 0.429012 0.533721 0.014403 0.018605
37 0.072531 0.356977 0.009259 0.011628
37 0.809156 0.531395 0.009259 0.009302
28 0.270062 0.412791 0.017490 0.041860
4 0.645576 0.188953 0.033951 0.054651
23 0.649691 0.751163 0.103909 0.111628
37 0.893519 0.106395 0.009259 0.010465
37 0.919239 0.412209 0.009259 0.010465
23 0.378086 0.750000 0.099794 0.111628
37 0.572016 0.331977 0.010288 0.010465
37 0.144033 0.271512 0.008230 0.010465
28 0.872428 0.413372 0.018519 0.043023
28 0.710905 0.665061 0.049383 0.037099
37 0.223251 0.412791 0.010288 0.011628
37 0.773065 0.031777 0.010287 0.010463
37 0.370394 0.032485 0.010291 0.010461
29 0.297179 0.031958 0.020813 0.018595
29 0.845563 0.032481 0.020808 0.018602
37 0.247628 0.107240 0.010285 0.010473
37 0.592823 0.280084 0.010279 0.010470
37 0.737312 0.620551 0.010292 0.010457
30 0.239751 0.620329 0.019429 0.056006
29 0.711420 0.725296 0.013374 0.018603
29 0.499583 0.861170 0.014416 0.020921
37 0.425367 0.844341 0.010289 0.010466