29 0.525455 0.763889 0.058182 0.053030
28 0.304545 0.726010 0.049091 0.047980
28 0.616364 0.435606 0.047273 0.053030
29 0.235455 0.878788 0.063636 0.055556
30 0.202727 0.069444 0.067273 0.022727
32 0.750000 0.618687 0.100000 0.055556
32 0.237273 0.472222 0.038182 0.141414
32 0.237273 0.726010 0.041818 0.143939
29 0.304545 0.878788 0.056364 0.055556
32 0.205455 0.250000 0.040000 0.141414
29 0.826364 0.878788 0.063636 0.055556
28 0.826364 0.727273 0.049091 0.050505
23 0.530000 0.622475 0.081818 0.118687
29 0.615455 0.577020 0.060000 0.058081
30 0.616364 0.263889 0.065455 0.022727
37 0.991761 0.621665 0.016478 0.022960
37 0.004803 0.373047 0.009606 0.022948