38 0.900901 0.157500 0.063063 0.105000
21 0.131757 0.238333 0.060811 0.043333
32 0.264640 0.354167 0.051802 0.081667
32 0.487613 0.846667 0.051802 0.083333
29 0.487613 0.984167 0.083333 0.031667
29 0.131757 0.983333 0.083333 0.033333
32 0.264640 0.155833 0.051802 0.081667
28 0.485360 0.519167 0.101351 0.028333
18 0.451577 0.254167 0.087838 0.115000
7 0.231982 0.518333 0.076577 0.080000
29 0.887387 0.590000 0.081081 0.033333
32 0.888514 0.452500 0.051802 0.081667
29 0.263514 0.655000 0.085586 0.036667
21 0.130631 0.863333 0.063063 0.043333
37 0.889121 0.056973 0.018290 0.022134
37 0.485706 0.058227 0.018288 0.022150
37 0.266915 0.057604 0.018325 0.022151
37 0.131877 0.061385 0.018316 0.022130