37 0.468179 0.198041 0.020164 0.020994
28 0.325457 0.589223 0.039698 0.019594
32 0.276307 0.503499 0.049779 0.024493
32 0.091682 0.602519 0.020794 0.053184
32 0.098614 0.859692 0.022054 0.056683
14 0.195967 0.769419 0.039067 0.077677
32 0.092313 0.403779 0.020794 0.053184
14 0.454316 0.503849 0.036547 0.076977
37 0.816320 0.298810 0.017013 0.019594
37 0.724953 0.140308 0.019534 0.021693
32 0.468179 0.291113 0.021424 0.053184
29 0.210775 0.882085 0.040958 0.027292
37 0.091997 0.290763 0.018904 0.020294
29 0.467549 0.654654 0.041588 0.025892
32 0.210775 0.602869 0.020794 0.053884
29 0.725268 0.543037 0.041588 0.026592
32 0.603340 0.393632 0.048519 0.023093
29 0.092313 0.687194 0.042218 0.025192
32 0.724953 0.233730 0.020794 0.053184
14 0.710145 0.393982 0.039067 0.076977
29 0.325772 0.663401 0.042848 0.026592
21 0.264583 0.373163 0.023779 0.031869