29 0.465833 0.920824 0.065000 0.045553
32 0.300833 0.781996 0.041667 0.110629
8 0.067500 0.608460 0.075000 0.101952
7 0.442500 0.783080 0.058333 0.104121
29 0.300000 0.919740 0.063333 0.043384
32 0.165833 0.478308 0.088333 0.058568
32 0.700000 0.476139 0.040000 0.110629
3 0.444167 0.478308 0.058333 0.101952
29 0.068333 0.747289 0.063333 0.049892
29 0.866667 0.355748 0.063333 0.047722
8 0.865000 0.218004 0.076667 0.101952
37 0.068275 0.481060 0.024142 0.033993
37 0.833723 0.647710 0.024132 0.033989
37 0.867437 0.089368 0.024127 0.033991