4 0.359862 0.683657 0.038062 0.085761
37 0.219723 0.402104 0.013841 0.027508
4 0.544550 0.683657 0.037197 0.085761
36 0.283304 0.678803 0.016436 0.024272
12 0.143599 0.852751 0.055363 0.103560
0 0.545415 0.141586 0.035467 0.085761
12 0.328287 0.852751 0.056228 0.103560
4 0.729239 0.683657 0.038062 0.085761
37 0.588235 0.402104 0.013841 0.027508
0 0.666522 0.288835 0.037197 0.082524
4 0.452855 0.594660 0.037197 0.082524
4 0.083045 0.597087 0.036332 0.084142
0 0.849913 0.291262 0.037197 0.084142
4 0.913927 0.682848 0.038927 0.087379
29 0.330017 0.345469 0.032007 0.030744
4 0.267734 0.597087 0.037197 0.084142
37 0.772924 0.402104 0.014706 0.027508
4 0.913495 0.466828 0.036332 0.085761
29 0.421713 0.978964 0.032007 0.032362
4 0.821367 0.597087 0.037197 0.084142
37 0.040657 0.595469 0.013841 0.025890
0 0.176471 0.138350 0.036332 0.085761
12 0.881920 0.854369 0.056228 0.103560
37 0.410035 0.682039 0.013841 0.024272
12 0.512976 0.851133 0.055363 0.103560
0 0.112457 0.139968 0.036332 0.085761
0 0.297145 0.143204 0.035467 0.085761
37 0.403979 0.402104 0.013841 0.027508
0 0.850346 0.143204 0.036332 0.085761
0 0.666522 0.140777 0.037197 0.087379
37 0.593858 0.596278 0.014706 0.027508
29 0.883218 0.607605 0.031142 0.033981
37 0.778547 0.596278 0.015571 0.027508
11 0.329585 0.274272 0.038062 0.059871
4 0.175606 0.683657 0.038062 0.085761
4 0.850779 0.466828 0.037197 0.085761
0 0.480969 0.139968 0.036332 0.085761
0 0.730536 0.289644 0.037197 0.084142
0 0.360727 0.144013 0.036332 0.087379
37 0.595156 0.682039 0.013841 0.027508
0 0.729671 0.141586 0.035467 0.085761
36 0.098616 0.679612 0.015571 0.022654
37 0.958045 0.402104 0.014706 0.027508
37 0.409602 0.593851 0.014706 0.029126
37 0.225779 0.682039 0.013841 0.024272
36 0.836505 0.679612 0.015571 0.022654
36 0.652249 0.678803 0.015571 0.021036
37 0.041090 0.682848 0.012976 0.025890
0 0.914792 0.292071 0.037197 0.085761
12 0.697664 0.850324 0.056228 0.105178
37 0.779412 0.682848 0.013841 0.025890
36 0.467993 0.678803 0.015571 0.024272
4 0.637111 0.597087 0.037197 0.084142
37 0.224913 0.595469 0.013841 0.025890
0 0.914360 0.144013 0.036332 0.087379
30 0.190425 0.080897 0.013392 0.026762
30 0.283924 0.079632 0.013392 0.026782
30 0.375797 0.082217 0.013386 0.026777
30 0.466743 0.082221 0.013386 0.026774
30 0.558614 0.077039 0.013392 0.026780
30 0.651407 0.077039 0.013388 0.026794
30 0.746047 0.079628 0.013379 0.026766
30 0.836995 0.077908 0.013393 0.026768
11 0.883504 0.538141 0.038062 0.059870
37 0.100273 0.943954 0.013837 0.027504
37 0.924063 0.938757 0.013844 0.027506