32 0.706667 0.477322 0.080000 0.051836
32 0.113333 0.477322 0.076667 0.051836
32 0.634167 0.542117 0.035000 0.099352
37 0.420000 0.847732 0.013333 0.015119
37 0.633333 0.615551 0.010000 0.012959
4 0.529167 0.478402 0.065000 0.097192
4 0.302500 0.478402 0.065000 0.097192
32 0.817500 0.690065 0.041667 0.110151
37 0.884167 0.587473 0.011667 0.017279
32 0.326667 0.188985 0.036667 0.101512
32 0.421667 0.688985 0.040000 0.107991
29 0.184167 0.643629 0.035000 0.047516
32 0.184167 0.542117 0.035000 0.099352
4 0.793826 0.291025 0.065004 0.097199
37 0.419462 0.078064 0.011673 0.017265