21 0.447826 0.098086 0.056522 0.043062
32 0.576087 0.118022 0.043478 0.079745
32 0.195652 0.553429 0.113043 0.038278
32 0.392391 0.798246 0.041304 0.084530
28 0.345652 0.322967 0.056522 0.027113
28 0.673913 0.248006 0.056522 0.027113
29 0.671739 0.324561 0.056522 0.027113
23 0.541304 0.590909 0.139130 0.113238
32 0.447826 0.302233 0.043478 0.078150
28 0.391304 0.902711 0.056522 0.025518
29 0.390217 0.978469 0.054348 0.027113
18 0.475000 0.181021 0.076087 0.074960
29 0.445652 0.408293 0.052174 0.028708
29 0.740217 0.979266 0.054348 0.028708
32 0.741304 0.799841 0.043478 0.084530
37 0.046739 0.550239 0.032609 0.028708
32 0.557609 0.712919 0.110870 0.031898
37 0.851552 0.593219 0.032595 0.028705
37 0.848651 0.047678 0.056183 0.028701
37 0.570578 0.647407 0.028863 0.042352