28 0.753589 0.799679 0.052632 0.041667
32 0.635167 0.802885 0.026316 0.105769
32 0.394737 0.578526 0.033493 0.105769
29 0.395933 0.737179 0.055024 0.044872
12 0.035885 0.560897 0.052632 0.070513
32 0.636364 0.256410 0.028708 0.108974
32 0.394737 0.288462 0.028708 0.102564
29 0.037081 0.701923 0.055024 0.044872
32 0.633971 0.610577 0.028708 0.105769
37 0.513158 0.057692 0.016746 0.025641
28 0.308612 0.467949 0.028708 0.070513
29 0.633971 0.959936 0.057416 0.041667
32 0.144737 0.466346 0.083732 0.041667
14 0.623206 0.464744 0.035885 0.076923
28 0.763158 0.371795 0.028708 0.070513
32 0.922249 0.480769 0.031100 0.108974
29 0.920996 0.639423 0.057428 0.041667