32 0.519362 0.583333 0.031891 0.071429
32 0.521640 0.220238 0.031891 0.069048
29 0.518223 0.967857 0.047836 0.026190
29 0.805239 0.603571 0.047836 0.030952
28 0.681093 0.820238 0.050114 0.030952
37 0.119590 0.079762 0.029613 0.050000
28 0.241458 0.079762 0.022779 0.050000
28 0.632118 0.314286 0.029613 0.052381
28 0.261959 0.421429 0.027335 0.052381
14 0.504556 0.422619 0.038724 0.069048
37 0.076310 0.420238 0.025057 0.026190
37 0.916856 0.315476 0.025057 0.026190
32 0.355353 0.689286 0.031891 0.073810
32 0.519362 0.820238 0.031891 0.073810
29 0.354214 0.966667 0.047836 0.028571
32 0.355353 0.220238 0.031891 0.069048
29 0.681093 0.966667 0.050114 0.028571
37 0.915718 0.444048 0.027335 0.026190
37 0.752847 0.079762 0.029613 0.050000
28 0.618451 0.082143 0.052392 0.064286
37 0.077449 0.570238 0.022779 0.026190
29 0.169300 0.669173 0.047833 0.028582