14 0.603896 0.428392 0.026840 0.060302
18 0.425108 0.559045 0.024242 0.060302
32 0.413853 0.138191 0.015584 0.050251
3 0.809957 0.633166 0.021645 0.052764
37 0.958442 0.354271 0.043290 0.030151
32 0.439394 0.910804 0.032035 0.022613
32 0.154545 0.753769 0.028571 0.022613
32 0.561039 0.563442 0.015584 0.043970
37 0.030303 0.151382 0.043290 0.028894
29 0.888745 0.389447 0.023377 0.022613
14 0.553247 0.641960 0.025974 0.060302
37 0.027273 0.447236 0.035498 0.025126
32 0.271861 0.701633 0.017316 0.041457
32 0.279221 0.138191 0.016450 0.047739
32 0.350216 0.303392 0.016450 0.046482
32 0.196104 0.508166 0.014719 0.048995
28 0.158874 0.449749 0.007792 0.022613
32 0.561472 0.479271 0.016450 0.041457
18 0.264935 0.559673 0.025974 0.056533
37 0.957143 0.067839 0.037229 0.027638
32 0.816450 0.330402 0.015584 0.045226
29 0.121212 0.732412 0.022511 0.022613
18 0.552814 0.208543 0.026840 0.060302
32 0.642424 0.270729 0.031169 0.023869
28 0.222078 0.733668 0.012987 0.020101
7 0.809524 0.216080 0.022511 0.050251
18 0.271861 0.328518 0.025974 0.059045
32 0.561039 0.137563 0.017316 0.046482
32 0.816883 0.489322 0.014719 0.046482
29 0.082251 0.185930 0.025974 0.025126
32 0.338528 0.609925 0.015584 0.043970
32 0.561472 0.731784 0.016450 0.046482
29 0.100866 0.704146 0.023377 0.021357
32 0.349784 0.201633 0.015584 0.043970
29 0.197403 0.574749 0.022511 0.021357
28 0.368831 0.908291 0.008658 0.022613
18 0.699567 0.195352 0.025974 0.059045
37 0.624675 0.068467 0.068398 0.031407
32 0.721212 0.434045 0.015584 0.048995
28 0.069264 0.763819 0.013853 0.015075
37 0.954978 0.799623 0.034632 0.028894
29 0.229004 0.176508 0.023377 0.021357
32 0.769264 0.614322 0.028571 0.025126
29 0.172294 0.175251 0.022511 0.021357
18 0.712121 0.650754 0.025108 0.060302
32 0.137662 0.122487 0.024242 0.023869
32 0.768831 0.234925 0.029437 0.022613
37 0.029870 0.707286 0.044156 0.027638
29 0.115152 0.575377 0.024242 0.022613
37 0.690476 0.067211 0.038961 0.028894
18 0.423810 0.320980 0.025108 0.056533
32 0.114286 0.508794 0.015584 0.047739
32 0.382251 0.702889 0.014719 0.041457
32 0.642424 0.595477 0.027706 0.022613
29 0.075758 0.576005 0.023377 0.023869
28 0.174459 0.757538 0.011255 0.012563
32 0.561039 0.302764 0.017316 0.047739
32 0.541558 0.911432 0.032035 0.023869
32 0.337229 0.760050 0.016450 0.042714
14 0.169025 0.080792 0.049017 0.044223
18 0.175129 0.788930 0.049019 0.044226
28 0.914211 0.707990 0.016936 0.016610
37 0.784165 0.277593 0.044155 0.027645
37 0.784171 0.538867 0.044161 0.027641
37 0.611678 0.798658 0.062015 0.031841
0 0.345462 0.152506 0.029888 0.042650
37 0.704841 0.798632 0.042581 0.031849
28 0.523560 0.428702 0.007790 0.022612
0 0.329962 0.550050 0.029887 0.042651
29 0.257089 0.712672 0.022508 0.022611
28 0.176961 0.719299 0.018543 0.019084
28 0.229391 0.143708 0.018530 0.019085
28 0.172001 0.146306 0.018538 0.019084
28 0.082329 0.107274 0.018542 0.019088
28 0.676544 0.432550 0.018527 0.019078
28 0.639192 0.431656 0.018536 0.019090
37 0.960133 0.512359 0.044161 0.027636
37 0.957270 0.430120 0.044157 0.027636
37 0.030202 0.066322 0.044152 0.027635
29 0.319814 0.964594 0.022511 0.022620
37 0.027425 0.372004 0.044149 0.027627
37 0.022938 0.531037 0.044150 0.027628
37 0.035401 0.799203 0.044154 0.027641