4 0.600000 0.559819 0.057143 0.112867
4 0.825850 0.722348 0.059864 0.112867
2 0.265306 0.283296 0.057143 0.115124
4 0.468707 0.760722 0.061224 0.112867
37 0.915646 0.392777 0.021769 0.045147
4 0.735374 0.721219 0.058503 0.110609
36 0.576190 0.454853 0.023129 0.029345
4 0.387075 0.562077 0.058503 0.112867
0 0.175510 0.282167 0.059864 0.117381
37 0.658503 0.564334 0.021769 0.045147
12 0.152381 0.706546 0.092517 0.167043
37 0.325850 0.563205 0.020408 0.047404
37 0.369388 0.120767 0.023129 0.051919
29 0.461224 0.968397 0.068027 0.036117
2 0.387755 0.286682 0.057143 0.117381
0 0.551701 0.284424 0.058503 0.112867
4 0.314286 0.762980 0.059864 0.117381