32 0.641500 0.591751 0.017000 0.058923
29 0.010500 0.982323 0.015000 0.018519
32 0.697000 0.210438 0.018000 0.057239
32 0.543000 0.161616 0.018000 0.050505
29 0.067000 0.112795 0.020000 0.020202
32 0.471000 0.161616 0.018000 0.053872
18 0.134500 0.406566 0.031000 0.079125
32 0.698000 0.648990 0.016000 0.052189
32 0.783000 0.615320 0.018000 0.058923
14 0.773000 0.261785 0.030000 0.075758
32 0.371500 0.649832 0.019000 0.057239
37 0.968500 0.572391 0.033000 0.026936
18 0.358000 0.491582 0.036000 0.084175
32 0.145500 0.567340 0.019000 0.060606
28 0.563000 0.311472 0.010000 0.025265
29 0.011500 0.553872 0.019000 0.020202
8 0.541500 0.221380 0.031000 0.048822
8 0.422000 0.803030 0.032000 0.050505
32 0.882000 0.520202 0.018000 0.057239
32 0.404000 0.250842 0.032000 0.030303
32 0.197500 0.869529 0.031000 0.028620
18 0.460500 0.250842 0.029000 0.077441
18 0.687000 0.369529 0.030000 0.079125
32 0.931500 0.650673 0.019000 0.055556
32 0.783500 0.162458 0.017000 0.052189
32 0.300000 0.649832 0.018000 0.057239
29 0.422500 0.852694 0.019000 0.018519
32 0.568000 0.372896 0.032000 0.038721
32 0.230500 0.292929 0.017000 0.057239
32 0.421500 0.685185 0.019000 0.057239
32 0.144500 0.232323 0.019000 0.060606
29 0.074500 0.962963 0.019000 0.026936
32 0.176500 0.488215 0.029000 0.030303
32 0.471500 0.579125 0.019000 0.057239
32 0.881000 0.637205 0.016000 0.055556
32 0.364500 0.186027 0.017000 0.058923
29 0.883000 0.686027 0.018000 0.018519
29 0.542500 0.268519 0.017000 0.021886
28 0.010791 0.455037 0.021581 0.018863
28 0.010662 0.881283 0.021325 0.018867
28 0.011201 0.813921 0.021581 0.018881
28 0.009958 0.741930 0.019915 0.018876
28 0.010787 0.669950 0.021573 0.018857
29 0.570466 0.780395 0.017101 0.018496
29 0.010866 0.624799 0.017107 0.018488
28 0.009960 0.597957 0.019920 0.018868
28 0.010169 0.525282 0.020337 0.018861
28 0.570525 0.751410 0.019918 0.018866
21 0.287113 0.203427 0.021093 0.035510
21 0.300823 0.416754 0.021103 0.035528
28 0.676621 0.643853 0.019915 0.018868
28 0.326010 0.418579 0.019914 0.018870
28 0.636872 0.130098 0.019913 0.018851
29 0.011289 0.698872 0.017100 0.018509
8 0.067897 0.050295 0.034438 0.054338
29 0.635379 0.158610 0.017103 0.018504
29 0.011282 0.767368 0.017098 0.018492
18 0.219656 0.495795 0.035997 0.084180
29 0.010452 0.480825 0.017096 0.018505
29 0.010861 0.839350 0.017099 0.018476
29 0.010257 0.910619 0.017101 0.018506
28 0.009668 0.955928 0.019336 0.018872