12 0.795935 0.246959 0.022764 0.034063
8 0.793089 0.573601 0.025203 0.037713
32 0.285366 0.673358 0.011382 0.037713
32 0.138211 0.378954 0.011382 0.037713
32 0.679268 0.874696 0.012195 0.036496
32 0.285366 0.874696 0.011382 0.036496
32 0.799593 0.335766 0.012195 0.036496
8 0.673171 0.204380 0.022764 0.036496
32 0.345122 0.490268 0.020325 0.017032
32 0.286585 0.440389 0.012195 0.036496
32 0.200813 0.451338 0.013008 0.036496
32 0.314634 0.130170 0.013008 0.041363
32 0.545528 0.433090 0.011382 0.036496
37 0.038211 0.329684 0.008130 0.014599
14 0.276423 0.562044 0.027642 0.038929
29 0.482927 0.525547 0.013008 0.014599
32 0.479268 0.161800 0.023577 0.019465
32 0.482520 0.462287 0.012195 0.038929
32 0.404878 0.674574 0.011382 0.037713
32 0.201626 0.833333 0.011382 0.038929
32 0.478862 0.835766 0.019512 0.019465
7 0.397967 0.784063 0.023577 0.035280
32 0.830081 0.414842 0.017886 0.019465
32 0.200813 0.114355 0.011382 0.036496
28 0.612195 0.509732 0.013008 0.024331
32 0.612602 0.414842 0.021951 0.014599
32 0.799593 0.484185 0.012195 0.036496
32 0.680081 0.114355 0.012195 0.036496
37 0.904878 0.416667 0.006504 0.010949
28 0.853659 0.894769 0.016260 0.020681
28 0.855691 0.094891 0.015447 0.019465
29 0.855691 0.135645 0.012195 0.013382
32 0.106504 0.329684 0.021138 0.017032
8 0.673577 0.784063 0.023577 0.037713
32 0.285366 0.114964 0.011382 0.037713
32 0.404065 0.440998 0.013008 0.037713
21 0.681458 0.407631 0.025406 0.046213
18 0.540556 0.835834 0.023581 0.037713
37 0.040157 0.427046 0.008126 0.014596
29 0.138505 0.439830 0.013936 0.017143
37 0.854825 0.953997 0.008133 0.014609
18 0.279411 0.245736 0.023580 0.037704
18 0.399466 0.249462 0.023582 0.037715
37 0.854695 0.852331 0.013062 0.012932
37 0.876449 0.867026 0.008132 0.014595
7 0.280198 0.782708 0.023571 0.035272
18 0.539739 0.161635 0.023576 0.037712
0 0.275923 0.329969 0.026296 0.043027
0 0.416401 0.329217 0.026298 0.043016
37 0.856014 0.035785 0.008128 0.014596
0 0.416003 0.561222 0.026297 0.043007