14 0.351669 0.430626 0.023486 0.052453
28 0.577256 0.239425 0.014833 0.042301
14 0.766378 0.665821 0.024722 0.055838
32 0.931397 0.441624 0.018541 0.074450
29 0.169963 0.367174 0.035847 0.027073
29 0.255871 0.630288 0.039555 0.028765
32 0.359703 0.324027 0.019778 0.076142
32 0.256489 0.537225 0.018541 0.079526
18 0.766378 0.665821 0.024722 0.055838
32 0.256489 0.324027 0.021014 0.076142
32 0.775031 0.324027 0.017305 0.076142
29 0.497528 0.818951 0.040791 0.030457
29 0.601978 0.866328 0.039555 0.027073
32 0.127318 0.430626 0.054388 0.028765
29 0.117429 0.273266 0.037083 0.028765
28 0.169345 0.297800 0.032138 0.027073
32 0.498146 0.725888 0.019778 0.081218
32 0.603214 0.297800 0.017305 0.074450
8 0.084672 0.476311 0.038319 0.052453
32 0.690358 0.325719 0.018541 0.072758
28 0.230532 0.429780 0.016069 0.043993
28 0.430161 0.513536 0.029666 0.025381
32 0.689122 0.727580 0.018541 0.077834
29 0.930161 0.533841 0.038319 0.032149
29 0.688504 0.818951 0.039555 0.030457
29 0.084054 0.559222 0.039555 0.028765
28 0.524722 0.593909 0.018541 0.050761
14 0.593943 0.665821 0.023486 0.052453
28 0.473424 0.287648 0.019778 0.043993
29 0.913473 0.250423 0.042027 0.030457
32 0.774413 0.773266 0.018541 0.081218
32 0.603214 0.465313 0.019778 0.077834
32 0.360939 0.656514 0.019778 0.077834
32 0.603214 0.177665 0.019778 0.071066
32 0.489493 0.384095 0.051916 0.023689
32 0.359703 0.535533 0.019778 0.076142
32 0.360321 0.205584 0.021014 0.076142
32 0.119283 0.181049 0.018541 0.077834
32 0.602596 0.773266 0.018541 0.077834
28 0.836836 0.832487 0.017305 0.043993
28 0.819530 0.381557 0.017305 0.049069
18 0.679852 0.620135 0.024722 0.055838
29 0.775031 0.866328 0.039555 0.030457
28 0.420890 0.381557 0.018541 0.045685
29 0.359085 0.747885 0.038319 0.030457
18 0.766996 0.214890 0.023486 0.054146
18 0.673751 0.214890 0.023482 0.054146
32 0.852384 0.903261 0.051916 0.023694
8 0.914927 0.167002 0.038311 0.052455