37 0.047656 0.589216 0.051562 0.025490
14 0.692969 0.180392 0.023438 0.054902
37 0.095312 0.615686 0.025000 0.019608
21 0.587500 0.130392 0.018750 0.033333
35 0.653125 0.240196 0.015625 0.041176
14 0.405469 0.800000 0.023438 0.054902
14 0.646094 0.315686 0.023438 0.054902
28 0.887500 0.894118 0.025000 0.019608
14 0.200000 0.470588 0.025000 0.054902
14 0.645312 0.129412 0.021875 0.050980
29 0.339062 0.684314 0.043750 0.023529
14 0.749219 0.179412 0.023438 0.052941
35 0.414062 0.578431 0.015625 0.043137
35 0.701562 0.412745 0.015625 0.041176
28 0.887500 0.662745 0.025000 0.019608
35 0.245312 0.893137 0.015625 0.045098
28 0.820312 0.597059 0.028125 0.017647
35 0.133594 0.630392 0.014063 0.041176
21 0.536719 0.693137 0.026562 0.025490
35 0.536719 0.543137 0.017188 0.043137
14 0.694531 0.613725 0.020313 0.050980
37 0.939063 0.042157 0.053125 0.025490
18 0.749219 0.800980 0.023438 0.052941
35 0.653125 0.411765 0.015625 0.043137
31 0.857031 0.429412 0.042188 0.019608
37 0.937500 0.470588 0.053125 0.027451
29 0.820312 0.654902 0.025000 0.015686
14 0.236719 0.799020 0.023438 0.052941
18 0.750781 0.612745 0.020313 0.049020
29 0.819531 0.892157 0.026562 0.019608
28 0.093750 0.471569 0.012500 0.033333
37 0.939844 0.627451 0.054688 0.027451
29 0.887500 0.371569 0.025000 0.017647
29 0.095312 0.616667 0.025000 0.017647
14 0.291406 0.470588 0.023438 0.054902
35 0.702344 0.741176 0.014063 0.039216
35 0.701562 0.240196 0.015625 0.041176
35 0.337500 0.619608 0.015625 0.043137
18 0.646094 0.847059 0.023438 0.054902
18 0.217188 0.135294 0.025000 0.054902
14 0.692969 0.348039 0.023438 0.052941
35 0.653125 0.742157 0.015625 0.041176
18 0.406250 0.245098 0.025000 0.054902
35 0.757031 0.411765 0.014063 0.043137
28 0.888281 0.090196 0.026562 0.019608
28 0.888281 0.323529 0.026562 0.019608
35 0.819531 0.544118 0.014063 0.041176
37 0.042969 0.470588 0.045312 0.027451
14 0.750000 0.348039 0.021875 0.052941
35 0.653906 0.543137 0.017188 0.043137
35 0.414062 0.649020 0.015625 0.043137
28 0.338281 0.553922 0.026562 0.021569
28 0.375781 0.316667 0.014063 0.033333
37 0.053125 0.470588 0.043750 0.027451
14 0.461719 0.613725 0.023438 0.054902
21 0.338281 0.883333 0.026562 0.025490
35 0.414062 0.076471 0.015625 0.043137
29 0.889062 0.138235 0.025000 0.017647
28 0.133594 0.881373 0.026562 0.021569
14 0.646094 0.657843 0.023438 0.052941
35 0.760289 0.546954 0.017194 0.043143
35 0.760566 0.239184 0.017183 0.043141
21 0.537022 0.252174 0.026555 0.025490
35 0.518117 0.425420 0.017194 0.043134
35 0.702632 0.545429 0.017196 0.043136
21 0.821513 0.704774 0.026565 0.036349
21 0.820074 0.275850 0.026568 0.036361
35 0.177776 0.800446 0.036274 0.027330
35 0.134961 0.554535 0.015637 0.043142
35 0.389804 0.471686 0.036286 0.027327
18 0.274302 0.138322 0.025000 0.054892
21 0.586832 0.844780 0.026565 0.036355
35 0.414834 0.893953 0.014063 0.041164
18 0.692793 0.798323 0.023441 0.052938