32 0.364734 0.833333 0.012560 0.031609
32 0.338647 0.175287 0.008696 0.031609
32 0.363768 0.405172 0.010628 0.028736
28 0.734300 0.464799 0.021256 0.021552
29 0.087440 0.766523 0.024155 0.021552
28 0.619807 0.583333 0.012560 0.034483
32 0.314976 0.404454 0.009662 0.030172
32 0.697585 0.867098 0.011594 0.033046
29 0.206763 0.766523 0.025121 0.024425
21 0.435406 0.877123 0.030986 0.023916
32 0.565570 0.583161 0.017759 0.011772
32 0.123982 0.867967 0.011592 0.033045
21 0.387335 0.220646 0.031024 0.025239
21 0.209314 0.574697 0.031029 0.025242
21 0.256910 0.575273 0.031024 0.025254
21 0.166542 0.726238 0.021384 0.041777
21 0.435394 0.772201 0.031011 0.025244
37 0.053726 0.638967 0.052004 0.026572
32 0.123879 0.370168 0.008690 0.031605
21 0.781937 0.575093 0.031023 0.025245
37 0.052782 0.513494 0.051999 0.026548
32 0.124952 0.119759 0.008702 0.031605
32 0.853316 0.406919 0.010287 0.026416
21 0.698447 0.522297 0.031019 0.025248
32 0.208311 0.441246 0.009663 0.030178
29 0.208131 0.277022 0.025196 0.020279
32 0.650749 0.867550 0.011603 0.033044
21 0.698766 0.414320 0.031009 0.025245
21 0.782254 0.361046 0.031018 0.025250
32 0.316381 0.832808 0.011589 0.033050
21 0.639132 0.218479 0.031017 0.025239
21 0.637978 0.112887 0.031025 0.025237
37 0.950837 0.937839 0.052009 0.026567
18 0.345045 0.280961 0.036177 0.052797
32 0.852637 0.530147 0.010294 0.026409
32 0.698198 0.159450 0.008694 0.031615
18 0.308437 0.511875 0.036169 0.052802
18 0.369536 0.512360 0.036185 0.052805
14 0.368797 0.707401 0.036178 0.052809
14 0.644625 0.672920 0.036169 0.052806
32 0.435815 0.173349 0.008694 0.031607
14 0.691321 0.742843 0.036183 0.052803
32 0.470735 0.280756 0.017759 0.011768
18 0.847733 0.636295 0.036177 0.052808
37 0.948847 0.051292 0.051998 0.026570
18 0.691928 0.280688 0.036175 0.052806
14 0.846917 0.298994 0.036175 0.052795
21 0.167007 0.227915 0.017106 0.042614
32 0.542710 0.281564 0.017754 0.011762
37 0.951052 0.470481 0.052005 0.026546
21 0.386330 0.113970 0.031026 0.025240
37 0.052922 0.728548 0.052005 0.026559