29 0.800641 0.759259 0.021795 0.023148
29 0.142308 0.900463 0.023077 0.023148
28 0.487179 0.371528 0.023077 0.025463
32 0.083974 0.746528 0.014103 0.057870
32 0.717308 0.344907 0.034615 0.027778
28 0.176923 0.469907 0.012821 0.046296
29 0.349359 0.901620 0.021795 0.020833
32 0.580128 0.434028 0.032051 0.025463
32 0.201923 0.869213 0.014103 0.057870
28 0.260256 0.885417 0.023077 0.025463
29 0.259615 0.953704 0.021795 0.018519
32 0.615385 0.817130 0.015385 0.060185
32 0.143590 0.746528 0.015385 0.057870
29 0.437179 0.936343 0.023077 0.020833
29 0.073077 0.458333 0.023077 0.023148
29 0.958974 0.439815 0.023077 0.023148
32 0.350000 0.834491 0.015385 0.057870
32 0.500641 0.680556 0.032051 0.023148
32 0.438462 0.745370 0.015385 0.055556
28 0.800641 0.652778 0.026923 0.027778
29 0.899359 0.812500 0.024359 0.023148
32 0.716667 0.523148 0.033333 0.027778
32 0.143590 0.372685 0.015385 0.060185
29 0.614103 0.901620 0.023077 0.020833
28 0.756410 0.415509 0.012821 0.043981
32 0.835897 0.524306 0.035897 0.030093
32 0.226282 0.684028 0.032051 0.030093
28 0.073077 0.371528 0.023077 0.025463
28 0.437821 0.850694 0.024359 0.025463
8 0.033974 0.716435 0.042308 0.076389
11 0.958333 0.327546 0.029487 0.048611
32 0.201923 0.582176 0.014103 0.053241
29 0.201282 0.954861 0.023077 0.020833
32 0.309615 0.532407 0.016667 0.060185
14 0.485530 0.504141 0.037546 0.066996
14 0.613919 0.557897 0.037531 0.067006
14 0.899928 0.718449 0.037542 0.067001
18 0.683581 0.735810 0.037543 0.067002
18 0.545133 0.273382 0.037543 0.067014
18 0.899147 0.166896 0.037537 0.067000
14 0.682475 0.220791 0.037539 0.067001
14 0.309118 0.682004 0.037542 0.067017
14 0.397631 0.681388 0.037537 0.067029