28 0.370625 0.792553 0.026250 0.023404
28 0.371250 0.553191 0.025000 0.025532
35 0.555625 0.631915 0.016250 0.059574
14 0.535000 0.363830 0.020000 0.059574
29 0.086875 0.709574 0.031250 0.023404
28 0.110000 0.507447 0.015000 0.040426
37 0.054375 0.506383 0.048750 0.034043
14 0.520625 0.711702 0.018750 0.057447
28 0.797500 0.606383 0.025000 0.021277
28 0.622500 0.828723 0.025000 0.023404
35 0.555625 0.435106 0.016250 0.061702
35 0.429375 0.888298 0.016250 0.061702
35 0.423125 0.672340 0.033750 0.029787
37 0.931250 0.039362 0.050000 0.027660
28 0.182500 0.454255 0.025000 0.023404
31 0.875625 0.494681 0.033750 0.027660
18 0.466875 0.747872 0.018750 0.057447
37 0.054375 0.675532 0.048750 0.031915
28 0.718750 0.505319 0.012500 0.040426
35 0.472500 0.311702 0.017500 0.061702
35 0.670000 0.435106 0.017500 0.061702
37 0.933125 0.805319 0.048750 0.036170
28 0.621875 0.613830 0.026250 0.027660
28 0.230000 0.294681 0.022500 0.023404
35 0.087500 0.603191 0.015000 0.057447
35 0.749375 0.457447 0.018750 0.063830
18 0.743750 0.707447 0.020000 0.053191
35 0.369375 0.631915 0.016250 0.059574
29 0.230625 0.377660 0.031250 0.023404
35 0.846250 0.763830 0.015000 0.059574
18 0.236250 0.507447 0.020000 0.057447
14 0.743125 0.317021 0.021250 0.059574
14 0.311875 0.822340 0.021250 0.057447
37 0.932500 0.506383 0.052500 0.034043
18 0.325625 0.505319 0.018750 0.057447
35 0.243125 0.888298 0.016250 0.057447
28 0.621250 0.082979 0.025000 0.025532
35 0.528750 0.888298 0.017500 0.061702
35 0.281250 0.150000 0.017500 0.061702
28 0.183125 0.826596 0.026250 0.027660
35 0.796875 0.551064 0.013750 0.059574
35 0.578125 0.310638 0.016250 0.059574
37 0.933125 0.942553 0.051250 0.034043
28 0.421250 0.412766 0.015000 0.042553
35 0.319375 0.887234 0.016250 0.059574
28 0.846875 0.692553 0.026250 0.023404
28 0.182500 0.625532 0.025000 0.021277
14 0.250625 0.823404 0.021250 0.059574
35 0.370625 0.888298 0.016250 0.061702
29 0.846250 0.830851 0.032500 0.023404
14 0.662500 0.223404 0.022500 0.059574
35 0.153617 0.588348 0.033748 0.029777
35 0.154357 0.510670 0.033755 0.029803
35 0.280984 0.310158 0.017500 0.061714
35 0.424543 0.505656 0.033743 0.029784
35 0.573255 0.942986 0.033755 0.029791
35 0.707997 0.706153 0.033750 0.029787
35 0.872908 0.644760 0.033754 0.029789
35 0.872172 0.579582 0.033749 0.029783
35 0.752893 0.548246 0.018744 0.063813
35 0.702831 0.317676 0.033755 0.029777
35 0.577679 0.436729 0.017493 0.061700
35 0.529087 0.102135 0.017499 0.061700
21 0.184109 0.259759 0.025052 0.028703
21 0.472995 0.085948 0.025039 0.028741
21 0.472480 0.133808 0.025041 0.028706
21 0.282689 0.635333 0.019142 0.044656
18 0.663441 0.764409 0.019997 0.053198
18 0.519647 0.175647 0.019996 0.053197