35 0.209104 0.508750 0.014225 0.057500
18 0.714794 0.233750 0.018492 0.057500
15 0.771693 0.283750 0.018492 0.057500
37 0.943101 0.082500 0.045519 0.035000
37 0.943812 0.433750 0.044097 0.032500
29 0.139403 0.593750 0.034139 0.032500
21 0.316501 0.869377 0.035562 0.048755
37 0.943101 0.935000 0.045519 0.035000
28 0.174964 0.732500 0.011380 0.055000
28 0.893314 0.545000 0.028450 0.020000
28 0.209104 0.136250 0.028450 0.027500
37 0.061878 0.557500 0.046942 0.035000
29 0.438122 0.645000 0.034139 0.030000
35 0.536984 0.883750 0.015647 0.057500
35 0.721195 0.383750 0.014225 0.057500
35 0.665007 0.882500 0.015647 0.060000
28 0.208393 0.858750 0.029872 0.027500
14 0.330725 0.432500 0.018492 0.060000
29 0.140114 0.842500 0.032717 0.030000
14 0.359886 0.731250 0.019915 0.062500
37 0.060455 0.435000 0.046942 0.035000
28 0.622333 0.795000 0.027027 0.020000
35 0.778805 0.483750 0.012802 0.057500
29 0.251778 0.220000 0.031294 0.030000
35 0.337838 0.132500 0.015647 0.060000
28 0.253201 0.496250 0.028450 0.022500
21 0.536984 0.520000 0.021337 0.035000
14 0.714794 0.832500 0.021337 0.060000
35 0.537696 0.757500 0.014225 0.060000
37 0.061166 0.333750 0.045519 0.032500
18 0.827881 0.585000 0.019915 0.060000
28 0.108108 0.432500 0.017070 0.050000
35 0.778805 0.382500 0.012802 0.055000
35 0.438122 0.485000 0.014225 0.060000
28 0.579659 0.536250 0.029872 0.027500
28 0.437411 0.572500 0.029872 0.030000
35 0.665007 0.158750 0.015647 0.057500
35 0.891892 0.485000 0.014225 0.060000
14 0.657895 0.283750 0.018492 0.057500
35 0.834993 0.482500 0.014225 0.060000
14 0.827881 0.283750 0.017070 0.057500
28 0.253912 0.121250 0.027027 0.022500
35 0.366287 0.882500 0.015647 0.060000
14 0.401138 0.433750 0.019915 0.062500
35 0.721195 0.482500 0.014225 0.060000
37 0.061878 0.257500 0.046942 0.035000
35 0.394737 0.132500 0.015647 0.055000
29 0.891892 0.643750 0.031294 0.027500
28 0.479374 0.246250 0.028450 0.022500
35 0.835704 0.383750 0.015647 0.057500
28 0.253912 0.845000 0.027027 0.020000
18 0.657589 0.755659 0.019922 0.060011
18 0.529956 0.208034 0.019916 0.059989
20 0.772386 0.583958 0.019916 0.059987
21 0.537799 0.644118 0.021334 0.034995
35 0.496124 0.431573 0.036536 0.023493
35 0.282713 0.629981 0.036521 0.023459
35 0.182198 0.634335 0.036524 0.023452
35 0.281724 0.433315 0.036529 0.023449
35 0.181697 0.434195 0.036532 0.023459
35 0.182192 0.331507 0.036526 0.023480
35 0.182453 0.260533 0.036526 0.023482