35 0.463068 0.615520 0.030682 0.095238
28 0.462500 0.825397 0.052273 0.052910
37 0.911364 0.341270 0.029545 0.047619
21 0.165909 0.343034 0.036364 0.058201
37 0.912500 0.457672 0.029545 0.044092
14 0.644886 0.613757 0.071591 0.109347
21 0.314205 0.890653 0.037500 0.052910
37 0.067614 0.458554 0.028409 0.045855
28 0.782955 0.825397 0.052273 0.052910
37 0.067614 0.340388 0.028409 0.045855
21 0.314773 0.792769 0.038636 0.058201
7 0.447159 0.415344 0.071591 0.104056
35 0.574285 0.109033 0.066206 0.040063
35 0.713972 0.344619 0.066204 0.040045
35 0.574288 0.340844 0.066200 0.040038
35 0.642915 0.464927 0.030678 0.095225
35 0.313493 0.563923 0.030682 0.095223
28 0.226293 0.825830 0.052273 0.052911
7 0.446706 0.186729 0.071591 0.109362