18 0.458333 0.536082 0.031481 0.096220
37 0.902778 0.080756 0.072222 0.058419
35 0.802778 0.786942 0.024074 0.096220
35 0.218519 0.412371 0.022222 0.096220
29 0.395370 0.219931 0.020370 0.020619
28 0.217593 0.243986 0.035185 0.041237
37 0.902778 0.867698 0.072222 0.058419
21 0.601852 0.137457 0.025926 0.054983
28 0.758333 0.591065 0.016667 0.061856
35 0.712963 0.163230 0.022222 0.099656
37 0.099074 0.532646 0.072222 0.061856
35 0.513889 0.785223 0.024074 0.099656
28 0.513889 0.603093 0.035185 0.037801
28 0.758333 0.451890 0.024074 0.072165
29 0.802778 0.927835 0.053704 0.054983
14 0.702778 0.701031 0.031481 0.096220
37 0.125000 0.386598 0.050000 0.051546
35 0.314815 0.412371 0.022222 0.096220
37 0.100000 0.867698 0.074074 0.058419
28 0.263889 0.537801 0.016667 0.051546
28 0.802778 0.163230 0.035185 0.037801
37 0.902778 0.450172 0.072222 0.061856
35 0.359259 0.532646 0.051852 0.041237
21 0.601852 0.230241 0.025926 0.054983
29 0.801852 0.381443 0.051852 0.054983
35 0.602778 0.786942 0.024074 0.096220
18 0.702778 0.329897 0.031481 0.096220
35 0.560121 0.323932 0.051854 0.041233
35 0.558086 0.451774 0.051853 0.041226