35 0.509132 0.342292 0.059361 0.023715
14 0.303653 0.766304 0.050228 0.063043
37 0.061644 0.376087 0.031963 0.021739
28 0.624429 0.344565 0.029680 0.041304
28 0.147260 0.766304 0.029680 0.041304
28 0.640411 0.813043 0.029680 0.039130
37 0.061644 0.297826 0.027397 0.021739
37 0.939498 0.079348 0.029680 0.023913
37 0.938356 0.157609 0.031963 0.023913
35 0.452055 0.915217 0.027397 0.056522
28 0.523973 0.846739 0.025114 0.041304
35 0.319635 0.586957 0.027397 0.056522
28 0.737443 0.156522 0.027397 0.039130
28 0.507991 0.377174 0.025114 0.041304
35 0.320776 0.915217 0.029680 0.056522
35 0.205479 0.196739 0.027397 0.058696
35 0.434932 0.446739 0.029680 0.058696
35 0.302511 0.118478 0.029680 0.058696
37 0.938356 0.625000 0.031963 0.023913
28 0.132420 0.296739 0.027397 0.041304
37 0.939498 0.484783 0.034247 0.026087
37 0.060502 0.454348 0.029680 0.021739
28 0.755708 0.626087 0.027397 0.039130
35 0.222603 0.666304 0.029680 0.058696
14 0.285388 0.297826 0.050228 0.060870
14 0.416667 0.205435 0.047945 0.058696
37 0.726027 0.954348 0.031963 0.021739
35 0.304795 0.446739 0.029680 0.058696
35 0.526380 0.813102 0.059355 0.023707
35 0.450071 0.588924 0.029679 0.058698
35 0.435598 0.114648 0.029684 0.058696
14 0.430579 0.671854 0.050214 0.063036