14 0.528637 0.306361 0.052392 0.132494
8 0.466424 0.769659 0.059867 0.084025
32 0.358735 0.158965 0.037822 0.095224
29 0.222862 0.234569 0.050265 0.037431
29 0.116156 0.557833 0.050272 0.037412
29 0.467942 0.883298 0.050245 0.037443
29 0.683976 0.703158 0.050238 0.037389
29 0.846485 0.560446 0.050266 0.037422
37 0.134299 0.269921 0.050915 0.069976
37 0.562087 0.201351 0.043084 0.070076
37 0.563251 0.341281 0.042295 0.074239
37 0.870668 0.342845 0.071273 0.075310
8 0.223357 0.122557 0.056382 0.079349
8 0.114870 0.444190 0.055608 0.077260
32 0.846145 0.448908 0.037814 0.095240
28 0.709591 0.374697 0.027330 0.084024
28 0.305099 0.302725 0.021151 0.088488
32 0.168974 0.297859 0.072942 0.055456
32 0.547811 0.482491 0.037819 0.095247
32 0.358730 0.478293 0.037828 0.095233