28 0.715157 0.622472 0.060542 0.022373
28 0.382525 0.463447 0.022616 0.077807
14 0.578020 0.464413 0.048879 0.116700
32 0.714543 0.756625 0.036764 0.086374
32 0.596367 0.659740 0.036765 0.086368
32 0.482572 0.589716 0.036756 0.086371
32 0.595496 0.250077 0.036755 0.086366
32 0.479094 0.306160 0.036763 0.086371
8 0.123899 0.592409 0.053248 0.069966
37 0.882044 0.341785 0.046988 0.057424
37 0.177938 0.439418 0.037593 0.062663
8 0.667444 0.119353 0.054823 0.074134
29 0.120813 0.757420 0.046234 0.036868
29 0.667790 0.216856 0.046231 0.036863
29 0.477174 0.882732 0.046230 0.036870
28 0.741561 0.372608 0.018229 0.085585