4 0.262313 0.765659 0.104925 0.131749
29 0.505353 0.966523 0.094218 0.049676
4 0.663812 0.766739 0.111349 0.133909
37 0.571734 0.604752 0.021413 0.021598
37 0.570664 0.765659 0.023555 0.023758
37 0.571734 0.410367 0.017131 0.017279
37 0.849036 0.504320 0.040685 0.041037
4 0.663812 0.603672 0.107066 0.131749
0 0.665953 0.407127 0.102784 0.131749
37 0.506424 0.049676 0.040685 0.043197
2 0.259101 0.228942 0.102784 0.129590
0 0.664882 0.227862 0.104925 0.131749
37 0.098501 0.766739 0.038544 0.038877
37 0.129550 0.228942 0.014989 0.017279