32 0.661795 0.774631 0.025052 0.071429
14 0.650313 0.502463 0.031315 0.064039
32 0.272443 0.112069 0.022965 0.066502
8 0.035491 0.799261 0.070981 0.086207
28 0.093946 0.582512 0.020877 0.046798
32 0.662839 0.173645 0.022965 0.066502
32 0.966597 0.592365 0.025052 0.066502
28 0.822547 0.221675 0.020877 0.044335
32 0.273486 0.375616 0.025052 0.066502
28 0.794363 0.773399 0.039666 0.024631
32 0.273486 0.775862 0.025052 0.068966
29 0.964509 0.987685 0.037578 0.024631
32 0.035491 0.653941 0.025052 0.066502
30 0.961216 0.007892 0.076819 0.015784