28 0.271071 0.324786 0.027335 0.051282
28 0.586560 0.368946 0.025057 0.054131
28 0.613895 0.141026 0.038724 0.031339
29 0.297267 0.578348 0.034169 0.028490
28 0.586560 0.653846 0.025057 0.054131
29 0.857631 0.534188 0.034169 0.025641
14 0.506834 0.284900 0.052392 0.085470
28 0.272210 0.699430 0.025057 0.054131
29 0.612756 0.227920 0.036446 0.028490
11 0.858770 0.289174 0.041002 0.042735
37 0.190205 0.326211 0.020501 0.031339
14 0.501827 0.719723 0.052393 0.088325
35 0.369021 0.427350 0.027335 0.074074
37 0.188409 0.501885 0.020495 0.031331
37 0.658336 0.654763 0.020502 0.031339
37 0.654326 0.370329 0.020501 0.031346
35 0.370762 0.183604 0.027343 0.074067
35 0.529082 0.425451 0.027346 0.074075
35 0.368768 0.579588 0.027338 0.074077
35 0.369761 0.821438 0.027327 0.074088
35 0.528072 0.600892 0.027329 0.074085
35 0.777501 0.084586 0.067346 0.031400
37 0.188424 0.698652 0.020494 0.031345