29 0.860326 0.546556 0.055468 0.043524
8 0.191945 0.190966 0.061093 0.095021
32 0.339787 0.465586 0.042311 0.106524
32 0.338363 0.225566 0.042311 0.106539
29 0.686300 0.820067 0.052219 0.042050
32 0.543234 0.189253 0.042275 0.106518
29 0.191480 0.310619 0.053931 0.042283
29 0.336701 0.584816 0.052120 0.043337
37 0.091335 0.352689 0.045128 0.079790
29 0.540810 0.818972 0.050569 0.041339
29 0.074272 0.624289 0.053652 0.043330
32 0.132892 0.383637 0.071239 0.043517
32 0.541366 0.691734 0.042299 0.106527
32 0.542309 0.546381 0.042286 0.106531
37 0.556983 0.275355 0.043503 0.076200
37 0.889443 0.273829 0.069349 0.078023
8 0.862750 0.388341 0.063442 0.086672
28 0.716221 0.307700 0.025526 0.105039
28 0.278541 0.382091 0.027004 0.094343
28 0.686686 0.696733 0.061280 0.033064
14 0.522189 0.384097 0.060925 0.131652