28 0.833789 0.349020 0.020520 0.058824
14 0.771546 0.238235 0.030096 0.076471
37 0.931601 0.350980 0.032832 0.043137
32 0.199042 0.520588 0.023256 0.080392
14 0.707934 0.800000 0.028728 0.078431
28 0.145007 0.350000 0.019152 0.056863
29 0.340629 0.628431 0.038304 0.025490
37 0.062927 0.351961 0.032832 0.041176
14 0.599863 0.800000 0.031464 0.078431
32 0.591655 0.604902 0.034200 0.084314
18 0.770862 0.462745 0.028728 0.078431
14 0.707250 0.350980 0.027360 0.074510
32 0.591655 0.293137 0.025992 0.072549
32 0.889877 0.474510 0.025992 0.082353
32 0.340629 0.519608 0.024624 0.078431
4 0.329001 0.349020 0.031464 0.070588
29 0.716826 0.942157 0.038304 0.025490
29 0.779754 0.604902 0.038304 0.029412
32 0.342681 0.156863 0.034200 0.078431
29 0.591655 0.942157 0.039672 0.025490
29 0.199726 0.628431 0.038304 0.025490
32 0.199042 0.156863 0.025992 0.082353
29 0.889193 0.605882 0.038304 0.027451
37 0.078434 0.081543 0.030870 0.042777
37 0.592231 0.513757 0.026312 0.051489