37 0.933333 0.363757 0.088889 0.055556
8 0.698291 0.165344 0.063248 0.097884
8 0.077778 0.633598 0.063248 0.103175
7 0.512821 0.527778 0.047863 0.124339
37 0.918803 0.736772 0.090598 0.055556
32 0.804274 0.841270 0.039316 0.111111
28 0.365812 0.366402 0.017094 0.055556
32 0.282051 0.740741 0.064957 0.058201
3 0.511966 0.201058 0.049573 0.126984
28 0.712821 0.365079 0.017094 0.058201
29 0.803419 0.588624 0.041026 0.039683
29 0.532479 0.656085 0.039316 0.037037
32 0.804274 0.469577 0.039316 0.108466
32 0.477778 0.365079 0.066667 0.058201
29 0.078632 0.727513 0.041026 0.037037
29 0.803419 0.961640 0.041026 0.039683
29 0.697436 0.283069 0.037607 0.037037
32 0.282051 0.365079 0.068376 0.058201