29 0.674863 0.727273 0.034608 0.037618
32 0.260474 0.239812 0.032787 0.103448
32 0.260474 0.615987 0.032787 0.103448
32 0.674863 0.615987 0.034608 0.109718
29 0.260474 0.727273 0.032787 0.037618
29 0.040984 0.327586 0.034608 0.040752
37 0.112022 0.492163 0.023679 0.062696
3 0.762295 0.473354 0.041894 0.119122
32 0.350638 0.617555 0.030965 0.106583
28 0.854281 0.272727 0.032787 0.025078
37 0.538251 0.426332 0.023679 0.062696
29 0.777778 0.728840 0.036430 0.040752
32 0.777778 0.238245 0.032787 0.106583
32 0.442623 0.727273 0.032787 0.106583
8 0.041894 0.214734 0.054645 0.090909
32 0.674863 0.241379 0.034608 0.106583
32 0.777778 0.637931 0.032787 0.103448
32 0.351548 0.216301 0.032787 0.106583
28 0.441712 0.603448 0.030965 0.028213
7 0.335155 0.449843 0.040073 0.122257
28 0.597450 0.426332 0.014572 0.056426
37 0.478142 0.318182 0.081967 0.053292
37 0.904372 0.559561 0.078324 0.053292
29 0.351548 0.727273 0.032787 0.037618
28 0.183971 0.493730 0.014572 0.053292
32 0.855191 0.170846 0.030965 0.103448
37 0.442416 0.937828 0.036645 0.089930