8 0.037970 0.720879 0.075940 0.085215
32 0.652534 0.246817 0.088352 0.043860
32 0.722036 0.137803 0.043589 0.091467
32 0.175482 0.612736 0.090702 0.051384
32 0.512967 0.830217 0.043580 0.091476
28 0.548936 0.320001 0.085954 0.030171
37 0.547257 0.506777 0.067503 0.068176
3 0.488594 0.610328 0.067662 0.081718
37 0.752098 0.037171 0.074985 0.074341
28 0.312129 0.608868 0.029245 0.082678
32 0.448168 0.241812 0.094237 0.048886
29 0.925947 0.615496 0.064205 0.037461
29 0.550116 0.432692 0.062935 0.036763
29 0.720409 0.980265 0.062035 0.039470
29 0.035316 0.872415 0.064740 0.039881
14 0.695205 0.715372 0.073133 0.140064
29 0.515559 0.980991 0.062689 0.038017
28 0.822741 0.316115 0.031990 0.082689
32 0.928780 0.459279 0.043576 0.091493