2 0.104864 0.136364 0.040670 0.103896
36 0.866029 0.376623 0.015949 0.022727
37 0.952951 0.490260 0.015949 0.032468
37 0.374402 0.758929 0.015152 0.034091
37 0.055024 0.759740 0.015949 0.032468
30 0.706539 0.059253 0.022329 0.021104
0 0.903509 0.381494 0.041467 0.103896
4 0.743222 0.759740 0.041467 0.103896
0 0.583732 0.219156 0.041467 0.103896
36 0.282297 0.592532 0.015949 0.022727
2 0.423445 0.137987 0.039872 0.103896
36 0.281499 0.133117 0.015949 0.022727
36 0.440989 0.834416 0.014354 0.022727
37 0.533892 0.219156 0.015152 0.032468
0 0.743620 0.138799 0.040670 0.105519
37 0.793860 0.489448 0.015152 0.034091
37 0.693381 0.759740 0.015152 0.032468
37 0.633971 0.489448 0.015949 0.034091
6 0.582935 0.597403 0.039872 0.107143
37 0.474083 0.489448 0.015152 0.030844
36 0.760766 0.376623 0.015949 0.022727
6 0.423445 0.597403 0.039872 0.103896
37 0.155901 0.489448 0.015152 0.034091
36 0.759968 0.834416 0.015949 0.022727
2 0.263955 0.379058 0.039872 0.105519
2 0.688596 0.138799 0.039075 0.105519
6 0.104864 0.596591 0.039075 0.105519
4 0.423844 0.759740 0.040670 0.103896
6 0.583333 0.840909 0.040670 0.107143
36 0.600877 0.133929 0.016746 0.024351
6 0.264354 0.840097 0.040670 0.105519
0 0.264354 0.219156 0.040670 0.103896
6 0.849282 0.841721 0.041467 0.108766
29 0.520734 0.968344 0.036683 0.040584
30 0.439793 0.059253 0.018341 0.024351
2 0.423445 0.378247 0.039872 0.103896
4 0.743620 0.596591 0.040670 0.105519
36 0.706938 0.592532 0.015152 0.022727
36 0.120813 0.834416 0.015152 0.022727
37 0.852871 0.219156 0.015152 0.032468
36 0.708134 0.376623 0.015949 0.022727
4 0.104864 0.759740 0.040670 0.103896
0 0.902711 0.217532 0.041467 0.103896
4 0.903110 0.840097 0.042265 0.108766
36 0.121611 0.377435 0.015152 0.024351
37 0.214912 0.219968 0.015152 0.030844
2 0.583333 0.379058 0.039075 0.105519
30 0.121611 0.058442 0.018341 0.022727
37 0.314992 0.489448 0.015949 0.034091
37 0.070971 0.379214 0.015148 0.030850
37 0.070970 0.601503 0.015154 0.030843
37 0.074247 0.839333 0.015149 0.030842
37 0.068790 0.928237 0.015148 0.030846
37 0.069332 0.138041 0.015148 0.030840