32 0.798981 0.650739 0.025862 0.072810
29 0.492163 0.359499 0.026646 0.025028
32 0.455721 0.474403 0.046238 0.036405
18 0.391850 0.228669 0.040752 0.095563
28 0.186912 0.705347 0.025862 0.015927
32 0.408307 0.344710 0.026646 0.072810
8 0.945533 0.205347 0.046238 0.067122
32 0.491771 0.282139 0.025862 0.068259
28 0.143809 0.428896 0.011755 0.036405
32 0.798981 0.481229 0.025862 0.070535
29 0.798589 0.911832 0.028213 0.023891
29 0.186129 0.775313 0.027429 0.023891
32 0.454937 0.121160 0.044671 0.037543
37 0.603448 0.475540 0.018809 0.040956
32 0.498433 0.659272 0.048589 0.037543
31 0.184169 0.588737 0.021944 0.080774
32 0.682210 0.559158 0.024295 0.069397
29 0.586991 0.253129 0.026646 0.023891
32 0.682994 0.436291 0.024295 0.067122
31 0.528997 0.471559 0.057994 0.035267
32 0.845611 0.120592 0.047022 0.036405
28 0.735502 0.565415 0.024295 0.018203
32 0.312696 0.311718 0.025078 0.070535
18 0.697492 0.721843 0.040752 0.101251
28 0.492163 0.182594 0.025078 0.017065
28 0.587774 0.182594 0.025078 0.017065
32 0.312304 0.175199 0.024295 0.068259
32 0.797806 0.788396 0.025078 0.070535
32 0.186912 0.496587 0.025862 0.067122
14 0.296238 0.428896 0.039185 0.100114
28 0.914185 0.689420 0.025862 0.018203
31 0.360893 0.116610 0.058777 0.032992
28 0.851881 0.780432 0.025078 0.018203
29 0.027429 0.591013 0.026646 0.023891
29 0.681818 0.849829 0.029781 0.025028
32 0.233934 0.427759 0.047806 0.036405
37 0.946317 0.299204 0.025862 0.025028
29 0.735326 0.637220 0.029784 0.025030
31 0.541888 0.123870 0.056041 0.031219
8 0.026948 0.497501 0.046240 0.067125