28 0.243734 0.382075 0.016291 0.047170
28 0.384085 0.514151 0.018797 0.047170
32 0.305764 0.709434 0.020050 0.056604
28 0.508772 0.551887 0.020050 0.043396
14 0.291980 0.552830 0.040100 0.094340
14 0.667293 0.554717 0.038847 0.090566
28 0.120301 0.551887 0.022556 0.043396
32 0.172932 0.709434 0.020050 0.060377
32 0.857769 0.541509 0.021303 0.056604
37 0.033835 0.550000 0.010025 0.013208
21 0.619674 0.446226 0.026316 0.047170
29 0.471805 0.883962 0.021303 0.028302
37 0.472395 0.108189 0.013368 0.023261
28 0.770677 0.499057 0.020050 0.043396
32 0.681704 0.342453 0.022556 0.066038
32 0.242481 0.432075 0.041353 0.026415
32 0.305764 0.302830 0.022556 0.066038
32 0.428571 0.550943 0.022556 0.056604
37 0.933338 0.536728 0.006685 0.012582