29 0.224074 0.455556 0.055556 0.037037
29 0.305556 0.411111 0.051852 0.041975
28 0.637963 0.413580 0.027778 0.086420
32 0.307407 0.712346 0.033333 0.096296
32 0.753704 0.600000 0.037037 0.103704
8 0.222222 0.339506 0.062963 0.086420
32 0.530556 0.748148 0.035185 0.098765
14 0.508333 0.600000 0.061111 0.133333
32 0.307407 0.524691 0.033333 0.096296
29 0.753704 0.716049 0.051852 0.039506
14 0.510185 0.262963 0.061111 0.135802
37 0.555303 0.863439 0.049602 0.065161
37 0.551293 0.083507 0.051069 0.074906