32 0.586111 0.188889 0.031481 0.091358
32 0.223148 0.672840 0.035185 0.091358
14 0.564815 0.328395 0.055556 0.123457
32 0.379630 0.187654 0.033333 0.088889
14 0.359259 0.432099 0.055556 0.123457
32 0.224074 0.290123 0.033333 0.091358
32 0.584259 0.675309 0.035185 0.096296
28 0.481481 0.566667 0.022222 0.081481
29 0.378704 0.885185 0.050000 0.037037
32 0.378704 0.670370 0.035185 0.091358
28 0.121296 0.637037 0.061111 0.029630
8 0.818519 0.120988 0.059259 0.079012
29 0.818519 0.230864 0.051852 0.037037
37 0.414983 0.538212 0.083657 0.077827
37 0.261307 0.400978 0.084574 0.066544