32 0.574074 0.560494 0.025926 0.074074
8 0.113889 0.346914 0.046296 0.061728
8 0.274074 0.639506 0.044444 0.059259
32 0.854630 0.453086 0.027778 0.071605
28 0.734259 0.187654 0.046296 0.024691
28 0.335185 0.533333 0.018519 0.064198
32 0.434259 0.693827 0.027778 0.074074
28 0.793519 0.320988 0.016667 0.064198
14 0.558333 0.401235 0.042593 0.096296
28 0.714815 0.775309 0.048148 0.024691
32 0.574074 0.722222 0.025926 0.071605
32 0.574074 0.213580 0.025926 0.071605
32 0.434259 0.213580 0.027778 0.071605
29 0.113704 0.883215 0.038520 0.031727