14 0.635185 0.211111 0.059259 0.135802
8 0.149100 0.285094 0.062976 0.081494
8 0.346296 0.587654 0.062963 0.083951
32 0.829630 0.551852 0.033333 0.096296
32 0.517593 0.133333 0.035185 0.093827
21 0.516667 0.606173 0.037037 0.046914
18 0.636111 0.738272 0.057407 0.133333
32 0.658333 0.361728 0.035185 0.101235
32 0.658333 0.588889 0.035185 0.101235
29 0.262037 0.707407 0.053704 0.041975
32 0.517593 0.813580 0.035185 0.096296
29 0.829892 0.671066 0.053703 0.041968
21 0.518808 0.343988 0.037050 0.046936
8 0.149457 0.624708 0.062974 0.081480