0 0.444260 0.204082 0.073211 0.100186
36 0.415973 0.611317 0.033278 0.024119
12 0.232113 0.203154 0.108153 0.124304
37 0.935940 0.512059 0.028286 0.029685
4 0.259567 0.615028 0.073211 0.102041
0 0.757072 0.204082 0.069884 0.100186
37 0.658902 0.821892 0.026622 0.029685
4 0.756240 0.821892 0.071547 0.100186
37 0.507488 0.063080 0.026622 0.029685
4 0.755408 0.614100 0.069884 0.100186
4 0.260399 0.821892 0.071547 0.100186
0 0.756240 0.409091 0.071547 0.098330
0 0.444260 0.408163 0.073211 0.100186
29 0.509151 0.971243 0.063228 0.038961
12 0.415973 0.820965 0.103161 0.116883