29 0.826897 0.622472 0.046748 0.047191
37 0.472900 0.103933 0.014905 0.023596
29 0.471883 0.932584 0.046748 0.047191
28 0.679539 0.371348 0.020325 0.082022
14 0.449864 0.496067 0.109756 0.176404
32 0.317412 0.336517 0.026423 0.088764
29 0.317073 0.783146 0.047425 0.049438
32 0.826220 0.495506 0.025068 0.087640
32 0.472900 0.251124 0.025745 0.091011
32 0.471883 0.653371 0.026423 0.088764
28 0.601626 0.819101 0.052846 0.040449
37 0.149051 0.500562 0.013550 0.023596
32 0.316396 0.630899 0.027100 0.088764
29 0.602304 0.932584 0.047425 0.047191
28 0.204946 0.500562 0.026423 0.086517
32 0.471206 0.805618 0.025068 0.087640