32 0.548148 0.748148 0.025926 0.074074
32 0.731481 0.501235 0.029630 0.074074
32 0.466667 0.445679 0.029630 0.071605
32 0.466667 0.638272 0.025926 0.071605
37 0.548148 0.062963 0.037037 0.032099
29 0.508333 0.888889 0.038889 0.029630
28 0.650000 0.393827 0.018519 0.061728
7 0.533333 0.555556 0.037037 0.069136
28 0.405556 0.558025 0.018519 0.064198
8 0.549074 0.149383 0.046296 0.061728
32 0.303704 0.556790 0.051852 0.037037
8 0.241667 0.665432 0.046296 0.061728
28 0.650000 0.664198 0.018519 0.064198
32 0.549074 0.311111 0.027778 0.074074
37 0.749127 0.370705 0.041333 0.056628
37 0.229716 0.534270 0.029363 0.055828