28 0.123276 0.464664 0.022414 0.109541
14 0.291379 0.469965 0.072414 0.141343
32 0.676724 0.719081 0.032759 0.109541
32 0.676724 0.213781 0.029310 0.102473
28 0.807759 0.713781 0.053448 0.049470
28 0.436207 0.713781 0.055172 0.049470
29 0.562069 0.918728 0.041379 0.049470
37 0.763793 0.063604 0.017241 0.035336
29 0.189655 0.918728 0.041379 0.049470
29 0.677586 0.920495 0.041379 0.045936
32 0.307759 0.213781 0.029310 0.102473
32 0.189655 0.212014 0.031034 0.106007
37 0.871552 0.358657 0.015517 0.031802
28 0.794828 0.358657 0.020690 0.102473
37 0.062069 0.468198 0.013793 0.031802
32 0.307759 0.717314 0.032759 0.106007
32 0.189655 0.719081 0.031034 0.102473
28 0.419828 0.360424 0.022414 0.106007
32 0.561207 0.720848 0.032759 0.106007
29 0.307759 0.920495 0.039655 0.045936
32 0.562069 0.213781 0.031034 0.102473
14 0.660479 0.468470 0.072420 0.141330