32 0.376953 0.701599 0.023438 0.092362
32 0.377441 0.289520 0.026367 0.103020
32 0.525391 0.932504 0.050781 0.046181
32 0.254395 0.291297 0.028320 0.095915
29 0.376465 0.818828 0.047852 0.046181
32 0.254883 0.708703 0.025391 0.095915
28 0.662598 0.395204 0.018555 0.087034
14 0.360352 0.507993 0.044922 0.131439
28 0.500000 0.396092 0.017578 0.085258
32 0.580566 0.523091 0.026367 0.094139
28 0.477539 0.700710 0.048828 0.033748
29 0.254883 0.818828 0.048828 0.046181
29 0.580078 0.633215 0.046875 0.047957
30 0.377556 0.155855 0.028716 0.029839
30 0.254511 0.157133 0.028717 0.029853