14 0.685693 0.469267 0.074581 0.182033
29 0.609589 0.105201 0.062405 0.054374
37 0.891172 0.365248 0.019787 0.026005
37 0.261796 0.731678 0.018265 0.030733
37 0.612633 0.734043 0.016743 0.030733
14 0.820396 0.257683 0.073059 0.184397
14 0.140791 0.736407 0.071537 0.186761
32 0.507610 0.151300 0.041096 0.127660
14 0.535769 0.737589 0.073059 0.189125
32 0.370624 0.361702 0.041096 0.132388
32 0.711568 0.840426 0.047184 0.130024
37 0.754186 0.682033 0.019787 0.026005
32 0.439117 0.964539 0.041096 0.070922
32 0.848554 0.839243 0.044140 0.132388
37 0.057078 0.737589 0.019787 0.028369
14 0.343988 0.737589 0.073059 0.184397